2 0.2821666666666667 0.6274629629629629 0.005317708333333334 0.008537037037037037
1 0.22043229166666667 0.6502592592592592 0.05851041666666667 0.09871296296296296
0 0.14366145833333333 0.5936203703703704 0.060000000000000005 0.13648148148148148
0 0.18521354166666668 0.6648425925925926 0.067078125 0.19544444444444445
0 0.24838541666666666 0.6128333333333333 0.052546875 0.1351574074074074
0 0.30130208333333336 0.5959351851851852 0.031677083333333335 0.15701851851851853
0 0.31248437500000004 0.5916296296296296 0.06894270833333334 0.1550277777777778
0 0.37247916666666664 0.5644629629629629 0.05180208333333333 0.106
0 0.514765625 0.5391574074074074 0.0555 0.10567592592592592
3 0.680578125 0.47733333333333333 0.011484375 0.03427777777777778
0 0.6850885416666667 0.5013981481481481 0.021333333333333333 0.06563888888888889
0 0.6771927083333333 0.5314814814814814 0.037947916666666665 0.07694444444444444
0 0.6698072916666666 0.5513518518518519 0.051895833333333335 0.10283333333333333
1 0.8111458333333333 0.49843518518518515 0.019338541666666667 0.034379629629629635