1 0.234870 0.645722 0.056052 0.153000
2 0.486385 0.565546 0.002849 0.009630
0 0.280146 0.574556 0.048734 0.132787
0 0.314615 0.607546 0.040870 0.153657
0 0.359651 0.628000 0.082557 0.183722
3 0.300760 0.798370 0.093948 0.354083
0 0.438688 0.557648 0.048734 0.113991
0 0.466286 0.549713 0.034172 0.104806
0 0.504865 0.531963 0.043687 0.082676
0 0.525651 0.579981 0.057073 0.134454
0 0.631052 0.508583 0.031828 0.088519
0 0.711208 0.542204 0.036396 0.126778
0 0.874083 0.531593 0.030484 0.118898
1 0.807828 0.494083 0.018766 0.040241
3 0.749255 0.500852 0.014901 0.067130
