1 0.35329166666666667 0.5935648148148148 0.046223958333333336 0.1587222222222222
1 0.816453125 0.5066759259259259 0.024583333333333336 0.020759259259259262
0 0.8875885416666667 0.518425925925926 0.029807291666666666 0.07866666666666666
0 0.8524062499999999 0.5106388888888889 0.03810416666666667 0.061453703703703705
0 0.8294374999999999 0.4920648148148148 0.009984375 0.05216666666666667
0 0.8398072916666667 0.4897407407407407 0.011369791666666665 0.05845370370370371
0 0.8120729166666667 0.5002592592592592 0.013979166666666666 0.06855555555555556
0 0.7615572916666667 0.4911666666666667 0.008244791666666666 0.06192592592592592
0 0.7709322916666667 0.49721296296296297 0.012572916666666666 0.05715740740740741
0 0.7879375 0.5166388888888889 0.031739583333333335 0.08866666666666667
0 0.7508385416666666 0.5078425925925926 0.018135416666666668 0.07767592592592593
0 0.6882864583333334 0.4973981481481482 0.022880208333333332 0.06192592592592592
3 0.7151822916666667 0.4821944444444444 0.013604166666666667 0.0600925925925926
3 0.7331145833333333 0.536425925925926 0.025557291666666666 0.10332407407407408