3 0.06969270833333334 0.8328888888888889 0.12152604166666667 0.33421296296296293
3 0.6264895833333333 0.4889814814814815 0.03571354166666666 0.08553703703703704
2 0.4130572916666667 0.5706203703703704 0.0027552083333333335 0.009046296296296295
1 0.231078125 0.631074074074074 0.05875 0.12996296296296297
1 0.8139270833333333 0.4989351851851852 0.018994791666666667 0.04231481481481482
0 0.7050677083333333 0.5063981481481481 0.027385416666666666 0.07187962962962963
0 0.7556822916666667 0.5831574074074074 0.04577083333333333 0.1700648148148148
0 0.5530989583333333 0.5255462962962963 0.035708333333333335 0.09975
0 0.4668802083333333 0.5870462962962962 0.056916666666666664 0.12576851851851853
0 0.4137395833333333 0.5425092592592592 0.022661458333333332 0.08775925925925926
0 0.38234375000000004 0.5361574074074074 0.03958854166666667 0.0635462962962963
0 0.33650520833333336 0.5529351851851851 0.024869791666666665 0.09303703703703704
0 0.377625 0.6265833333333334 0.07689583333333333 0.16817592592592592
0 0.3230052083333333 0.6021666666666667 0.040890625 0.12151851851851853
0 0.28280208333333334 0.65425 0.047453125 0.20939814814814817