3 0.191146 0.764815 0.080208 0.312963
1 0.249479 0.645370 0.051042 0.150000
0 0.322135 0.571759 0.039062 0.137963
0 0.366927 0.569907 0.045312 0.117593
0 0.500260 0.615278 0.067187 0.169444
0 0.543750 0.570370 0.046875 0.133333
2 0.595833 0.523611 0.004167 0.008333
0 0.561198 0.504167 0.014063 0.062037
0 0.588542 0.537963 0.061458 0.116667
3 0.730729 0.485648 0.016667 0.065741
0 0.764062 0.538889 0.043750 0.105556
0 0.782813 0.498611 0.020833 0.067593
1 0.814844 0.496296 0.017188 0.044444
0 0.935677 0.532870 0.048438 0.112037
0 0.590868 0.504823 0.022604 0.061093
