3 0.243359375 0.6981666666666666 0.058859375000000005 0.2730648148148148
1 0.2518489583333333 0.6469537037037038 0.053197916666666664 0.11148148148148149
0 0.52034375 0.5484166666666667 0.030494791666666667 0.12275
0 0.5560208333333333 0.5551111111111111 0.03702604166666667 0.11244444444444444
2 0.7628072916666666 0.5202777777777777 0.003796875 0.010240740740740741
0 0.640375 0.5209722222222222 0.03155729166666667 0.09684259259259259
0 0.6949114583333333 0.49141666666666667 0.029854166666666668 0.06564814814814815
0 0.7003125 0.6069907407407407 0.07640625 0.18226851851851852
0 0.7522656249999999 0.5429166666666667 0.04242708333333333 0.10859259259259259
0 0.94578125 0.5311111111111111 0.030791666666666665 0.11017592592592593
0 0.90078125 0.5010462962962963 0.024473958333333334 0.07952777777777778
0 0.8540052083333334 0.5368333333333333 0.031182291666666664 0.11742592592592592
0 0.8099947916666667 0.6754351851851852 0.075 0.23555555555555557
3 0.7574583333333333 0.48582407407407413 0.015005208333333332 0.05694444444444444
1 0.8105729166666666 0.4973611111111111 0.015901041666666667 0.039203703703703706