3 0.723432 0.487139 0.015906 0.052954
2 0.582740 0.558352 0.007521 0.014398
0 0.597521 0.522306 0.007615 0.048343
1 0.812500 0.496633 0.015152 0.037037
1 0.242424 0.643098 0.045455 0.114478
0 0.804924 0.516835 0.018939 0.057239
0 0.832386 0.521886 0.032197 0.094276
0 0.748106 0.498316 0.022727 0.074074
0 0.653409 0.496633 0.026515 0.077441
0 0.607955 0.518519 0.022727 0.074074
0 0.620265 0.597643 0.054924 0.144781
0 0.539773 0.521886 0.030303 0.080808
0 0.566288 0.570707 0.034091 0.104377
0 0.445076 0.531987 0.049242 0.080808
3 0.395833 0.715488 0.083333 0.272727
