3 0.103646 0.835185 0.111458 0.329630
3 0.721094 0.494907 0.017188 0.086111
1 0.810127 0.492765 0.021700 0.046624
1 0.223779 0.654341 0.051537 0.131833
2 0.335895 0.591640 0.009946 0.016077
0 0.324593 0.565113 0.041591 0.094855
0 0.281646 0.584405 0.046112 0.120579
0 0.310127 0.625402 0.057866 0.160772
0 0.387884 0.608521 0.066908 0.139871
0 0.594937 0.528135 0.039783 0.088424
0 0.528029 0.544212 0.041591 0.081994
0 0.560127 0.648714 0.091320 0.197749
0 0.691682 0.569132 0.045208 0.151125
0 0.884268 0.536977 0.039783 0.118971
0 0.815099 0.627010 0.076854 0.189711
