2 0.22061458333333334 0.6351944444444444 0.005645833333333333 0.01425925925925926
0 0.21155208333333334 0.5770833333333333 0.017234375000000003 0.10828703703703704
3 0.20516666666666666 0.5931944444444445 0.04070833333333333 0.13839814814814816
1 0.2313125 0.60825 0.028822916666666667 0.1526574074074074
0 0.34303125 0.5575462962962963 0.023473958333333333 0.10512037037037038
0 0.33619791666666665 0.6235740740740741 0.04367708333333333 0.1663888888888889
0 0.41969270833333333 0.5630925925925926 0.054375 0.1288888888888889
0 0.42028645833333333 0.5897685185185185 0.06031770833333334 0.15582407407407406
0 0.5036302083333334 0.5168703703703704 0.03268229166666667 0.07764814814814815
0 0.612390625 0.5255277777777778 0.032671874999999996 0.10556481481481482
3 0.6957916666666667 0.480787037037037 0.01838020833333333 0.04092592592592593
0 0.6939427083333333 0.4975462962962963 0.03249479166666667 0.06501851851851852
1 0.8098854166666667 0.49615740740740744 0.01353125 0.037175925925925925
0 0.8122708333333333 0.5084537037037037 0.02783333333333333 0.07873148148148149
0 0.9080677083333334 0.5184351851851852 0.022296875 0.09486111111111112