0 0.373776 0.610833 0.050958 0.159194
3 0.577359 0.614796 0.064318 0.181185
2 0.643109 0.515889 0.002135 0.005259
0 0.568849 0.539917 0.035526 0.085769
0 0.589641 0.513537 0.032703 0.083972
0 0.603974 0.500620 0.009286 0.061009
0 0.615177 0.528972 0.037750 0.108380
0 0.635062 0.499185 0.021396 0.057417
0 0.656458 0.495593 0.016552 0.061009
3 0.709146 0.485370 0.016552 0.054907
0 0.751792 0.495028 0.017495 0.060509
0 0.788005 0.504389 0.017083 0.071046
1 0.807453 0.497343 0.019068 0.040676
1 0.224684 0.651125 0.049729 0.102894
0 0.454340 0.537781 0.037071 0.120579
