2 0.16749479166666664 0.892287037037037 0.009239583333333332 0.017925925925925925
0 0.13941666666666666 0.656712962962963 0.041239583333333336 0.24036111111111108
1 0.216390625 0.6665000000000001 0.030697916666666665 0.11747222222222223
0 0.183703125 0.7760648148148148 0.07357812500000001 0.33825
0 0.2706354166666667 0.7256574074074075 0.09560416666666667 0.2141111111111111
0 0.246796875 0.5994814814814815 0.032135416666666666 0.11762962962962964
0 0.27897916666666667 0.6270370370370371 0.059229166666666666 0.10986111111111112
0 0.31168229166666667 0.584861111111111 0.042687499999999996 0.13605555555555554
0 0.37219270833333334 0.5825833333333333 0.04106770833333333 0.15075925925925926
0 0.4878854166666667 0.5363333333333333 0.03824479166666667 0.11003703703703704
0 0.6209895833333333 0.6141666666666666 0.070453125 0.2308148148148148
0 0.8926145833333333 0.5434259259259259 0.050203125 0.1385648148148148
3 0.7009010416666667 0.49689814814814814 0.02296875 0.0843425925925926
1 0.8073958333333333 0.4948888888888889 0.021338541666666665 0.045518518518518514