3 0.060266 0.774694 0.099703 0.265435
1 0.230781 0.657407 0.052333 0.120815
0 0.273531 0.596991 0.060901 0.125694
0 0.281443 0.620694 0.049203 0.164537
0 0.333396 0.590259 0.042318 0.148944
0 0.367630 0.648519 0.064682 0.191454
0 0.448318 0.569083 0.071911 0.142370
0 0.487667 0.544389 0.032599 0.111630
0 0.560818 0.519157 0.037417 0.106056
0 0.644578 0.701444 0.107464 0.274611
0 0.679531 0.555380 0.051932 0.135889
3 0.668349 0.503889 0.019974 0.074102
0 0.723667 0.535194 0.031448 0.112444
1 0.808094 0.498583 0.019359 0.040472
