0 0.7114583333333333 0.4675925925925926 0.7098958333333333 0.49907407407407406 0.7130208333333333 0.5212962962962963 0.7197916666666667 0.4824074074074074 0.7161458333333334 0.47129629629629627 0.7135416666666666 0.4666666666666667
0 0.6708333333333333 0.48055555555555557 0.6703125 0.49722222222222223 0.6729166666666667 0.5166666666666667 0.671875 0.5259259259259259 0.6802083333333333 0.5185185185185185 0.6770833333333334 0.5092592592592593 0.6796875 0.5009259259259259 0.6796875 0.4888888888888889 0.675 0.47129629629629627
0 0.7265625 0.4740740740740741 0.7244791666666667 0.48703703703703705 0.7270833333333333 0.5101851851851852 0.7265625 0.5203703703703704 0.7307291666666667 0.5416666666666666 0.7354166666666667 0.5435185185185185 0.7359375 0.5324074074074074 0.7333333333333333 0.5222222222222223 0.7333333333333333 0.5148148148148148 0.7390625 0.5 0.7390625 0.4935185185185185 0.7375 0.48703703703703705 0.7328125 0.48055555555555557 0.7307291666666667 0.47129629629629627
0 0.6354166666666666 0.5555555555555556 0.6328125 0.5638888888888889 0.6369791666666667 0.5638888888888889 0.6411458333333333 0.5574074074074075 0.6463541666666667 0.5574074074074075 0.6520833333333333 0.5666666666666667 0.6526041666666667 0.575925925925926 0.6494791666666667 0.5833333333333334 0.6421875 0.6296296296296297 0.64375 0.6324074074074074 0.6479166666666667 0.6324074074074074 0.6510416666666666 0.6064814814814815 0.6572916666666667 0.5944444444444444 0.6625 0.5916666666666667 0.6682291666666667 0.612037037037037 0.6692708333333334 0.6296296296296297 0.6739583333333333 0.6305555555555555 0.671875 0.6055555555555555 0.66875 0.5953703703703703 0.66875 0.5740740740740741 0.6697916666666667 0.5685185185185185 0.6744791666666666 0.5731481481481482 0.6755208333333333 0.5694444444444444 0.6682291666666667 0.5481481481481482 0.6625 0.5388888888888889 0.6567708333333333 0.5370370370370371 0.6536458333333334 0.5259259259259259 0.6515625 0.5277777777777778 0.6510416666666666 0.5370370370370371 0.6484375 0.5444444444444444 0.6416666666666667 0.5527777777777778
2 0.6410640625 0.5643111111111111 0.6405432291666667 0.5707925925925926 0.6447098958333334 0.5707925925925926 0.6447098958333334 0.5643111111111111
0 0.65 0.4981481481481482 0.6515625 0.5259259259259259 0.6552083333333333 0.5351851851851852 0.6619791666666667 0.5388888888888889 0.6640625 0.5324074074074074 0.6625 0.5148148148148148 0.6541666666666667 0.4981481481481482
0 0.4505208333333333 0.5462962962962963 0.45260416666666664 0.5648148148148148 0.4552083333333333 0.5685185185185185 0.4552083333333333 0.575925925925926 0.4505208333333333 0.587037037037037 0.4484375 0.5981481481481481 0.45208333333333334 0.6055555555555555 0.4609375 0.6074074074074074 0.4625 0.6046296296296296 0.4583333333333333 0.5981481481481481 0.4583333333333333 0.5944444444444444 0.4625 0.5777777777777777 0.46458333333333335 0.549074074074074 0.46875 0.5342592592592592 0.46875 0.5287037037037037 0.4744791666666667 0.5138888888888888 0.4734375 0.5074074074074074 0.46875 0.5074074074074074 0.465625 0.5166666666666667 0.45625 0.5305555555555556
0 0.76875 0.47314814814814815 0.7666666666666667 0.4842592592592593 0.7645833333333333 0.48703703703703705 0.7645833333333333 0.49722222222222223 0.76875 0.5101851851851852 0.7682291666666666 0.5222222222222223 0.7723958333333333 0.5231481481481481 0.7677083333333333 0.5287037037037037 0.7677083333333333 0.5351851851851852 0.775 0.5166666666666667 0.7822916666666667 0.5212962962962963 0.7807291666666667 0.5185185185185185 0.7822916666666667 0.5166666666666667 0.78125 0.5138888888888888 0.7760416666666666 0.5064814814814815 0.7776041666666667 0.4898148148148148 0.7739583333333333 0.4824074074074074 0.7729166666666667 0.4740740740740741
1 0.21828020833333334 0.6923148148148148 0.22407708333333334 0.7045175925925926 0.24055104166666666 0.702348148148148 0.24427083333333333 0.649074074074074 0.2509234375 0.6519092592592592 0.27624427083333336 0.6600444444444444 0.278075 0.642688888888889 0.24739583333333334 0.6287037037037037 0.246875 0.6138888888888889 0.2515625 0.6027777777777777 0.2609375 0.6 0.26197916666666665 0.5851851851851851 0.2604166666666667 0.5824074074074074 0.25364583333333335 0.5805555555555556 0.2484375 0.5851851851851851 0.24895833333333334 0.6027777777777777 0.24375 0.6157407407407407 0.23338177083333334 0.6649259259259259
0 0.6807291666666667 0.5277777777777778 0.6807291666666667 0.5342592592592592 0.6828125 0.5324074074074074 0.6911458333333333 0.537962962962963 0.6895833333333333 0.5481481481481482 0.69375 0.562037037037037 0.69375 0.5666666666666667 0.6916666666666667 0.5694444444444444 0.6927083333333334 0.5731481481481482 0.6953125 0.5731481481481482 0.6989583333333333 0.5666666666666667 0.6953125 0.55 0.6953125 0.5444444444444444 0.6979166666666666 0.5416666666666666 0.7026041666666667 0.5435185185185185 0.7083333333333334 0.5527777777777778 0.7104166666666667 0.5527777777777778 0.7177083333333333 0.5648148148148148 0.71875 0.5731481481481482 0.7223958333333333 0.5712962962962963 0.721875 0.5638888888888889 0.7078125 0.5398148148148149 0.7057291666666666 0.5194444444444445 0.6973958333333333 0.4981481481481482 0.6916666666666667 0.4962962962962963 0.6875 0.5138888888888888 0.6885416666666667 0.5231481481481481 0.6838541666666667 0.5222222222222223 0.6869791666666667 0.5259259259259259 0.684375 0.5305555555555556 0.6828125 0.5314814814814814
0 0.7911458333333333 0.4962962962962963 0.7911458333333333 0.5402361111111111 0.7895833333333333 0.5527777777777778 0.7932291666666667 0.5555555555555556 0.7911458333333333 0.5451175925925925 0.79375 0.5444444444444444 0.7953125 0.5333333333333333 0.8015625 0.5388888888888889 0.8 0.525 0.8046875 0.5009259259259259 0.8036458333333333 0.4898148148148148 0.7958333333333333 0.4740740740740741 0.7932291666666667 0.4759259259259259
0 0.86875 0.5120370370370371 0.86875 0.5453703703703704 0.8723958333333334 0.5592592592592592 0.8770833333333333 0.5962962962962963 0.8802083333333334 0.6 0.8869791666666667 0.5370370370370371 0.8869791666666667 0.5166666666666667 0.8848958333333333 0.5101851851851852 0.88125 0.5074074074074074 0.8807291666666667 0.4981481481481482 0.8786458333333333 0.4935185185185185 0.8713541666666667 0.49444444444444446
1 0.81646875 0.4973240740740741 0.016578125 0.027870370370370372
3 0.26796875 0.7449074074074075 0.06822916666666666 0.30277777777777776
3 0.749640625 0.48735185185185187 0.014078125 0.05366666666666667