3 0.053448 0.764111 0.072667 0.313056
3 0.665552 0.496472 0.026042 0.074074
2 0.218313 0.585657 0.003484 0.009741
0 0.231797 0.550648 0.029797 0.075620
0 0.266656 0.546454 0.030922 0.080009
0 0.253703 0.566426 0.024609 0.130407
0 0.150292 0.627278 0.056521 0.185546
0 0.287177 0.612000 0.052344 0.172935
0 0.356391 0.540324 0.033109 0.096556
0 0.450214 0.522852 0.036521 0.092065
0 0.500802 0.585917 0.040708 0.170296
0 0.574443 0.502370 0.022750 0.102176
0 0.600333 0.535093 0.038615 0.106963
1 0.220402 0.644737 0.053911 0.105263
1 0.819239 0.498120 0.023256 0.041353
