0 0.8369791666666667 0.487962962962963 0.8369791666666667 0.49166666666666664 0.8447916666666667 0.4898148148148148 0.85 0.5027777777777778 0.8552083333333333 0.5009259259259259 0.8520833333333333 0.487962962962963 0.8515625 0.4759259259259259 0.8463541666666666 0.4638888888888889 0.8432291666666667 0.4675925925925926 0.8421875 0.47962962962962963
0 0.8317708333333333 0.524074074074074 0.83125 0.5388888888888889 0.8354166666666667 0.5462962962962963 0.8369791666666667 0.5564814814814815 0.8369791666666667 0.5981481481481481 0.8432291666666667 0.600925925925926 0.8453125 0.5722222222222222 0.8484375 0.562037037037037 0.85 0.5435185185185185 0.85625 0.5296296296296297 0.8557291666666667 0.5185185185185185 0.853125 0.5101851851851852 0.8484375 0.5037037037037037 0.8484375 0.4935185185185185 0.8442708333333333 0.4898148148148148 0.8401041666666667 0.49444444444444446 0.8395833333333333 0.5055555555555555 0.8348958333333333 0.5111111111111111
0 0.6994791666666667 0.4861111111111111 0.6989583333333333 0.5148148148148148 0.7046875 0.5074074074074074 0.7083333333333334 0.4962962962962963 0.7125 0.4935185185185185 0.7114583333333333 0.47314814814814815 0.7098958333333333 0.46944444444444444 0.70625 0.46944444444444444 0.7010416666666667 0.4787037037037037
0 0.6625 0.48518518518518516 0.6614583333333334 0.5083333333333333 0.6635416666666667 0.5351851851851852 0.6661458333333333 0.5462962962962963 0.6708333333333333 0.5509259259259259 0.6682291666666667 0.5435185185185185 0.6682291666666667 0.5370370370370371 0.671875 0.5296296296296297 0.6723958333333333 0.524074074074074 0.6708333333333333 0.5120370370370371 0.671875 0.49166666666666664 0.6692708333333334 0.48703703703703705 0.6682291666666667 0.4777777777777778 0.6635416666666667 0.48055555555555557
0 0.5578125 0.47314814814814815 0.5567708333333333 0.487962962962963 0.5619791666666667 0.5175925925925926 0.5572916666666666 0.5351851851851852 0.5567708333333333 0.5435185185185185 0.5588541666666667 0.5481481481481482 0.5645833333333333 0.5481481481481482 0.5635416666666667 0.537962962962963 0.5661458333333333 0.5259259259259259 0.5661458333333333 0.5101851851851852 0.56875 0.5046296296296297 0.56875 0.5 0.5645833333333333 0.47314814814814815 0.5614583333333333 0.4685185185185185
1 0.22395833333333334 0.5388888888888889 0.22239583333333332 0.5416666666666666 0.22239583333333332 0.6092592592592593 0.22395833333333334 0.6268518518518519 0.2265625 0.6361111111111111 0.22447916666666667 0.6777777777777778 0.23125 0.6888888888888889 0.240625 0.6888888888888889 0.24114583333333334 0.6842592592592592 0.23854166666666668 0.6805555555555556 0.23697916666666666 0.6722222222222223 0.23697916666666666 0.6583333333333333 0.240625 0.649074074074074 0.23854166666666668 0.5916666666666667 0.2328125 0.562962962962963 0.23177083333333334 0.5416666666666666 0.22708333333333333 0.5370370370370371
0 0.7635416666666667 0.48148148148148145 0.7619791666666667 0.5101851851851852 0.7651041666666667 0.5138888888888888 0.7697916666666667 0.5055555555555555 0.7723958333333333 0.5046296296296297 0.7739583333333333 0.4740740740740741 0.7703125 0.4685185185185185 0.7671875 0.46944444444444444 0.7645833333333333 0.4740740740740741
0 0.9572916666666667 0.75 0.95625 0.7546296296296297 0.9583333333333334 0.7509259259259259
0 0.7510416666666667 0.4648148148148148 0.753125 0.4703703703703704 0.75 0.4759259259259259 0.7479166666666667 0.5055555555555555 0.7442708333333333 0.5212962962962963 0.7479166666666667 0.5194444444444445 0.7510416666666667 0.5074074074074074 0.7557291666666667 0.5083333333333333 0.7552083333333334 0.5212962962962963 0.7572916666666667 0.5212962962962963 0.759375 0.5138888888888888 0.759375 0.4740740740740741 0.7546875 0.4648148148148148 0.753125 0.4685185185185185
0 0.7744791666666667 0.47314814814814815 0.7744791666666667 0.5157407407407407 0.7708333333333334 0.5268518518518519 0.771875 0.5305555555555556 0.7755208333333333 0.5305555555555556 0.7760416666666666 0.524074074074074 0.78125 0.5185185185185185 0.78125 0.49907407407407406 0.784375 0.49166666666666664 0.784375 0.48055555555555557 0.78125 0.4666666666666667 0.778125 0.46574074074074073
0 0.7932291666666667 0.4777777777777778 0.7927083333333333 0.5009259259259259 0.7953125 0.5120370370370371 0.8 0.5138888888888888 0.8036458333333333 0.4981481481481482 0.8052083333333333 0.4759259259259259 0.8036458333333333 0.46944444444444444 0.8 0.4666666666666667
1 0.8078645833333333 0.49975 0.015703125 0.034972222222222224
3 0.6573281249999999 0.5770648148148149 0.038656249999999996 0.13937037037037037
3 0.7515625 0.46998148148148144 0.007833333333333333 0.021898148148148146