1 0.30673437499999995 0.6282222222222222 0.024177083333333335 0.1050462962962963
0 0.32570312500000004 0.673962962962963 0.04525 0.21150925925925926
0 0.22935416666666666 0.5657314814814814 0.057416666666666664 0.11578703703703704
0 0.30609895833333334 0.5430462962962963 0.04390104166666667 0.08312962962962964
0 0.39667708333333335 0.5700462962962963 0.0265625 0.12356481481481481
0 0.41842708333333334 0.5676388888888888 0.0239375 0.13742592592592592
2 0.7732864583333333 0.6523611111111111 0.007161458333333333 0.021138888888888888
0 0.5605625 0.5271388888888888 0.038864583333333334 0.12250000000000001
0 0.7770572916666667 0.5487037037037037 0.021130208333333334 0.12410185185185185
0 0.7966302083333333 0.508824074074074 0.021249999999999998 0.08191666666666667
0 0.76678125 0.5824722222222223 0.05461979166666667 0.13498148148148148
0 0.6351979166666666 0.5099444444444444 0.03429166666666667 0.10208333333333333
3 0.7062291666666667 0.4951944444444444 0.01796354166666667 0.06966666666666667
1 0.8156302083333333 0.49833333333333335 0.01796354166666667 0.03241666666666666
3 0.11055208333333333 0.8212222222222222 0.14933854166666669 0.35754629629629625