1 0.23075520833333335 0.6686574074074074 0.048755208333333334 0.12442592592592593
3 0.3733541666666667 0.6947129629629629 0.08001041666666667 0.2754351851851852
0 0.5193020833333333 0.54225 0.04154166666666667 0.11059259259259259
0 0.6510312500000001 0.5897777777777778 0.05525520833333333 0.1588425925925926
2 0.797828125 0.5328703703703703 0.004270833333333333 0.008925925925925926
3 0.7387291666666667 0.48232407407407407 0.017781250000000002 0.05625925925925926
0 0.7532708333333333 0.49804629629629626 0.024562499999999998 0.05268518518518518
0 0.7669583333333333 0.48956481481481484 0.01677604166666667 0.049296296296296296
0 0.7962447916666666 0.4979074074074074 0.014067708333333335 0.05581481481481482
1 0.8134010416666667 0.493712962962963 0.010098958333333333 0.04635185185185185
0 0.82953125 0.4968518518518519 0.01425 0.04993518518518519
0 0.8493697916666666 0.47833333333333333 0.011723958333333334 0.021564814814814814
0 0.852234375 0.5011388888888889 0.024213541666666668 0.059953703703703703
0 0.8445260416666667 0.5370925925925926 0.039453125 0.09289814814814815
0 0.8187760416666666 0.5171666666666667 0.026557291666666667 0.07053703703703704