0 0.067140625 0.6679166666666667 0.06998958333333333 0.22062962962962962
1 0.23471875 0.637898148148148 0.04347395833333333 0.09647222222222222
0 0.22500520833333332 0.6006296296296296 0.052723958333333334 0.11730555555555555
0 0.26285416666666667 0.6324166666666666 0.042703124999999995 0.17101851851851851
3 0.15236979166666667 0.8181851851851851 0.08948958333333333 0.36362962962962964
0 0.30364583333333334 0.5753796296296296 0.03955729166666667 0.07831481481481481
0 0.32333854166666665 0.599 0.04815625 0.16272222222222224
0 0.35744791666666664 0.6130833333333333 0.06085416666666667 0.16931481481481483
0 0.43981770833333333 0.5442222222222222 0.05456770833333333 0.10338888888888889
0 0.54334375 0.5720833333333334 0.05207291666666667 0.16740740740740742
0 0.695234375 0.5022962962962964 0.015770833333333335 0.06277777777777778
0 0.7016458333333334 0.5523611111111111 0.025135416666666667 0.1317962962962963
3 0.6550364583333333 0.4994907407407408 0.01903125 0.0669351851851852