1 0.27240625 0.606675925925926 0.05751041666666667 0.18837962962962962
1 0.8027916666666666 0.505425925925926 0.007921875 0.025592592592592594
0 0.8143020833333333 0.49233333333333335 0.017765625 0.056074074074074075
0 0.7977291666666667 0.5072129629629629 0.015151041666666667 0.08388888888888889
0 0.7835572916666667 0.47759259259259257 0.00484375 0.03475925925925926
0 0.7734062500000001 0.5024444444444445 0.025145833333333333 0.06849074074074074
3 0.735234375 0.4633703703703704 0.006807291666666667 0.01748148148148148
0 0.7386041666666666 0.48321296296296296 0.016416666666666666 0.04251851851851852
0 0.7125677083333334 0.49271296296296296 0.016098958333333333 0.02288888888888889
0 0.7250260416666666 0.49787962962962967 0.016505208333333334 0.0699074074074074
0 0.6929166666666667 0.49981481481481477 0.014989583333333334 0.03998148148148148
0 0.6672864583333333 0.4853240740740741 0.012822916666666666 0.06893518518518518
0 0.6309114583333333 0.49699074074074073 0.033463541666666666 0.08551851851851852
3 0.693234375 0.5549814814814815 0.03511458333333333 0.12376851851851851