2 0.7473020833333333 0.6115185185185186 0.006348958333333333 0.010851851851851852
1 0.2183020833333333 0.6220740740740741 0.04215104166666667 0.17672222222222222
3 0.3638333333333333 0.7125555555555555 0.06441666666666666 0.30397222222222225
3 0.7441979166666666 0.47909259259259257 0.012036458333333333 0.04707407407407408
1 0.8050885416666667 0.4974166666666667 0.013036458333333334 0.030574074074074076
0 0.79359375 0.48937037037037034 0.017562499999999998 0.051814814814814814
0 0.7110364583333334 0.49339814814814814 0.016114583333333335 0.0515
0 0.7419947916666667 0.4998333333333334 0.017197916666666667 0.05536111111111111
0 0.685421875 0.4975833333333333 0.018104166666666664 0.06823148148148148
0 0.7250677083333333 0.5447314814814814 0.031864583333333335 0.0897962962962963
0 0.8631197916666667 0.5881944444444445 0.06159375 0.15310185185185185
0 0.5134583333333333 0.5130925925925925 0.016354166666666666 0.07655555555555556
0 0.5295364583333334 0.5431296296296296 0.043062500000000004 0.10562037037037036
0 0.481296875 0.5755925925925925 0.06540625 0.1550462962962963
0 0.6301041666666667 0.605638888888889 0.09811458333333332 0.1608611111111111