1 0.209671875 0.6197222222222222 0.044765625 0.1893425925925926
3 0.40982291666666665 0.5588888888888889 0.04784895833333334 0.1061111111111111
0 0.6149375 0.5286666666666667 0.029942708333333335 0.1010925925925926
2 0.7937031250000001 0.5495462962962963 0.004598958333333333 0.008175925925925927
3 0.7205156250000001 0.4773981481481482 0.009739583333333333 0.019722222222222224
0 0.7096927083333333 0.48557407407407405 0.022187500000000002 0.04569444444444445
0 0.7198385416666666 0.5346388888888889 0.04897395833333333 0.10149074074074074
0 0.7512291666666666 0.5079444444444445 0.022458333333333334 0.07118518518518518
0 0.7777447916666667 0.4949537037037037 0.021916666666666664 0.06541666666666668
0 0.7984427083333333 0.5127499999999999 0.027598958333333333 0.06445370370370371
1 0.815078125 0.501925925925926 0.017046875 0.033185185185185186
0 0.8667604166666667 0.4814907407407407 0.013796874999999998 0.025972222222222223
0 0.861484375 0.5132314814814815 0.021104166666666667 0.07792592592592593
0 0.8809635416666667 0.516361111111111 0.026515624999999998 0.06686111111111111
0 0.9177604166666666 0.5045740740740742 0.030302083333333334 0.07696296296296297