1 0.217776 0.659148 0.039714 0.156250
0 0.511068 0.542250 0.037760 0.135417
2 0.926109 0.542824 0.013672 0.023148
0 0.555682 0.533046 0.025141 0.110213
0 0.710724 0.514889 0.033604 0.109065
1 0.825557 0.502009 0.006167 0.025213
0 0.807984 0.501185 0.016031 0.073981
0 0.818161 0.501731 0.009250 0.059741
0 0.831104 0.493241 0.011714 0.052611
0 0.840047 0.548593 0.022812 0.101935
0 0.871490 0.525574 0.023427 0.099741
0 0.897229 0.511870 0.016953 0.064667
0 0.911104 0.501463 0.016953 0.059185
3 0.573594 0.612620 0.043073 0.164093
3 0.758245 0.484352 0.013172 0.054787
