1 0.2669270833333333 0.6157407407407407 0.05260416666666667 0.20925925925925926
1 0.8271197916666666 0.5002777777777777 0.01946875 0.03262037037037037
3 0.769484375 0.48136111111111113 0.013609375 0.04686111111111111
3 0.6425208333333334 0.5819907407407408 0.034203125 0.15200925925925926
0 0.6350416666666666 0.5062592592592593 0.013130208333333334 0.08088888888888889
0 0.7222604166666666 0.5091574074074074 0.030619791666666667 0.07878703703703704
0 0.755203125 0.48660185185185184 0.014057291666666666 0.05739814814814815
0 0.8277552083333333 0.48247222222222225 0.027640625 0.0432037037037037
0 0.8523072916666667 0.49816666666666665 0.012677083333333334 0.05985185185185185
0 0.8626770833333333 0.48397222222222225 0.006088541666666667 0.034972222222222224
0 0.8669583333333333 0.5327037037037038 0.022223958333333335 0.09935185185185184
0 0.8826354166666667 0.49019444444444443 0.017203125 0.05325925925925926
0 0.9015260416666667 0.49026851851851855 0.018604166666666665 0.05282407407407407
0 0.963703125 0.5150370370370371 0.01703125 0.07425
2 0.9076770833333333 0.5120092592592593 0.004218749999999999 0.008953703703703703