2 0.298198 0.657731 0.005797 0.009287
0 0.108349 0.696741 0.083130 0.230546
0 0.219604 0.569315 0.032422 0.123481
3 0.197318 0.777750 0.158807 0.349269
0 0.349646 0.560102 0.038849 0.127231
0 0.373203 0.603157 0.038740 0.167361
0 0.409354 0.543194 0.038255 0.090583
0 0.468536 0.545806 0.033708 0.124639
0 0.553437 0.572278 0.058323 0.177583
0 0.676375 0.518787 0.032021 0.093731
3 0.689427 0.499593 0.015984 0.067648
1 0.818016 0.498037 0.014224 0.037259
1 0.220738 0.652715 0.034351 0.070136
0 0.248728 0.660633 0.062341 0.194570
0 0.976463 0.531674 0.021628 0.085973
