0 0.11210416666666667 0.6979722222222222 0.10218229166666666 0.2548518518518519
1 0.21949479166666666 0.6525555555555556 0.052083333333333336 0.1587314814814815
3 0.31795833333333334 0.748675925925926 0.078375 0.34214814814814815
0 0.41244791666666664 0.5862037037037037 0.07490104166666667 0.19268518518518518
0 0.5984999999999999 0.5303425925925925 0.04103645833333334 0.0982962962962963
0 0.5727447916666667 0.6022592592592593 0.0399375 0.1473796296296296
0 0.67465625 0.5061481481481481 0.011557291666666667 0.07374074074074075
0 0.6624635416666667 0.5461111111111111 0.028453125000000003 0.1401203703703704
0 0.7015052083333334 0.5684351851851852 0.058979166666666666 0.14937962962962964
3 0.72475 0.49314814814814817 0.018770833333333334 0.07053703703703704
0 0.7809583333333333 0.536611111111111 0.053036458333333335 0.10473148148148148
2 0.8762135416666667 0.5566203703703704 0.007 0.012712962962962964
0 0.8621770833333334 0.5229907407407408 0.03478125 0.08685185185185185
0 0.8431458333333333 0.5605925925925926 0.05436979166666667 0.1350462962962963
1 0.8176770833333333 0.49650925925925926 0.016833333333333332 0.03548148148148148