2 0.679036 0.531833 0.006510 0.017361
1 0.244469 0.640046 0.050130 0.162037
1 0.810875 0.497111 0.013672 0.042824
0 0.326823 0.657407 0.054688 0.240741
0 0.436526 0.519102 0.024089 0.084491
0 0.465172 0.616898 0.063151 0.157407
0 0.505859 0.513315 0.018229 0.070602
0 0.612958 0.515630 0.020182 0.072917
0 0.632161 0.541667 0.027344 0.090278
0 0.668620 0.507528 0.027344 0.070602
0 0.734375 0.523731 0.024740 0.089120
0 0.930990 0.511000 0.024740 0.084491
0 0.848958 0.637731 0.049479 0.196759
3 0.108594 0.748611 0.065104 0.308333
3 0.740849 0.477713 0.011234 0.032250
