1 0.223187 0.629435 0.043422 0.189278
1 0.825490 0.501417 0.027802 0.041139
3 0.805281 0.487204 0.019203 0.056139
3 0.615531 0.599056 0.046214 0.194074
0 0.674932 0.517796 0.021630 0.095472
0 0.743776 0.503250 0.022203 0.071667
0 0.785870 0.489056 0.023234 0.049741
2 0.879594 0.523509 0.004234 0.006083
0 0.863953 0.539657 0.030302 0.100935
0 0.867745 0.486000 0.018328 0.035917
0 0.889328 0.489769 0.019141 0.032435
0 0.892427 0.511343 0.025172 0.047213
0 0.907208 0.473907 0.014172 0.023602
0 0.926880 0.496648 0.016536 0.058361
0 0.912344 0.517213 0.024109 0.091093
