2 0.153578125 0.5989629629629629 0.0028802083333333336 0.006574074074074073
0 0.15777604166666667 0.568111111111111 0.025062499999999998 0.08819444444444445
0 0.17278125 0.5900462962962963 0.022671875 0.12251851851851851
1 0.19511458333333334 0.6113703703703703 0.043984375 0.13896296296296298
3 0.2189375 0.5959166666666667 0.042020833333333334 0.14653703703703702
0 0.24902083333333333 0.5908796296296296 0.021500000000000002 0.1559074074074074
0 0.2635208333333333 0.6006574074074075 0.04367708333333333 0.16030555555555556
0 0.33113020833333334 0.63425 0.07464583333333333 0.1953425925925926
0 0.38726041666666666 0.540787037037037 0.03116666666666667 0.10880555555555556
0 0.5115052083333333 0.542712962962963 0.05799479166666666 0.14260185185185184
0 0.64375 0.5070648148148148 0.034687499999999996 0.1002037037037037
0 0.7597343750000001 0.5169351851851851 0.021572916666666667 0.09077777777777778
0 0.7436197916666667 0.5621759259259259 0.03344791666666667 0.14162037037037037
3 0.68278125 0.49280555555555555 0.018421874999999997 0.059750000000000004
1 0.812734375 0.5002685185185185 0.020927083333333332 0.03849074074074074