3 0.169792 0.842130 0.106250 0.302778
3 0.622776 0.497167 0.014260 0.071417
1 0.813508 0.500000 0.022177 0.053763
1 0.231855 0.655914 0.052419 0.114695
0 0.718750 0.505376 0.026210 0.100358
0 0.736895 0.594982 0.046371 0.193548
0 0.574597 0.519713 0.032258 0.107527
0 0.562500 0.591398 0.072581 0.129032
0 0.490927 0.560932 0.050403 0.103943
0 0.447581 0.559140 0.036290 0.114695
0 0.433468 0.641577 0.048387 0.193548
0 0.373992 0.571685 0.074597 0.125448
0 0.387097 0.695341 0.088710 0.250896
0 0.299395 0.598566 0.054435 0.150538
