3 0.147568 0.723546 0.095734 0.274250
1 0.234625 0.645944 0.058531 0.150796
0 0.406000 0.755287 0.100693 0.316574
0 0.429318 0.526019 0.037203 0.106704
0 0.469990 0.524472 0.026292 0.100972
0 0.514385 0.608685 0.075396 0.153880
0 0.592120 0.522250 0.040526 0.103815
2 0.666865 0.529102 0.004161 0.014361
0 0.623583 0.533130 0.037583 0.112093
0 0.657620 0.507556 0.031953 0.078352
3 0.744115 0.472843 0.010286 0.028509
0 0.741911 0.524315 0.044073 0.107519
0 0.878870 0.572972 0.054474 0.127472
0 0.923339 0.512000 0.027182 0.088852
1 0.810911 0.498435 0.016589 0.042713
