2 0.500719 0.836037 0.009667 0.025204
3 0.033255 0.863981 0.066510 0.272037
1 0.229031 0.679917 0.058609 0.106398
0 0.191714 0.577935 0.063125 0.127167
0 0.288302 0.684009 0.075693 0.188241
0 0.397182 0.596370 0.064115 0.181213
0 0.440974 0.720972 0.179083 0.193185
0 0.510740 0.517741 0.031729 0.086546
0 0.537687 0.546333 0.021297 0.097370
0 0.506391 0.636935 0.066505 0.174250
0 0.680474 0.555028 0.034776 0.135620
0 0.723833 0.566037 0.035427 0.159963
0 0.869125 0.588065 0.057375 0.176185
1 0.808594 0.500935 0.018474 0.041343
3 0.706479 0.501176 0.014583 0.063972
