1 0.228385 0.618981 0.046354 0.212037
1 0.804807 0.498574 0.012807 0.029963
0 0.793932 0.479620 0.010380 0.040120
0 0.783318 0.499213 0.025328 0.061361
3 0.760417 0.480037 0.013427 0.048407
0 0.864818 0.515083 0.039672 0.155306
0 0.671542 0.487472 0.012839 0.060176
0 0.686719 0.516296 0.020510 0.091444
0 0.663000 0.512444 0.015422 0.077815
0 0.630734 0.493250 0.015922 0.059880
3 0.515667 0.662713 0.059760 0.254463
0 0.561432 0.521361 0.029500 0.083954
0 0.603599 0.547056 0.034375 0.145907
0 0.583141 0.569787 0.043656 0.135972
