2 0.6760416666666667 0.3490740740740741 0.6755208333333333 0.3592592592592593 0.6765625 0.36203703703703705 0.6796875 0.36203703703703705 0.6807291666666667 0.3490740740740741 0.6791666666666667 0.34629629629629627
2 0.39375 0.6416666666666667 0.3921875 0.6444444444444445 0.39375 0.6509259259259259 0.3958333333333333 0.6481481481481481
0 0.8755208333333333 0.5194444444444445 0.8755208333333333 0.524537037037037 0.8791666666666667 0.524074074074074 0.878125 0.5324074074074074 0.875 0.5305555555555556 0.8755208333333333 0.5351851851851852 0.8869791666666667 0.5259259259259259 0.8880208333333334 0.5342592592592592 0.8901041666666667 0.5370370370370371 0.8916666666666667 0.5351851851851852 0.8895833333333333 0.5120370370370371 0.8880208333333334 0.5092592592592593 0.8880208333333334 0.4759259259259259 0.8864583333333333 0.46944444444444444 0.8833333333333333 0.4666666666666667 0.878125 0.4787037037037037 0.8786458333333333 0.5064814814814815
0 0.7307291666666667 0.4740740740740741 0.7307291666666667 0.4888888888888889 0.7348958333333333 0.48703703703703705 0.7411458333333333 0.4935185185185185 0.7411458333333333 0.4759259259259259 0.7375 0.4638888888888889 0.7333333333333333 0.4648148148148148
0 0.7135416666666666 0.48333333333333334 0.7114583333333333 0.5018518518518519 0.7140625 0.5101851851851852 0.7166666666666667 0.5388888888888889 0.7145833333333333 0.5537037037037037 0.7182291666666667 0.5555555555555556 0.721875 0.5509259259259259 0.7239583333333334 0.5416666666666666 0.7260416666666667 0.49166666666666664 0.7197916666666667 0.4740740740740741 0.7171875 0.4740740740740741
0 0.728125 0.5037037037037037 0.725 0.5259259259259259 0.7302083333333333 0.537962962962963 0.7307291666666667 0.5611111111111111 0.7333333333333333 0.5648148148148148 0.7307291666666667 0.5659722222222222 0.7307291666666667 0.5708333333333333 0.7333333333333333 0.5700620370370371 0.7333333333333333 0.5753083333333333 0.7307291666666667 0.5756944444444444 0.7307291666666667 0.5805555555555556 0.7395833333333334 0.575925925925926 0.7411458333333333 0.5796296296296296 0.7458333333333333 0.5805555555555556 0.74375 0.5731481481481482 0.7447916666666666 0.5435185185185185 0.7427083333333333 0.524074074074074 0.7453125 0.5148148148148148 0.74375 0.5027777777777778 0.7375 0.48518518518518516 0.7328125 0.48518518518518516
0 0.6479166666666667 0.47962962962962963 0.6453125 0.5009259259259259 0.6421875 0.5120370370370371 0.6401041666666667 0.5138888888888888 0.64375 0.5138888888888888 0.6453125 0.5074074074074074 0.6479166666666667 0.5055555555555555 0.6494791666666667 0.5101851851851852 0.6473958333333333 0.524074074074074 0.6489583333333333 0.5462962962962963 0.6505208333333333 0.5481481481481482 0.6510416666666666 0.5314814814814814 0.6546875 0.5259259259259259 0.659375 0.5398148148148149 0.6598958333333333 0.55 0.6619791666666667 0.55 0.6625 0.5398148148148149 0.659375 0.5287037037037037 0.659375 0.5194444444444445 0.6625 0.5055555555555555 0.6619791666666667 0.4981481481481482 0.6505208333333333 0.4759259259259259
0 0.43333333333333335 0.5231481481481481 0.4354166666666667 0.5546296296296296 0.4317708333333333 0.5638888888888889 0.43125 0.5703703703703704 0.4354166666666667 0.5824074074074074 0.43854166666666666 0.5824074074074074 0.4395833333333333 0.5564814814814815 0.44947916666666665 0.524074074074074 0.44947916666666665 0.5148148148148148 0.44583333333333336 0.5083333333333333 0.44479166666666664 0.4962962962962963 0.44114583333333335 0.4981481481481482 0.44114583333333335 0.5027777777777778 0.4354166666666667 0.5120370370370371
0 0.63125 0.5481481481481482 0.6307291666666667 0.5675925925925925 0.6322916666666667 0.5731481481481482 0.6270833333333333 0.5898148148148148 0.6270833333333333 0.6018518518518519 0.6239583333333333 0.6203703703703703 0.6197916666666666 0.6305555555555555 0.6171875 0.6435185185185185 0.6203125 0.6444444444444445 0.6260416666666667 0.6305555555555555 0.6286458333333333 0.6296296296296297 0.6296875 0.6259259259259259 0.6307291666666667 0.6277777777777778 0.6328125 0.6398148148148148 0.6317708333333333 0.6620370370370371 0.6348958333333333 0.6787037037037037 0.6364583333333333 0.7092592592592593 0.6333333333333333 0.7166666666666667 0.6270833333333333 0.7194444444444444 0.6270833333333333 0.7231481481481481 0.6317708333333333 0.7305555555555555 0.6421875 0.7305555555555555 0.6427083333333333 0.7203703703703703 0.6479166666666667 0.7138888888888889 0.6473958333333333 0.687037037037037 0.6447916666666667 0.674074074074074 0.6494791666666667 0.6601851851851852 0.6526041666666667 0.6398148148148148 0.6515625 0.6157407407407407 0.6536458333333334 0.612037037037037 0.6541666666666667 0.6027777777777777 0.6489583333333333 0.575925925925926 0.6453125 0.5731481481481482 0.6427083333333333 0.5666666666666667 0.6427083333333333 0.5472222222222223 0.6364583333333333 0.5416666666666666 0.6328125 0.5435185185185185
0 0.3375 0.5851851851851851 0.33541666666666664 0.6194444444444445 0.32447916666666665 0.6435185185185185 0.3260416666666667 0.6574074074074074 0.3328125 0.6574074074074074 0.33125 0.6416666666666667 0.3338541666666667 0.6351851851851852 0.3380208333333333 0.6351851851851852 0.33958333333333335 0.6407407407407407 0.34322916666666664 0.6435185185185185 0.34427083333333336 0.6305555555555555 0.35520833333333335 0.6231481481481481 0.3567708333333333 0.6166666666666667 0.35625 0.6055555555555555 0.3578125 0.6027777777777777 0.3619791666666667 0.6074074074074074 0.3645833333333333 0.6055555555555555 0.3625 0.5962962962962963 0.35572916666666665 0.5814814814814815 0.3567708333333333 0.562962962962963 0.3625 0.5592592592592592 0.3625 0.5388888888888889 0.35625 0.5388888888888889 0.3546875 0.55 0.34791666666666665 0.5574074074074075
0 0.8484375 0.4824074074074074 0.8505208333333333 0.5018518518518519 0.85 0.5259259259259259 0.8557291666666667 0.5305555555555556 0.85625 0.5148148148148148 0.8598958333333333 0.5 0.8625 0.4962962962962963 0.8609375 0.48055555555555557 0.8552083333333333 0.4666666666666667
0 0.5427083333333333 0.5120370370370371 0.5432291666666667 0.5370370370370371 0.546875 0.5388888888888889 0.5489583333333333 0.5370370370370371 0.5520833333333334 0.524074074074074 0.5546875 0.49166666666666664 0.5536458333333333 0.48055555555555557 0.55 0.4824074074074074 0.5453125 0.4898148148148148
1 0.1875 0.5861111111111111 0.1875 0.5944444444444444 0.19635416666666666 0.612037037037037 0.20104166666666667 0.6546296296296297 0.2015625 0.6925925925925925 0.2046875 0.6981481481481482 0.21614583333333334 0.6981481481481482 0.21770833333333334 0.6944444444444444 0.21302083333333333 0.687962962962963 0.21197916666666666 0.6675925925925926 0.21354166666666666 0.6435185185185185 0.21770833333333334 0.6351851851851852 0.21302083333333333 0.6157407407407407 0.2125 0.5824074074074074 0.209375 0.5675925925925925 0.20885416666666667 0.5453703703703704 0.20364583333333333 0.5435185185185185 0.20052083333333334 0.5472222222222223 0.1984375 0.5648148148148148 0.18854166666666666 0.5805555555555556
1 0.8095520833333333 0.4977592592592593 0.013250000000000001 0.03832407407407407
3 0.13333333333333333 0.6078703703703704 0.04791666666666667 0.14907407407407408
3 0.7095052083333333 0.4832222222222222 0.008567708333333333 0.05075925925925926