1 0.24967708333333333 0.6128518518518519 0.048828125 0.17708333333333334
1 0.8033541666666667 0.49797222222222215 0.018875 0.03568518518518519
0 0.8812552083333334 0.4921944444444445 0.02814583333333333 0.060833333333333336
0 0.8326927083333333 0.47355555555555556 0.011588541666666667 0.030740740740740742
0 0.8380260416666666 0.49497222222222226 0.025203125 0.05985185185185185
3 0.7632447916666667 0.47665740740740736 0.011036458333333334 0.05003703703703704
0 0.7603958333333334 0.4859814814814815 0.024098958333333333 0.057555555555555554
0 0.7843125000000001 0.5085462962962963 0.02372916666666667 0.08306481481481481
0 0.7375833333333334 0.49840740740740735 0.01784375 0.06540740740740741
0 0.6582239583333334 0.4869444444444444 0.012927083333333334 0.05340740740740741
0 0.6898125 0.4898518518518518 0.012744791666666666 0.0404537037037037
0 0.6907239583333333 0.5167129629629629 0.043328125 0.05793518518518519
0 0.6365625 0.5063611111111112 0.026395833333333334 0.07540740740740741
3 0.6865364583333334 0.5838796296296297 0.03204166666666667 0.1585925925925926