1 0.223214 0.628750 0.050594 0.158731
1 0.816906 0.497139 0.016349 0.036685
2 0.841979 0.530880 0.003568 0.006343
3 0.753495 0.481287 0.020719 0.052083
0 0.739333 0.487176 0.010490 0.055704
3 0.565943 0.607870 0.051599 0.178046
0 0.621984 0.524148 0.033844 0.086065
0 0.686760 0.484694 0.015260 0.051537
0 0.696125 0.567917 0.044802 0.129713
0 0.726849 0.536102 0.024411 0.095676
0 0.795328 0.504102 0.019042 0.055500
0 0.824818 0.487889 0.009172 0.044454
0 0.835016 0.478759 0.017036 0.025657
0 0.833464 0.509454 0.025557 0.068509
0 0.862177 0.500537 0.022250 0.068148
