1 0.284224 0.623241 0.059526 0.197972
3 0.713661 0.472407 0.010635 0.031157
3 0.708104 0.523009 0.027073 0.088528
0 0.698823 0.496796 0.017589 0.065750
0 0.731911 0.520750 0.028281 0.097769
0 0.752760 0.495769 0.032995 0.071019
0 0.787672 0.498954 0.015359 0.070917
0 0.797359 0.513935 0.019276 0.082185
0 0.800323 0.491806 0.008193 0.042694
0 0.820448 0.516185 0.027932 0.051491
1 0.815292 0.495889 0.011234 0.027944
0 0.842979 0.491417 0.015589 0.066435
0 0.873672 0.490509 0.016760 0.066333
0 0.859687 0.512241 0.016333 0.073546
