3 0.090171875 0.761 0.07747395833333333 0.2534722222222222
1 0.22428645833333333 0.6545185185185185 0.056640625 0.11921296296296297
2 0.4781927083333333 0.5619444444444445 0.003453125 0.007472222222222222
0 0.26356250000000003 0.5675370370370371 0.03953645833333333 0.09722222222222222
0 0.295421875 0.6181296296296297 0.053989583333333334 0.1588425925925926
0 0.443890625 0.5343148148148148 0.032317708333333334 0.08178703703703703
0 0.4705052083333333 0.5502037037037038 0.04600520833333333 0.09057407407407407
0 0.41138541666666667 0.5515555555555555 0.028895833333333332 0.13653703703703704
0 0.3505520833333333 0.5498611111111111 0.028895833333333332 0.11423148148148149
0 0.372984375 0.5677777777777778 0.04410416666666667 0.12031481481481482
0 0.6324166666666666 0.5558981481481482 0.04043229166666666 0.09610185185185185
3 0.6853750000000001 0.4738611111111111 0.00746875 0.019537037037037037
0 0.6869114583333332 0.511361111111111 0.026369791666666666 0.06953703703703704
1 0.8053541666666667 0.49690740740740735 0.021536458333333335 0.035944444444444446