3 0.17136979166666666 0.7682037037037037 0.08027083333333333 0.3377685185185185
1 0.23526041666666667 0.6396111111111111 0.06164583333333333 0.15450925925925926
0 0.4291510416666667 0.5492685185185185 0.03190625 0.1093425925925926
0 0.5172239583333333 0.523537037037037 0.02109375 0.07555555555555556
0 0.53596875 0.5282037037037037 0.025947916666666668 0.10187962962962963
0 0.6442916666666666 0.4896481481481482 0.011140625 0.051083333333333335
0 0.631 0.5297592592592593 0.025630208333333335 0.1015925925925926
0 0.6631145833333334 0.5150462962962963 0.0261875 0.06197222222222223
0 0.6618020833333333 0.58225 0.057942708333333336 0.14998148148148147
0 0.7136354166666667 0.5104907407407407 0.02159895833333333 0.08031481481481481
0 0.7559895833333333 0.5421111111111111 0.031765625 0.1154537037037037
0 0.8199062500000001 0.568212962962963 0.06091666666666666 0.14305555555555555
3 0.7413802083333334 0.49341666666666667 0.015244791666666667 0.07177777777777777
1 0.8161666666666666 0.49856481481481485 0.017010416666666663 0.032379629629629626