3 0.18130208333333334 0.7797592592592593 0.09771875000000001 0.3575833333333333
1 0.24355208333333334 0.6582870370370371 0.05853125 0.15961111111111112
0 0.39044270833333333 0.5098611111111111 0.016171875 0.04006481481481482
0 0.39483333333333337 0.549138888888889 0.03183333333333333 0.09189814814814815
0 0.4502864583333333 0.5587592592592593 0.03959895833333334 0.11883333333333333
0 0.43621354166666665 0.5700740740740741 0.050421875 0.12788888888888889
0 0.4015833333333333 0.6021018518518518 0.07282812500000001 0.14350925925925928
0 0.56315625 0.5269537037037038 0.04609375 0.09733333333333334
0 0.5942864583333333 0.5014907407407407 0.020755208333333334 0.06677777777777778
0 0.66909375 0.5305740740740741 0.028776041666666665 0.10457407407407407
0 0.9635312500000001 0.5067499999999999 0.019463541666666664 0.09838888888888889
0 0.8891718750000001 0.5036944444444444 0.03638541666666666 0.0746388888888889
0 0.9144895833333333 0.5376203703703704 0.045802083333333334 0.09906481481481481
3 0.7066666666666667 0.49430555555555555 0.017177083333333332 0.06536111111111112
1 0.8129010416666667 0.49374074074074076 0.015901041666666667 0.03573148148148148