1 0.190109375 0.6003055555555556 0.030734374999999998 0.14042592592592593
1 0.8140989583333333 0.49575925925925923 0.007390625 0.02627777777777778
0 0.7782083333333334 0.51725 0.01904166666666667 0.08084259259259259
0 0.8076510416666667 0.5387407407407407 0.022802083333333334 0.12783333333333333
0 0.6796197916666666 0.49999074074074074 0.01904166666666667 0.0775
0 0.5656718749999999 0.5306388888888889 0.027161458333333333 0.10812037037037037
0 0.41953125 0.5345740740740741 0.02657291666666667 0.0939537037037037
0 0.3325833333333333 0.6219629629629629 0.04398958333333333 0.15640740740740738
0 0.2981875 0.5986111111111111 0.02420833333333333 0.13699074074074072
0 0.300109375 0.5461203703703703 0.021552083333333336 0.07400925925925926
0 0.194265625 0.5356203703703704 0.010630208333333334 0.04566666666666667
0 0.2280677083333333 0.5854907407407408 0.018010416666666664 0.13069444444444445
3 0.2155 0.5922314814814815 0.019911458333333333 0.14074074074074075
3 0.6854895833333334 0.4752314814814815 0.0105625 0.03501851851851852