1 0.29868229166666665 0.6114907407407407 0.04167708333333333 0.17471296296296296
1 0.8037760416666667 0.5021296296296296 0.010171875 0.026518518518518518
0 0.7039166666666666 0.49850925925925926 0.016953125 0.013861111111111112
0 0.7075625 0.48178703703703707 0.011359375 0.02984259259259259
0 0.664671875 0.4893240740740741 0.013734375 0.05093518518518518
0 0.692984375 0.5212685185185185 0.02119270833333333 0.08710185185185185
0 0.7363854166666666 0.4961018518518518 0.015765625 0.0657037037037037
0 0.7866510416666667 0.4870648148148148 0.010848958333333332 0.05425000000000001
0 0.7974166666666667 0.5013796296296297 0.011697916666666667 0.06661111111111111
0 0.82021875 0.512074074074074 0.011869791666666666 0.0862037037037037
0 0.7939427083333332 0.4695833333333333 0.005427083333333333 0.015675925925925926
0 0.6223541666666667 0.5058888888888889 0.01583333333333333 0.07715740740740741
3 0.7168489583333333 0.5663981481481482 0.03413541666666667 0.1430462962962963
3 0.7297760416666667 0.4739722222222222 0.010239583333333333 0.03684259259259259