0 0.93125 0.4935185185185185 0.9307291666666667 0.5 0.9270833333333334 0.5074074074074074 0.9255208333333333 0.5259259259259259 0.9229166666666667 0.5231481481481481 0.9203125 0.525 0.9177083333333333 0.5342592592592592 0.9140625 0.5370370370370371 0.9140625 0.5416666666666666 0.9291666666666667 0.5444444444444444 0.9291666666666667 0.562962962962963 0.925 0.5787037037037037 0.9296875 0.5768518518518518 0.9296875 0.5805555555555556 0.9286458333333333 0.587037037037037 0.9244791666666666 0.587037037037037 0.925 0.5916666666666667 0.9276041666666667 0.5879629629629629 0.9385416666666667 0.5916666666666667 0.9390625 0.5768518518518518 0.9421875 0.5601851851851852 0.9427083333333334 0.5361111111111111 0.946875 0.5277777777777778 0.946875 0.5212962962962963 0.94375 0.5055555555555555 0.9385416666666667 0.49722222222222223 0.9380208333333333 0.4925925925925926 0.9348958333333334 0.4898148148148148 0.9354166666666667 0.48703703703703705
0 0.5260416666666666 0.5287037037037037 0.5276041666666667 0.5601851851851852 0.5296875 0.5712962962962963 0.5255208333333333 0.587037037037037 0.5239583333333333 0.600925925925926 0.5302083333333333 0.6027777777777777 0.53125 0.6 0.5375 0.5990740740740741 0.5390625 0.6046296296296296 0.546875 0.6027777777777777 0.5432291666666667 0.5944444444444444 0.5416666666666666 0.5601851851851852 0.5390625 0.5537037037037037 0.5375 0.5407407407407407 0.5369791666666667 0.5194444444444445 0.5354166666666667 0.512962962962963 0.5369791666666667 0.4935185185185185 0.5317708333333333 0.4935185185185185 0.5291666666666667 0.4981481481481482 0.5296875 0.5120370370370371 0.5265625 0.5175925925925926
0 0.7364583333333333 0.4842592592592593 0.7375 0.5074074074074074 0.734375 0.5212962962962963 0.7375 0.5185185185185185 0.7385416666666667 0.5111111111111111 0.7411458333333333 0.5074074074074074 0.7458333333333333 0.5120370370370371 0.7479166666666667 0.5212962962962963 0.7510416666666667 0.5212962962962963 0.7463541666666667 0.4981481481481482 0.7458333333333333 0.48055555555555557 0.7416666666666667 0.4685185185185185 0.7390625 0.4722222222222222
0 0.5744791666666667 0.537962962962963 0.5744791666666667 0.5574074074074075 0.5770833333333333 0.5712962962962963 0.5703125 0.600925925925926 0.575 0.6027777777777777 0.5776041666666667 0.5981481481481481 0.5859375 0.6055555555555555 0.5859375 0.5898148148148148 0.5911458333333334 0.5731481481481482 0.5911458333333334 0.5666666666666667 0.5869791666666667 0.55 0.5895833333333333 0.5342592592592592 0.5875 0.5175925925925926 0.5875 0.4981481481481482 0.5848958333333333 0.4962962962962963 0.58125 0.5009259259259259 0.5807291666666666 0.5101851851851852 0.5760416666666667 0.5212962962962963
0 0.6583333333333333 0.4962962962962963 0.6583333333333333 0.5259259259259259 0.6526041666666667 0.5527777777777778 0.6552083333333333 0.5555555555555556 0.6572916666666667 0.5444444444444444 0.6625 0.5370370370370371 0.6645833333333333 0.5546296296296296 0.6723958333333333 0.5574074074074075 0.6682291666666667 0.5472222222222223 0.6682291666666667 0.47962962962962963 0.6640625 0.47962962962962963
1 0.23294375 0.6516185185185186 0.23398541666666667 0.6738407407407407 0.23815208333333335 0.6747666666666667 0.22739895833333332 0.6745472222222222 0.22453020833333334 0.6979592592592593 0.23965572916666666 0.7114037037037038 0.25152083333333336 0.7139537037037037 0.25478072916666666 0.7000453703703704 0.25621510416666665 0.6954092592592593 0.25533958333333334 0.6840259259259259 0.25794375 0.7043962962962963 0.26263125 0.7034703703703704 0.2615895833333333 0.6858777777777778 0.26419375 0.6831 0.26679791666666663 0.6914333333333333 0.2699229166666666 0.6942111111111111 0.2694020833333333 0.6793962962962964 0.26575625 0.659025925925926 0.26575625 0.6460629629629631 0.27044375 0.6331 0.27148541666666665 0.6247666666666667 0.2709645833333333 0.6136555555555556 0.26888124999999996 0.609025925925926 0.2615895833333333 0.609025925925926 0.25846458333333333 0.6136555555555556 0.25638125 0.6266185185185186 0.24179791666666667 0.6358777777777779
0 0.8880208333333334 0.4824074074074074 0.8864583333333333 0.5101851851851852 0.8911458333333333 0.537962962962963 0.8947916666666667 0.5842592592592593 0.8973958333333333 0.5888888888888889 0.9 0.5740740740740741 0.9041666666666667 0.575925925925926 0.9052083333333333 0.5731481481481482 0.9026041666666667 0.5333333333333333 0.9041666666666667 0.5296296296296297 0.9026041666666667 0.5212962962962963 0.9036458333333334 0.5055555555555555 0.8953125 0.4898148148148148 0.89375 0.4824074074074074
1 0.8041666666666667 0.4962962962962963 0.8026041666666667 0.5092592592592593 0.8098958333333334 0.5120370370370371 0.8140625 0.5101851851851852 0.8161458333333333 0.4935185185185185 0.8125 0.4824074074074074 0.8078125 0.4824074074074074
0 0.7307291666666667 0.6083333333333333 0.73125 0.6185185185185185 0.7354166666666667 0.6296296296296297 0.7328125 0.6509259259259259 0.7307291666666667 0.6564814814814814 0.7291666666666666 0.6796296296296296 0.7239583333333334 0.6888888888888889 0.7234375 0.6935185185185185 0.725 0.6962962962962963 0.73125 0.6953703703703704 0.7322916666666667 0.6824074074074075 0.734375 0.6796296296296296 0.7375 0.6638888888888889 0.7375 0.6555555555555556 0.7432291666666667 0.6481481481481481 0.7442708333333333 0.6425925925925926 0.7494791666666667 0.6527777777777778 0.7510416666666667 0.6601851851851852 0.7520833333333333 0.6935185185185185 0.7505208333333333 0.7037037037037037 0.7520833333333333 0.7074074074074074 0.7619791666666667 0.7074074074074074 0.7619791666666667 0.6981481481481482 0.7572916666666667 0.6907407407407408 0.759375 0.6351851851851852 0.76875 0.6324074074074074 0.7666666666666667 0.6305555555555555 0.76875 0.6268518518518519 0.76875 0.6212962962962963 0.7635416666666667 0.5925925925925926 0.7619791666666667 0.5685185185185185 0.7557291666666667 0.5592592592592592 0.75625 0.5388888888888889 0.7546875 0.5342592592592592 0.7505208333333333 0.5324074074074074 0.7463541666666667 0.5370370370370371 0.7463541666666667 0.5555555555555556 0.7369791666666666 0.5657407407407408
0 0.8541666666666666 0.5972222222222222 0.8557291666666667 0.6175925925925926 0.859375 0.6296296296296297 0.8567708333333334 0.6462962962962963 0.8557291666666667 0.6796296296296296 0.8515625 0.6925925925925925 0.85 0.7231481481481481 0.8453125 0.7361111111111112 0.8473958333333333 0.7398148148148148 0.8515625 0.7388888888888889 0.8536458333333333 0.7342592592592593 0.8557291666666667 0.7129629629629629 0.8614583333333333 0.6898148148148148 0.86875 0.675 0.8729166666666667 0.6851851851851852 0.875 0.7240740740740741 0.8765625 0.725 0.8807291666666667 0.7166666666666667 0.8802083333333334 0.6787037037037037 0.8828125 0.6166666666666667 0.8869791666666667 0.6231481481481481 0.8859375 0.6481481481481481 0.8869791666666667 0.6509259259259259 0.8916666666666667 0.6481481481481481 0.8916666666666667 0.6185185185185185 0.8880208333333334 0.5953703703703703 0.8869791666666667 0.575925925925926 0.8791666666666667 0.5666666666666667 0.878125 0.5481481481481482 0.8729166666666667 0.5351851851851852 0.8666666666666667 0.5416666666666666 0.8682291666666667 0.562962962962963 0.8578125 0.5740740740740741
0 0.8583333333333333 0.5351851851851852 0.859375 0.5388888888888889 0.8572916666666667 0.5462962962962963 0.8609375 0.55 0.8661458333333333 0.5481481481481482 0.8682291666666667 0.5388888888888889 0.8739583333333333 0.5388888888888889 0.8755208333333333 0.5416666666666666 0.8760416666666667 0.5546296296296296 0.8770833333333333 0.5462962962962963 0.8796875 0.5462962962962963 0.8817708333333333 0.5509259259259259 0.8854166666666666 0.5527777777777778 0.8880208333333334 0.55 0.8802083333333334 0.5324074074074074 0.8791666666666667 0.5259259259259259 0.8729166666666667 0.5185185185185185 0.8729166666666667 0.5138888888888888 0.8697916666666666 0.5074074074074074 0.8645833333333334 0.5101851851851852 0.8645833333333334 0.5194444444444445
2 0.9140937499999999 0.5376111111111112 0.004869791666666666 0.010537037037037037
0 0.9329270833333333 0.5007407407407407 0.023067708333333332 0.053425925925925925
3 0.18854166666666666 0.725925925925926 0.06666666666666667 0.2962962962962963
3 0.7573072916666667 0.4886018518518519 0.011239583333333332 0.056185185185185185