2 0.081036384375 0.8428290765625001 0.0749724359375 0.8428290765625001
0 0.606945975 0.6552062875 0.606945975 0.6640471515625
0 0.22326350625 0.9656188609375 0.225468578125 0.94793713125
0 0.10970231562499999 0.9823182718749999 0.10529217187499999 0.9813359531250001
0 0.12458654843750001 0.995088409375 0.12568908437499998 0.99901768125
0 0.5038588749999999 0.5667976421875001 0.50441014375 0.5943025546875
0 0.1780595375 0.9616895875000001 0.17364939375 0.9528487234374999
0 0.025358323437500004 0.8821218078124999 0.026460859375 0.8880157171875
0 0.390848953125 0.570726915625 0.390297684375 0.56286836875
0 0.3748621828125 0.545186640625 0.377618521875 0.53732809375
0 0.3434399125 0.6237721015625 0.3434399125 0.633595284375
0 0.291069459375 0.97347740625 0.291069459375 0.9410609031250001
0 0.35611907343750004 0.748526521875 0.3506063953125 0.761296659375
0 0.21444321875 0.995088409375 0.215588203125 0.99901768125