0 0.90132304375 0.7662082515625 0.9084895265625 0.7996070734375
0 0.21719955937500002 0.6257367390625 0.21885336249999998 0.6512770140625
0 0.0275633953125 0.93516699375 0.0292172 0.9390962671875001
0 0.0854465265625 0.9911591359375 0.0876515984375 0.99901768125
0 0.11466372656249998 0.6777996078124999 0.11852260156250001 0.678781925
0 0.7431091515625 0.5913555984375 0.7508269015625 0.5923379171875001
0 0.985667034375 0.6768172890625 0.97905181875 0.6817288796875001
0 0.9029768468749999 0.7829076625 0.9035281140625001 0.7711198421875001
0 0.8952590953125 0.735756384375 0.9035281140625001 0.736738703125
0 0.647188534375 0.736738703125 0.6504961406249999 0.7288801578124999
0 0.5694597578125 0.51178781875 0.5694597578125 0.50098231875
0 0.13175303124999999 0.9823182718749999 0.1295479609375 0.9774066796875
2 0.171875 0.65625 0.1734375 0.6625