1 0.483333333984375 0.41 0.479166666015625 0.401666666015625
0 0.555729166015625 0.196666666015625 0.5515625 0.194166666015625
0 0.504166666015625 0.180833333984375 0.504166666015625 0.17
0 0.411458333984375 0.173333333984375 0.413020833984375 0.171666666015625
0 0.606770833984375 0.143333333984375 0.605208333984375 0.1425
1 0.5046875 0.115 0.5046875 0.135
0 0.460283333984375 0.120470833984375 0.457397916015625 0.112776666015625
0 0.461458333984375 0.135833333984375 0.461979166015625 0.138333333984375
0 0.490104166015625 0.145833333984375 0.490625 0.146666666015625
0 0.5203125 0.130833333984375 0.520833333984375 0.131666666015625
0 0.5369515625 0.140035833984375 0.536979166015625 0.144166666015625
0 0.590104166015625 0.143333333984375 0.586458333984375 0.13