2 0.1168687984375 0.712180746875 0.11466372656249998 0.7200392921875001
0 0.20672546875000003 0.93516699375 0.204520396875 0.9253438109375001
0 0.0402425578125 0.647347740625 0.0507166484375 0.6385068765625
0 0.729327453125 0.7328094296875001 0.7287761859375 0.76915520625
0 0.9900771781250001 0.6817288796875001 0.9928335171875 0.6886051078125
0 0.9966923921875 0.5943025546875 0.9966923921875 0.6041257375
0 0.0859977953125 0.99901768125 0.08710033125 0.980353634375
0 0.0777287765625 0.8565815328124999 0.0815876515625 0.8654223968749999
0 0.783351709375 0.610019646875 0.7861080484375 0.609037328125
0 0.081036384375 0.6915520625 0.0788313125 0.7072691546875001
0 0.5336273421875 0.6493123765625 0.5380374859375 0.6650294703124999
0 0.1764057328125 0.9587426328124999 0.173098125 0.94891945
0 0.2822491734375 0.99901768125 0.28059536875 0.9783889984374999
0 0.5837927234375 0.5039292734374999 0.5898566703125 0.5039292734374999
0 0.1378169796875 0.99901768125 0.14002205 0.9833005890625
0 0.23042998906249998 0.595284871875 0.233737596875 0.6021611