2 0.3880926125 0.558939096875 0.3853362734375 0.5599214140625
0 0.8114663734375 0.46561886093749993 0.8004410140625 0.466601178125
0 0.7056229328125 0.667976425 0.7111356125 0.684675834375
0 0.5424476296875 0.5982318265625 0.5418963609375 0.6178781921875001
0 0 0.9911591359375 0.003858875 0.99901768125
0 0.8015435500000001 0.719056975 0.8026460859375 0.7288801578124999
0 0.2480705625 0.7829076625 0.24862182968750002 0.7917485265625
0 0.40407938281250005 0.5530451859375 0.40407938281250005 0.558939096875
0 0.36383682500000003 0.58840864375 0.366041896875 0.571709234375
0 0.084895259375 0.65225933125 0.1003307609375 0.66699410625
0 0.42171995625 0.5982318265625 0.42116868749999997 0.6129666015625
0 0.518191840625 0.7072691546875001 0.5165380374999999 0.7200392921875001