0 0.8936052921875 0.49607072656250006 0.8952590953125 0.5284872296875001
0 0.101433296875 0.5216110015625001 0.0997794921875 0.558939096875
0 0.8665931640625001 0.647347740625 0.8621830203125 0.6493123765625
0 0.3754134515625 0.7406679765625 0.3754134515625 0.7593320234375
0 0.9173098124999999 0.6316306484374999 0.9211686875 0.647347740625
0 0.7491730984375 0.9872298625000001 0.7519294375000001 0.9813359531250001
0 0.0667034171875 0.88408644375 0.072216096875 0.88605108125
0 0.5038588749999999 0.5166994109374999 0.5033076078125001 0.5294695484374999
0 0.9785005515625 0.9214145390624999 0.9740904078125 0.923379175
0 0.6212789421875 0.546168959375 0.622381478125 0.5677799609374999
0 0.8241455343749999 0.953831040625 0.8219404625 0.9469548140624999
0 0.5424476296875 0.65422396875 0.5468577734375 0.661100196875
0 0.8257993390625 0.5982318265625 0.8252480703125 0.610019646875
0 0.42557883125 0.609037328125 0.4327453140625 0.610019646875