0 0.5347298781250001 0.6060903734374999 0.5347298781250001 0.6178781921875001
0 0.8197353906249999 0.65324165 0.80981256875 0.6748526515625
0 0.26791620781250003 0.761296659375 0.26405733124999997 0.78192534375
0 0 0.98821218125 0.0033076078124999997 0.99901768125
0 0.12458654843750001 0.6434184671875001 0.121830209375 0.6493123765625
0 0.8836824703125 0.6777996078124999 0.8814773984375 0.6886051078125
0 0.22160970156249998 0.99901768125 0.22160970156249998 0.97544204375
0 0.12624035312499998 0.7151277015625 0.1267916203125 0.7200392921875001
0 0.1372657109375 0.9616895875000001 0.134509371875 0.9557956781250001
0 0.49503858906250003 0.65225933125 0.49558985624999996 0.6650294703124999
0 0.6912899671875 0.92239685625 0.6852260203125 0.9322200390625