2 0.3748621828125 0.55009823125 0.374310915625 0.546168959375
0 0.8406835718749999 0.47347740624999995 0.8450937156249999 0.46561886093749993
0 0.4393605296875 0.5 0.43880926093749995 0.51178781875
0 0.8009922828124999 0.685658153125 0.795479603125 0.698428290625
0 0.29988974687500003 0.7033398828124999 0.29603087031249997 0.7092337921875
0 0.489525909375 0.608055009375 0.4823594265625 0.622789784375
0 0.10859977968750001 0.60117878125 0.097023153125 0.627701375
0 0.38919514843749997 0.558939096875 0.3809261296875 0.570726915625
0 0.40904079375 0.56286836875 0.41565600937499997 0.5854616890625
0 0.5049614109375 0.6699410609374999 0.5033076078125001 0.6944990171875001
0 0.23042998906249998 0.82023575625 0.2370452046875 0.83300589375