2 0.45203969062500005 0.5127701375 0.4509371546875 0.518664046875
0 0.9173098124999999 0.5599214140625 0.9128996687500001 0.571709234375
0 0.8676957 0.736738703125 0.8621830203125 0.7416502953124999
0 0.768467475 0.9666011781250001 0.7607497249999999 0.9616895875000001
0 0.42392502812500005 0.8624754421875 0.41896361562499995 0.872298625
0 0.692392503125 0.6444007859374999 0.694597575 0.65225933125
0 0.24862182968750002 0.6915520625 0.25192943749999996 0.697445971875
0 0.98787210625 0.525540275 0.9906284453125 0.5088408640625001
0 0.8263506062499999 0.99901768125 0.8605292171875 0.99901768125
0 0.44818081562499995 0.9390962671875001 0.4509371546875 0.9410609031250001
0 0.5110253578124999 0.4901768171875 0.509922821875 0.50098231875
0 0.7199558984375 0.65324165 0.717199559375 0.660117878125