0 0.8169790515625 0.4518664046875 0.80981256875 0.468565815625
0 0.7012127890625 0.6552062875 0.7034178609375 0.6620825140625
0 0 0.9911591359375 0.003858875 0.99901768125
0 0.7965821390625 0.7210216109375 0.7982359421874999 0.729862475
0 0.352811465625 0.5913555984375 0.35942668125 0.58840864375
0 0.2409040796875 0.7829076625 0.2431091515625 0.7868369359375
0 0.0589856671875 0.6237721015625 0.062293275 0.647347740625
0 0.5777287765625 0.736738703125 0.5733186328125 0.6954813359375
0 0.5319735390625 0.627701375 0.52480705625 0.660117878125
0 0.533076075 0.6385068765625 0.5347298781250001 0.647347740625
0 0.46306505 0.61394891875 0.46306505 0.610019646875
0 0.4509371546875 0.596267190625 0.4509371546875 0.58840864375
0 0.3980154359375 0.5933202359374999 0.3969129 0.6129666015625
0 0.427232634375 0.616895875 0.429988975 0.6237721015625