2 0.092613009375 0.88605108125 0.0876515984375 0.8889980359375
0 0.92557883125 0.8555992140625 0.9222712234375001 0.8634577609375
0 0.9388092609375001 0.775049115625 0.9388092609375001 0.751473478125
0 0.38919514843749997 0.6581532421875 0.39525909531250003 0.6650294703124999
0 0.49558985624999996 0.5284872296875001 0.496141125 0.533398821875
0 0.19955898593750002 0.969548134375 0.19900771718750002 0.9508840859375001
0 0.42171995625 0.5687622796875 0.4244762953125 0.5353634578124999
0 0 0.8497053046874999 0.002205071875 0.851669940625
0 0.5303197359375 0.678781925 0.5319735390625 0.6895874265625
0 0.163726571875 0.994106090625 0.163726571875 0.9813359531250001
0 0.6085997796875 0.621807465625 0.6080485109375 0.647347740625