2 0.3969129 0.5383104125 0.3936052921875 0.5402750484375
0 0.8936052921875 0.4970530453125 0.8925027562500001 0.5039292734374999
0 0.8517089312499999 0.49901768124999996 0.8522601984374999 0.520628684375
0 0.43880926093749995 0.495088409375 0.45148842343749995 0.5039292734374999
0 0.80981256875 0.671905696875 0.807607496875 0.6777996078124999
0 0.22767365 0.7799607078124999 0.2243660421875 0.80746561875
0 0.3042998890625 0.71807465625 0.29933847812500003 0.748526521875
0 0.13175303124999999 0.6110019640625 0.12568908437499998 0.634577603125
0 0.5033076078125001 0.6886051078125 0.5055126796875 0.6296660125
0 0.493936053125 0.5609037328124999 0.496141125 0.5638506875
0 0.40022050781249996 0.507858546875 0.40022050781249996 0.51178781875
0 0.43880926093749995 0.5481335953124999 0.4432194046875 0.576620825
0 0.5115766265625 0.6453831046875 0.514332965625 0.6561886046875001