1 0.481770833984375 0.435 0.483333333984375 0.41
1 0.5015625 0.1375 0.504166666015625 0.139166666015625
0 0.483333333984375 0.133333333984375 0.483854166015625 0.135833333984375
0 0.425 0.184166666015625 0.421354166015625 0.184166666015625
0 0.493229166015625 0.181666666015625 0.488020833984375 0.165833333984375
0 0.50625 0.139166666015625 0.5015625 0.1375
0 0.584895833984375 0.178333333984375 0.584895833984375 0.151666666015625
0 0.540625 0.126666666015625 0.538541666015625 0.128333333984375
0 0.538541666015625 0.1375 0.536458333984375 0.135
0 0.455729166015625 0.1775 0.4578125 0.1675
0 0.594270833984375 0.129166666015625 0.591666666015625 0.114166666015625
0 0.5947265625 0.1259765625 0.001953125 0.0048828125