2 0.1824696796875 0.65225933125 0.1780595375 0.65225933125
0 0.2160970234375 0.7210216109375 0.21389195156250002 0.735756384375
0 0.9332965828124999 0.7288801578124999 0.915656009375 0.7671905703124999
0 0 0.98821218125 0.0033076078124999997 0.99901768125
0 0.09040793750000001 0.995088409375 0.101433296875 0.99901768125
0 0.1251378171875 0.6493123765625 0.128445425 0.64243615
0 0.8555678062500001 0.8447937124999999 0.8561190734374999 0.8683693515625001
0 0.7447629546875 0.5854616890625 0.74366041875 0.597249509375
0 0.9740904078125 0.6375245578125 0.9740904078125 0.6640471515625
0 0.6615215 0.775049115625 0.66482910625 0.787819253125
0 0.5600882031250001 0.51178781875 0.56560088125 0.50098231875