2 0.10363836875000002 0.7455795671875001 0.10308710000000001 0.7396856578125
0 0.7850055125 0.6188605109374999 0.7866593171875 0.622789784375
0 0.05126791562500001 0.979371315625 0.056229328125 0.92436149375
0 0.14939360468750001 0.9764243609375001 0.15159867656249998 0.97347740625
0 0.063947078125 0.852652259375 0.06174200625 0.8555992140625
0 0.029768467187499998 0.7966601171875001 0.0336273421875 0.7937131625
0 0.6003307609374999 0.5039292734374999 0.6130099234374999 0.504911590625
0 0.6124586546875 0.7406679765625 0.6085997796875 0.7465618859375
0 0.24751929375 0.9656188609375 0.24862182968750002 0.94891945
0 0.472987871875 0.6129666015625 0.47353914062499997 0.6178781921875001
0 0.1968026453125 0.5530451859375 0.19955898593750002 0.5599214140625
0 0.0777287765625 0.99901768125 0.10859977968750001 0.99901768125