2 0.3880926125 0.5491159140625 0.3880926125 0.5550098234374999
0 0.8169790515625 0.51178781875 0.816427784375 0.546168959375
0 0.5011025359375 0.6777996078124999 0.50441014375 0.6817288796875001
0 0.4614112453125 0.5294695484374999 0.4597574421875 0.52455795625
0 0.45534729843750005 0.504911590625 0.4581036390625 0.5088408640625001
0 0.7646086000000001 0.697445971875 0.7557883125 0.711198428125
0 0.21664829062500002 0.9449901765625001 0.2160970234375 0.9528487234374999
0 0.208930540625 0.8290766203125 0.21719955937500002 0.8290766203125
0 0.34785005468749997 0.660117878125 0.3511576625 0.6699410609374999
0 0.3004410140625 0.7082514734375 0.3004410140625 0.761296659375
0 0.0589856671875 0.6149312375 0.0589856671875 0.621807465625
0 0.5011025359375 0.6768172890625 0.5049614109375 0.6817288796875001
0 0.47960308749999997 0.5815324171875 0.47850055156250004 0.6257367390625
0 0.5088202859375001 0.65324165 0.5088202859375001 0.6768172890625
0 0.41675854531249995 0.48526522656250004 0.40959206249999996 0.50098231875