0 0.5038588749999999 0.6149312375 0.5033076078125001 0.6404715125
0 0.861080484375 0.672888015625 0.8632855562499999 0.678781925
0 0.9691289968750001 0.94793713125 0.964718853125 0.9616895875000001
0 0.0854465265625 0.7033398828124999 0.0876515984375 0.6944990171875001
0 0.9509371546875001 0.7131630640625 0.9437706718750001 0.724950884375
0 0.2761852265625 0.684675834375 0.28004410156250004 0.6944990171875001
0 0.257993384375 0.671905696875 0.26130099218749997 0.6817288796875001
0 0.19900771718750002 0.6650294703124999 0.200661521875 0.6620825140625
0 0.18357221562499998 0.6512770140625 0.18798235937500002 0.6561886046875001
0 0.457001103125 0.6689587421875001 0.46582138906250004 0.6689587421875001
0 0.3434399125 0.99901768125 0.34785005468749997 0.9813359531250001