0 0.202083333984375 0.55 0.202604166015625 0.5575
2 0.266666666015625 0.516666666015625 0.266666666015625 0.521666666015625
1 0.439505728515625 0.446666666015625 0.458255728515625 0.438333333984375
0 0.539583333984375 0.451666666015625 0.542708333984375 0.449166666015625
0 0.264583333984375 0.371666666015625 0.263020833984375 0.3825
0 0.573958333984375 0.348333333984375 0.58125 0.359166666015625
0 0.650520833984375 0.336666666015625 0.6578125 0.343333333984375
0 0.417708333984375 0.276666666015625 0.415104166015625 0.245
0 0.319270833984375 0.2375 0.322916666015625 0.2375
0 0.4375 0.150833333984375 0.432291666015625 0.140833333984375
0 0.434275521484375 0.136345 0.428561458984375 0.127996666015625
0 0.5063234375 0.13714 0.501603125 0.125611666015625
1 0.491145833984375 0.103333333984375 0.488020833984375 0.105