2 0.1543550171875 0.83300589375 0.154906284375 0.827111984375
0 0.834619625 0.47249508906250004 0.834619625 0.48330058906250006
0 0.48070562343749995 0.58840864375 0.4779492828125 0.6070726921875
0 0.8781697906250001 0.646365421875 0.8776185218749999 0.6552062875
0 0.027012128125 0.8673870328125 0.033076074999999996 0.8801571703125
0 0.266813671875 0.75638506875 0.2772877625 0.750491159375
0 0.6185226015625 0.5216110015625001 0.628445425 0.530451865625
0 0.5815876515625 0.55009823125 0.5777287765625 0.56483300625
0 0.6157662625 0.620825146875 0.6130099234374999 0.6247544203125
0 0.5253583234375 0.479371315625 0.5214994484375 0.4901768171875
0 0.5380374859375 0.53732809375 0.5413450937500001 0.5383104125
0 0.5402425578125001 0.474459725 0.5358324140625 0.48330058906250006
0 0.266262403125 0.48821218125000004 0.27232635 0.5039292734374999