0 0.857221609375 0.47544204375000004 0.8511576625 0.469548134375
0 0.8169790515625 0.5402750484375 0.820286659375 0.5471512765625001
0 0.3401323046875 0.7544204328124999 0.3472987875 0.736738703125
0 0.7811466375 0.6944990171875001 0.774531421875 0.7062868375
0 0.122381478125 0.66699410625 0.12458654843750001 0.6777996078124999
0 0.526460859375 0.6748526515625 0.531422271875 0.64145383125
0 0.6080485109375 0.6660117875 0.6003307609374999 0.6886051078125
0 0.46802646093750006 0.576620825 0.4707828 0.5874263265625
0 0.518191840625 0.47249508906250004 0.5242557890625 0.482318271875
0 0.33020948125 0.6306483296875001 0.32249173125 0.6493123765625
0 0.2348401328125 0.787819253125 0.2348401328125 0.7917485265625