0 0.9614112453124999 0.710216109375 0.96306505 0.712180746875
0 0 0.87131630625 0.0027563390625 0.87328094375
0 0.3191841234375 0.7013752453125 0.3131201765625 0.7062868375
0 0.7183020953125 0.621807465625 0.716648290625 0.646365421875
0 0.9140022046875 0.9823182718749999 0.9084895265625 0.97544204375
0 0.047409040624999996 0.673870334375 0.0418963609375 0.70530451875
0 0.6874310921875 0.6935167 0.6951488421875001 0.7141453828125
0 0.9867695703124999 0.61591355625 0.9994487328125 0.6188605109374999
0 0.40959206249999996 0.891944990625 0.4200661515625 0.928290765625
0 0.5038588749999999 0.851669940625 0.5077177515625 0.8811394890625
0 0.6416758546875 0.4646365421875 0.6389195156249999 0.47642436093749996