1 0.48125 0.4075 0.472395833984375 0.389166666015625
2 0.3837890625 0.251953125 0.0029296875 0.0048828125
0 0.372395833984375 0.255833333984375 0.371875 0.271666666015625
0 0.414583333984375 0.2525 0.415104166015625 0.264166666015625
0 0.391666666015625 0.218333333984375 0.392708333984375 0.220833333984375
0 0.545833333984375 0.1975 0.541145833984375 0.1825
0 0.531770833984375 0.17 0.528125 0.153333333984375
0 0.434375 0.1575 0.429166666015625 0.144166666015625
0 0.505208333984375 0.181666666015625 0.506770833984375 0.158333333984375
0 0.554166666015625 0.1125 0.55 0.110833333984375
0 0.45 0.13 0.454180208984375 0.162975
1 0.5015625 0.11 0.497916666015625 0.111666666015625
0 0.459163541015625 0.104263333984375 0.457593228515625 0.104891666015625