1 0.48125 0.435833333984375 0.484375 0.408333333984375
0 0.5453125 0.223333333984375 0.546354166015625 0.225
0 0.559697396484375 0.176864166015625 0.563705208984375 0.1774225
0 0.435416666015625 0.168333333984375 0.432291666015625 0.1575
0 0.461458333984375 0.195833333984375 0.459375 0.189166666015625
0 0.418229166015625 0.150833333984375 0.413020833984375 0.14
0 0.370833333984375 0.145 0.366666666015625 0.15
0 0.432291666015625 0.115833333984375 0.428645833984375 0.119166666015625
0 0.497041666015625 0.168991666015625 0.497916666015625 0.161666666015625
1 0.4953125 0.115833333984375 0.491145833984375 0.118333333984375
0 0.5234375 0.126666666015625 0.519270833984375 0.13
0 0.536458333984375 0.1225 0.532291666015625 0.136666666015625