0 0.7342888640624999 0.63948919375 0.7381477390625 0.64243615
0 0.663175303125 0.6493123765625 0.6659316421875 0.660117878125
0 0.8605292171875 0.685658153125 0.8555678062500001 0.685658153125
0 0.8676957 0.6306483296875001 0.8660418968749999 0.634577603125
0 0.427232634375 0.9106090375000001 0.43329658281250005 0.90962671875
0 0.5424476296875 0.9194499015625001 0.533076075 0.9204322203125
0 0.225468578125 0.6571709234374999 0.22712238125 0.648330059375
0 0.40187431093750003 0.5039292734374999 0.39581036406250003 0.507858546875
0 0.9939360531249999 0.545186640625 0.9928335171875 0.557956778125
0 0.890848953125 0.61394891875 0.8914002203125 0.6178781921875001
2 0.40581752968749996 0.5255451859375 0.4053252484375 0.5211611