0 0.8605292171875 0.474459725 0.8649393609375 0.46561886093749993
0 0.7160970234375 0.6129666015625 0.712789415625 0.635559921875
0 0.9570011031250001 0.627701375 0.956449834375 0.63948919375
0 0.10859977968750001 0.86051080625 0.10859977968750001 0.8909626718749999
0 0.32579933906249997 0.6827111984374999 0.326901875 0.7318271125
0 0.8528114656250001 0.99901768125 0.8897464171875 0.99901768125
0 0.600882028125 0.6188605109374999 0.60363836875 0.6178781921875001
0 0.5385887546875 0.47053045156250006 0.5385887546875 0.49803536406250004
0 0.630650496875 0.506876228125 0.6389195156249999 0.506876228125
0 0.724917309375 0.558939096875 0.7260198453125 0.5658153234375
0 0.34399117968750004 0.558939096875 0.348952590625 0.5599214140625