0 0.5242557890625 0.6001964640625 0.5214994484375 0.6129666015625
0 0.865490628125 0.65324165 0.8638368249999999 0.667976425
0 0.3384785 0.7711198421875001 0.3401323046875 0.775049115625
0 0.8042998890625 0.9204322203125 0.8120176406249999 0.9302554031250001
0 0.1598676953125 0.6404715125 0.1686879828125 0.63948919375
0 0.32635060625 0.9833005890625 0.328555678125 0.9783889984374999
0 0.08710033125 0.7465618859375 0.09095920625000001 0.7573673875
0 0.485115765625 0.6188605109374999 0.4906284453125 0.5923379171875001
0 0.35722160937499997 0.99901768125 0.3588754140625 0.995088409375
0 0.3936052921875 0.97544204375 0.3880926125 0.96267190625
0 0.7877618515625 0.6257367390625 0.7822491734375 0.635559921875
2 0.1580115765625 0.747933203125 0.1586576625 0.7504007859375