0 0.9002205078125 0.667976425 0.9035281140625001 0.673870334375
0 0.7552370453125 0.99901768125 0.7866593171875 0.99901768125
0 0.0694597578125 0.8958742624999999 0.072216096875 0.89685658125
0 0.40407938281250005 0.7465618859375 0.4035281140625 0.763261296875
0 0.509922821875 0.49607072656250006 0.5088202859375001 0.5166994109374999
0 0.1130099234375 0.533398821875 0.10859977968750001 0.5667976421875001
0 0.8665931640625001 0.622789784375 0.8737596468750001 0.622789784375
0 0.960308709375 0.9577603140625 0.956449834375 0.9518664046875
0 0.9250275640625001 0.5412573671875001 0.9294377062500001 0.5412573671875001
0 0.622381478125 0.6512770140625 0.625689084375 0.647347740625
0 0.9911797140624999 0.6512770140625 0.9917309812499999 0.673870334375
0 0.8676957 0.974459725 0.865490628125 0.968565815625
0 0.5490628453124999 0.6620825140625 0.5474090406250001 0.6689587421875001
0 0.4432194046875 0.59037328125 0.44707827968749997 0.6021611