0 0.44597574375000004 0.94990176875 0.44818081562499995 0.943025540625
0 0.915656009375 0.667976425 0.9101433296874999 0.673870334375
0 0 0.6748526515625 0.00441014375 0.6817288796875001
0 0.4492833515625 0.9145383109375 0.45203969062500005 0.9135559921875
0 0.45534729843750005 0.8222003921875001 0.45755237031249996 0.8241650296874999
0 0.308158765625 0.6895874265625 0.308158765625 0.6748526515625
0 0.7260198453125 0.648330059375 0.72712238125 0.7033398828124999
0 0.9944873203125001 0.9833005890625 0.985115765625 0.9675834968749999
0 0.9531422265625 0.6119842828125 0.96306505 0.6129666015625
0 0.890848953125 0.99901768125 0.8936052921875 0.994106090625
0 0.8048511578124999 0.97544204375 0.8031973546875 0.9666011781250001
0 0.56174200625 0.4774066796875 0.5711135609375 0.474459725