1 0.4609375 0.426666666015625 0.46875 0.426666666015625
0 0.401041666015625 0.29 0.405208333984375 0.284166666015625
0 0.348958333984375 0.295 0.352083333984375 0.2925
0 0.5296875 0.240833333984375 0.5234375 0.2025
0 0.425 0.199166666015625 0.416145833984375 0.1875
0 0.425520833984375 0.200833333984375 0.428125 0.199166666015625
0 0.449479166015625 0.125833333984375 0.445833333984375 0.1275
0 0.463020833984375 0.105 0.459375 0.109166666015625
0 0.5015625 0.1725 0.4984375 0.154166666015625
0 0.517708333984375 0.175833333984375 0.511979166015625 0.163333333984375
0 0.546875 0.110833333984375 0.544791666015625 0.113333333984375
1 0.505729166015625 0.118333333984375 0.5015625 0.108333333984375