0 0.8632855562499999 0.6640471515625 0.865490628125 0.6748526515625
0 0.4349503859375 0.556974459375 0.43439911875000004 0.5667976421875001
0 0.976846746875 0.5874263265625 0.9807056234375 0.60117878125
0 0.1808158765625 0.634577603125 0.1868798234375 0.6188605109374999
0 0.8335170890624999 0.5658153234375 0.8263506062499999 0.5923379171875001
0 0.9729878718749999 0.5667976421875001 0.977398015625 0.5687622796875
0 0.9922822484375 0.5166994109374999 0.9994487328125 0.5166994109374999
0 0.6196251375 0.821218075 0.625689084375 0.8300589390625
0 0.5523704515625 0.8555992140625 0.5551267921874999 0.8644400781250001
0 0.7486218296875 0.609037328125 0.7431091515625 0.62671905625
0 0.36328555625000003 0.52455795625 0.37210584375 0.51375245625