0 0.5077177515625 0.5913555984375 0.5038588749999999 0.597249509375
0 0.8417861078125 0.519646365625 0.8439911796875 0.492141453125
0 0.8897464171875 0.6149312375 0.8897464171875 0.634577603125
0 0.0589856671875 0.85854616875 0.0589856671875 0.8644400781250001
0 0.29382579999999997 0.761296659375 0.29603087031249997 0.7475442046875
0 0.646637265625 0.5147347734375 0.6477398015625 0.5235756390625
0 0.597023153125 0.530451865625 0.5997794921875 0.533398821875
0 0.633958103125 0.5815324171875 0.638368246875 0.6060903734374999
0 0.5226019843749999 0.48624754374999996 0.526460859375 0.47347740624999995
0 0.56615215 0.49803536406250004 0.56615215 0.5039292734374999
0 0.295479603125 0.506876228125 0.295479603125 0.517681728125