0 0.8169790515625 0.51178781875 0.8169790515625 0.5363457765625
0 0.3434399125 0.6365422390625 0.345093715625 0.6385068765625
0 0.3042998890625 0.7278978390625 0.3042998890625 0.750491159375
0 0.7613009921875 0.698428290625 0.7613009921875 0.7072691546875001
0 0.5292171999999999 0.570726915625 0.5347298781250001 0.584479371875
0 0.47960308749999997 0.5363457765625 0.4873208375 0.520628684375
0 0.21664829062500002 0.7996070734375 0.208379271875 0.8133595281250001
0 0.0573318640625 0.64145383125 0.056229328125 0.6552062875
0 0.49558985624999996 0.673870334375 0.496141125 0.685658153125
0 0.56560088125 0.75540275 0.5600882031250001 0.7534381140625
0 0.5214994484375 0.6640471515625 0.52480705625 0.671905696875
0 0.42833517031249996 0.50098231875 0.42833517031249996 0.51178781875