2 0.22601984531250002 0.749508840625 0.21830209531250003 0.750491159375
0 0.8175303203125001 0.4567779953125 0.8197353906249999 0.46561886093749993
0 0.8379272328124999 0.647347740625 0.8340683578125001 0.660117878125
0 0 0.9921414531250001 0.00441014375 0.9960707265625001
0 0.225468578125 0.776031434375 0.21719955937500002 0.7917485265625
0 0.41455347343750004 0.608055009375 0.41289966875 0.6365422390625
0 0.2243660421875 0.55009823125 0.23042998906249998 0.544204321875
0 0.514332965625 0.58840864375 0.5154355015625 0.597249509375
0 0.5292171999999999 0.5913555984375 0.5319735390625 0.609037328125
0 0.4823594265625 0.49901768124999996 0.47905181875 0.5039292734374999
0 0.5567805953125 0.6001964640625 0.5606394703124999 0.60314341875
0 0.5854465265625 0.5343811390625001 0.5865490624999999 0.546168959375