0 0.8406835718749999 0.441060903125 0.83902976875 0.455795678125
0 0.7342888640624999 0.667976425 0.733737596875 0.6777996078124999
0 0.8395810359375 0.712180746875 0.8406835718749999 0.723968565625
0 0 0.9528487234374999 0.0027563390625 0.9616895875000001
0 0.29272326406250004 0.775049115625 0.291069459375 0.7917485265625
0 0.1681367140625 0.621807465625 0.16758544687500002 0.6385068765625
0 0.5628445421875 0.60117878125 0.5633958109375 0.610019646875
0 0.509922821875 0.7917485265625 0.5088202859375001 0.7996070734375
0 0.41455347343750004 0.5805500984374999 0.4140022046875 0.584479371875
0 0.44597574375000004 0.63948919375 0.4492833515625 0.64243615
0 0.4597574421875 0.5216110015625001 0.476846746875 0.545186640625