0 0.8406835718749999 0.479371315625 0.8406835718749999 0.494106090625
0 0.0468577734375 0.5618860515625 0.0463065046875 0.5785854609375
0 0.768467475 0.608055009375 0.7701212796875 0.61394891875
0 0.609702315625 0.5294695484374999 0.6168687984375001 0.546168959375
0 0.8665931640625001 0.9577603140625 0.865490628125 0.9833005890625
0 0.66979051875 0.99901768125 0.6703417859374999 0.9960707265625001
0 0.6681367140625001 0.9361493125000001 0.6692392500000001 0.9508840859375001
0 0.0755237046875 0.8762278984374999 0.0771775078125 0.8811394890625
0 0.32249173125 0.78192534375 0.3180815875 0.761296659375
0 0.7546857765625 0.635559921875 0.7519294375000001 0.634577603125
0 0.75248070625 0.6237721015625 0.7508269015625 0.6237721015625
0 0.7183020953125 0.6110019640625 0.7160970234375 0.621807465625
0 0.5049614109375 0.469548134375 0.5071664828125 0.4901768171875
0 0.9619625140625001 0.622789784375 0.9823594265625 0.6306483296875001
0 0.5347298781250001 0.5854616890625 0.539691290625 0.5893909625
0 0.76901874375 0.4872298625 0.762403528125 0.47347740624999995
0 0.39250275625 0.583497053125 0.3980154359375 0.583497053125