1 0.484375 0.409166666015625 0.48125 0.404166666015625
0 0.436979166015625 0.13 0.438541666015625 0.134166666015625
0 0.4335296875 0.164400833984375 0.432661978515625 0.14727
0 0.440104166015625 0.196666666015625 0.440625 0.195833333984375
0 0.411458333984375 0.195 0.413020833984375 0.194166666015625
0 0.381770833984375 0.1725 0.380729166015625 0.1325
1 0.4875 0.108333333984375 0.486458333984375 0.126666666015625
0 0.494754166015625 0.124431666015625 0.4919546875 0.133893333984375
0 0.501041666015625 0.144166666015625 0.5015625 0.1625
0 0.541666666015625 0.138333333984375 0.542708333984375 0.146666666015625
0 0.523958333984375 0.179166666015625 0.5246125 0.188543333984375
0 0.516145833984375 0.219166666015625 0.516666666015625 0.229166666015625