2 0.122381478125 0.770137525 0.12017640624999999 0.7671905703124999
0 0.84674751875 0.8644400781250001 0.8472987875 0.8693516703125
0 0.8230429984375001 0.610019646875 0.8252480703125 0.64243615
0 0.47739801562500006 0.5677799609374999 0.4779492828125 0.558939096875
0 0.439911796875 0.58840864375 0.44046306562500004 0.556974459375
0 0.10529217187499999 0.6257367390625 0.11135611875 0.62671905625
0 0.0534729875 0.7583497046875001 0.064498346875 0.7524557953125
0 0.192392503125 0.99901768125 0.196251378125 0.995088409375
0 0.369900771875 0.9921414531250001 0.36659316406250003 0.9852652265625
0 0.3880926125 0.7927308453124999 0.394156559375 0.7956778
0 0.78941565625 0.6021611 0.7822491734375 0.610019646875