2 0.15214994531249998 0.672888015625 0.14939360468750001 0.6699410609374999
0 0.14718853437499999 0.97544204375 0.1433296578125 0.9656188609375
0 0.8153252484375001 0.7269155203125 0.8015435500000001 0.7337917484375
0 0.0959206171875 0.6935167 0.099228225 0.6935167
0 0.033076074999999996 0.65225933125 0.043550165625 0.65324165
0 0.960859978125 0.7789783890625 0.960859978125 0.8300589390625
0 0.18357221562499998 0.9774066796875 0.17916207343749999 0.969548134375
0 0.7651598671875 0.6001964640625 0.7723263499999999 0.6001964640625
0 0.24145534687499998 0.6237721015625 0.24366041875 0.65422396875
0 0.21444321875 0.99901768125 0.212789415625 0.97544204375
0 0.0567805953125 0.8821218078124999 0.0490628453125 0.8821218078124999
0 0.989525909375 0.671905696875 0.981256890625 0.6817288796875001
0 0.5876515984374999 0.738703340625 0.5937155453125 0.7406679765625
0 0.2866593171875 0.9872298625000001 0.283351709375 0.980353634375
0 0.5694597578125 0.5108055015625 0.5694597578125 0.5166994109374999
0 0.1025358328125 0.969548134375 0.10859977968750001 0.9646365421875001