0 0.265625 0.5325 0.268229166015625 0.543333333984375
2 0.3203125 0.5107421875 0.0048828125 0.0087890625
0 0.547395833984375 0.440833333984375 0.545833333984375 0.4425
1 0.463020833984375 0.444166666015625 0.465104166015625 0.441666666015625
0 0.296354166015625 0.376666666015625 0.293229166015625 0.359444166015625
0 0.421875 0.264166666015625 0.425 0.22
0 0.322395833984375 0.208333333984375 0.325520833984375 0.205
0 0.580208333984375 0.3375 0.584895833984375 0.3375
0 0.6359375 0.305833333984375 0.641666666015625 0.31
0 0.4421875 0.1825 0.444270833984375 0.1825
0 0.430729166015625 0.165 0.428645833984375 0.126666666015625
1 0.497395833984375 0.1175 0.494791666015625 0.109166666015625
0 0.507291666015625 0.136666666015625 0.503383853515625 0.127908333984375