2 0.4696802640625 0.6129666015625 0.4696802640625 0.622789784375
0 0.43439911875000004 0.92239685625 0.4327453140625 0.929273084375
0 0.4663726578125 0.787819253125 0.47353914062499997 0.7937131625
0 0.9244762953125001 0.678781925 0.9244762953125001 0.6817288796875001
0 0.80981256875 0.9872298625000001 0.8081587656250001 0.9656188609375
0 0.308158765625 0.6777996078124999 0.3048511578125 0.6886051078125
0 0.733737596875 0.673870334375 0.737596471875 0.667976425
0 0 0.6561886046875001 0.0077177515625 0.6512770140625
0 0.99558985625 0.9891944984375 0.9994487328125 0.9852652265625
0 0.9663726578125 0.571709234375 0.9691289968750001 0.6021611
0 0.8980154359375 0.995088409375 0.894707828125 0.9587426328124999
0 0.5964718859375 0.4646365421875 0.599228225 0.47347740624999995