2 0.0584343984375 0.8644400781250001 0.0529217203125 0.8654223968749999
0 0.1102535828125 0.5284872296875001 0.10859977968750001 0.571709234375
0 0.5 0.5412573671875001 0.5038588749999999 0.53732809375
0 0.83902976875 0.99901768125 0.8417861078125 0.995088409375
0 0.9636163171875 0.9577603140625 0.9680264609375 0.995088409375
0 0.38478500625 0.6954813359375 0.382579934375 0.7220039296875
0 0.7635060640625 0.99901768125 0.766262403125 0.994106090625
0 0.0606394703125 0.877210215625 0.06339581093749999 0.8850687625000001
0 0.8379272328124999 0.5982318265625 0.8401323046875 0.6051080546875001
0 0.90463065 0.47053045156250006 0.9068357218750001 0.482318271875
0 0.636163175 0.6110019640625 0.6372657109375 0.62671905625
0 0.9404630656249999 0.6178781921875001 0.9426681359375 0.6257367390625
0 0.8836824703125 0.660117878125 0.882579934375 0.673870334375
0 0.5474090406250001 0.6561886046875001 0.5485115765625 0.660117878125
0 0.42557883125 0.6110019640625 0.4266813671875 0.61394891875