1 0.483333333984375 0.409166666015625 0.478125 0.399166666015625
0 0.429166666015625 0.234166666015625 0.430208333984375 0.216666666015625
0 0.548958333984375 0.119166666015625 0.546875 0.116666666015625
0 0.556515625 0.114205833984375 0.5555640625 0.119915833984375
0 0.574479166015625 0.139166666015625 0.572395833984375 0.1475
0 0.453645833984375 0.16 0.454166666015625 0.143333333984375
0 0.495130208984375 0.165979166015625 0.494654166015625 0.135524166015625
0 0.502604166015625 0.130833333984375 0.4984609375 0.126768333984375
0 0.514583333984375 0.165 0.516666666015625 0.1425
1 0.506770833984375 0.1225 0.505208333984375 0.119166666015625
0 0.505208333984375 0.144166666015625 0.50625 0.143333333984375