2 0.4349503859375 0.5402750484375 0.43439911875000004 0.546168959375
0 0.8125689078124999 0.4872298625 0.8169790515625 0.49115913593749994
0 0.5413450937500001 0.5815324171875 0.5435501656249999 0.5913555984375
0 0.4867695703125 0.5284872296875001 0.49117971406249994 0.5363457765625
0 0.336273428125 0.584479371875 0.3401323046875 0.584479371875
0 0.3153252484375 0.7043222 0.308158765625 0.7288801578124999
0 0.76901874375 0.686640471875 0.76405733125 0.698428290625
0 0.535281146875 0.660117878125 0.5413450937500001 0.6768172890625
0 0.07331863281249999 0.6306483296875001 0.0694597578125 0.6365422390625
0 0.4884233734375 0.57563850625 0.4906284453125 0.584479371875
0 0.45203969062500005 0.468565815625 0.4536934953125 0.5039292734374999
0 0.21003307656249998 0.8055009828124999 0.21003307656249998 0.8094302546875