0 0.1874310921875 0.969548134375 0.1912899671875 0.9440078578125
0 0.121830209375 0.9783889984374999 0.12568908437499998 0.9872298625000001
0 0.373759646875 0.6581532421875 0.3770672546875 0.661100196875
0 0.981808159375 0.7023575640625 0.9691289968750001 0.724950884375
0 0.5115766265625 0.530451865625 0.50826901875 0.5550098234374999
0 0.39966923906249996 0.557956778125 0.40518191875 0.5667976421875001
0 0.042998896875 0.8978389 0.043550165625 0.891944990625
0 0.0137816984375 0.8555992140625 0.022601984375000002 0.8506876234374999
0 0.4558985671875 0.7416502953124999 0.45644983437500003 0.7544204328124999
0 0.5964718859375 0.6660117875 0.59481808125 0.6777996078124999
0 0.2342888640625 0.9813359531250001 0.2342888640625 0.96267190625