0 0.8880926125 0.525540275 0.890848953125 0.520628684375
0 0.49503858906250003 0.525540275 0.49503858906250003 0.5294695484374999
0 0.8500551265625 0.6552062875 0.8561190734374999 0.6512770140625
0 0.43384785 0.5874263265625 0.43439911875000004 0.5913555984375
0 0.78059536875 0.9833005890625 0.7783902984375 0.995088409375
0 0.90518191875 0.6306483296875001 0.9084895265625 0.6404715125
0 0.055126792187499996 0.8644400781250001 0.0567805953125 0.8683693515625001
0 0.36824696874999996 0.698428290625 0.365490628125 0.7151277015625
0 0.0865490625 0.570726915625 0.09426681406250001 0.570726915625
0 0.9680264609375 0.902750490625 0.9691289968750001 0.9145383109375
0 0.6201764062499999 0.5383104125 0.621830209375 0.57760314375
0 0.5358324140625 0.6512770140625 0.5474090406250001 0.65225933125
0 0.8125689078124999 0.5943025546875 0.81367144375 0.57760314375
0 0.7403528109375 0.9616895875000001 0.7386990078125 0.9449901765625001