2 0.1267916203125 0.6944990171875001 0.1267916203125 0.7023575640625
0 0.033076074999999996 0.647347740625 0.0407938265625 0.6493123765625
0 0.75248070625 0.724950884375 0.74751929375 0.74459725
0 0.208379271875 0.9557956781250001 0.208379271875 0.9273084484374999
0 0.9829106953125001 0.7681728875 0.981256890625 0.7838899796875001
0 0.07056229375 0.9931237718749999 0.076626240625 0.99901768125
0 0.7772877625 0.570726915625 0.7783902984375 0.597249509375
0 0.09095920625000001 0.6699410609374999 0.089305403125 0.7062868375
0 0.0611907390625 0.8624754421875 0.059536934374999996 0.8673870328125
0 0.5589856671875 0.6493123765625 0.5562293281249999 0.660117878125
0 0.14829106875 0.9616895875000001 0.14939360468750001 0.99901768125
0 0.2816979046875 0.968565815625 0.2811466375 0.9440078578125
0 0.5793825796875 0.5 0.57828004375 0.507858546875
0 0.1449834625 0.9872298625000001 0.1449834625 0.9616895875000001
0 0.23759647187500002 0.5923379171875001 0.2403528109375 0.608055009375