1 0.4765625 0.394166666015625 0.4734375 0.373333333984375
0 0.4109375 0.186666666015625 0.407291666015625 0.184166666015625
0 0.397395833984375 0.204166666015625 0.401041666015625 0.19
0 0.5125 0.185 0.5140625 0.155
0 0.4734375 0.120833333984375 0.473958333984375 0.144166666015625
1 0.50731875 0.127011666015625 0.506658853515625 0.131235833984375
0 0.542708333984375 0.17 0.541666666015625 0.171666666015625
0 0.5609375 0.148333333984375 0.561458333984375 0.1475
0 0.557291666015625 0.175833333984375 0.560416666015625 0.175833333984375
0 0.6203125 0.159166666015625 0.619791666015625 0.165
0 0.642708333984375 0.165833333984375 0.6421875 0.150833333984375
0 0.528125 0.208333333984375 0.529166666015625 0.1775