0 0.8263506062499999 0.46561886093749993 0.8252480703125 0.47347740624999995
0 0.6747519296875 0.762278978125 0.6764057328125 0.7583497046875001
0 0.6686879828125 0.698428290625 0.67750826875 0.6944990171875001
0 0.4707828 0.5638506875 0.481256890625 0.5530451859375
0 0.3919514890625 0.62868369375 0.3914002203125 0.64243615
0 0.8197353906249999 0.6561886046875001 0.8169790515625 0.6915520625
0 0 0.9901768171875001 0.003858875 0.99901768125
0 0.28059536875 0.763261296875 0.27287761875 0.777013753125
0 0.1703417859375 0.5874263265625 0.1742006609375 0.5893909625
0 0.5567805953125 0.6453831046875 0.555678059375 0.7023575640625
0 0.41455347343750004 0.750491159375 0.40959206249999996 0.7711198421875001
0 0.5529217203125001 0.5726915515625 0.5474090406250001 0.576620825
0 0.5115766265625 0.545186640625 0.514332965625 0.5471512765625001