0 0.2640625 0.525833333984375 0.269791666015625 0.568333333984375
0 0.334895833984375 0.363333333984375 0.333333333984375 0.349583333984375
0 0.339583333984375 0.270833333984375 0.340104166015625 0.224166666015625
0 0.419270833984375 0.164166666015625 0.414583333984375 0.15
0 0.460416666015625 0.16 0.458854166015625 0.125
0 0.458854166015625 0.299166666015625 0.464583333984375 0.301666666015625
0 0.511979166015625 0.374166666015625 0.513541666015625 0.368333333984375
0 0.539583333984375 0.401666666015625 0.543229166015625 0.393333333984375
0 0.632291666015625 0.4275 0.63125 0.438333333984375
1 0.434895833984375 0.433333333984375 0.439583333984375 0.4525
1 0.497842708984375 0.109139166015625 0.4935328125 0.118174166015625
0 0.499479166015625 0.14 0.500520833984375 0.143333333984375