0 0.033076074999999996 0.647347740625 0.0407938265625 0.6493123765625
0 0.745865490625 0.749508840625 0.742006615625 0.7573673875
0 0.208379271875 0.9557956781250001 0.208379271875 0.9273084484374999
0 0.981256890625 0.7838899796875001 0.9829106953125001 0.7917485265625
0 0.07056229375 0.9901768171875001 0.076626240625 0.99901768125
0 0.7772877625 0.571709234375 0.7783902984375 0.597249509375
0 0.09095920625000001 0.6699410609374999 0.089305403125 0.7062868375
0 0.06174200625 0.8624754421875 0.059536934374999996 0.8673870328125
0 0.9972436609375 0.6905697453124999 0.9994487328125 0.6905697453124999
0 0.9911797140624999 0.6502946953125 0.9944873203125001 0.6640471515625
0 0.5562293281249999 0.660117878125 0.5435501656249999 0.6817288796875001
0 0.18191841250000002 0.9666011781250001 0.1780595375 0.9567779953125
0 0.2816979046875 0.968565815625 0.2811466375 0.9440078578125
0 0.5793825796875 0.5 0.57828004375 0.507858546875
0 0.1449834625 0.9872298625000001 0.1449834625 0.9616895875000001
0 0.23759647187500002 0.5923379171875001 0.2403528109375 0.608055009375
2 0.1270633953125 0.7030324171875 0.1298643875 0.705807465625