0 0.8517089312499999 0.5029469546875001 0.8517089312499999 0.47642436093749996
0 0.6212789421875 0.51178781875 0.6240352812500001 0.525540275
0 0 0.532416503125 0.0033076078124999997 0.5618860515625
0 0.7183020953125 0.6434184671875001 0.7199558984375 0.6640471515625
0 0.8952590953125 0.953831040625 0.894707828125 0.9813359531250001
0 0.8643880921875 0.9646365421875001 0.8643880921875 0.97347740625
0 0.6515986765624999 0.9783889984374999 0.6460859984375 0.969548134375
0 0.6896361625 0.9724950890624999 0.68632855625 0.9656188609375
0 0.10859977968750001 0.84675835 0.10859977968750001 0.8978389
0 0.3213891953125 0.699410609375 0.31863285625 0.7328094296875001
0 0.642227121875 0.6178781921875001 0.6350606390625 0.6257367390625
0 0.9823594265625 0.63948919375 0.9994487328125 0.6434184671875001
0 0.551819184375 0.5687622796875 0.5523704515625 0.57563850625
0 0.5176405734375 0.5108055015625 0.5214994484375 0.5108055015625
0 0.7348401328125 0.5736738703125 0.7409040796874999 0.5815324171875
0 0.36328555625000003 0.570726915625 0.36769569999999996 0.571709234375