0 0.8175303203125001 0.55009823125 0.8213891953125 0.5098231828124999
0 0.45534729843750005 0.5530451859375 0.45755237031249996 0.53929273125
0 0.382028665625 0.711198428125 0.385887540625 0.7072691546875001
0 0.8219404625 0.647347740625 0.816427784375 0.647347740625
0 0 0.9901768171875001 0.0066152156249999995 0.99901768125
0 0.22877618593750002 0.7573673875 0.22326350625 0.7671905703124999
0 0.21830209531250003 0.5550098234374999 0.225468578125 0.5609037328124999
0 0.45534729843750005 0.5088408640625001 0.45479603125 0.520628684375
0 0.5170893046875 0.55108055 0.5165380374999999 0.5667976421875001
0 0.5490628453124999 0.6129666015625 0.5441014328125 0.6296660125
0 0.5474090406250001 0.5294695484374999 0.5457552375 0.533398821875