2 0.133958103125 0.6817288796875001 0.13175303124999999 0.6895874265625
0 0.283351709375 0.97347740625 0.283351709375 0.9528487234374999
0 0.043550165625 0.6512770140625 0.060088203124999996 0.6385068765625
0 0.768467475 0.735756384375 0.7717750828125001 0.7406679765625
0 0.9823594265625 0.7976424359375 0.9906284453125 0.7868369359375
0 0.21389195156250002 0.9911591359375 0.212789415625 0.969548134375
0 0.0793825796875 0.99901768125 0.0997794921875 0.99901768125
0 0.1824696796875 0.969548134375 0.17861080468749999 0.96070726875
0 0.7723263499999999 0.57563850625 0.7657111359375001 0.58840864375
0 0.783351709375 0.5854616890625 0.7866593171875 0.5943025546875
0 0.099228225 0.7151277015625 0.100882028125 0.6964636546875
0 0.06560088124999999 0.8762278984374999 0.054575523437499995 0.8762278984374999
0 0.56174200625 0.6758349703125 0.5633958109375 0.671905696875
0 0.5865490624999999 0.5127701375 0.59095920625 0.507858546875
0 0.1477398015625 0.969548134375 0.14443219375 0.9616895875000001
0 0.2425578828125 0.6110019640625 0.2442116875 0.6257367390625