0 0.41289966875 0.724950884375 0.41345093750000006 0.7583497046875001
0 0.44266813593750004 0.608055009375 0.43825799375 0.6129666015625
0 0.9128996687500001 0.6699410609374999 0.9134509375000001 0.6886051078125
0 0.77287761875 0.99901768125 0.7960308703125001 0.99901768125
0 0.07828004375 0.8055009828124999 0.0793825796875 0.8143418468749999
0 0.1130099234375 0.5383104125 0.1119073875 0.5491159140625
0 0.8820286656249999 0.609037328125 0.8787210578125 0.620825146875
0 0.9746416765625 0.9666011781250001 0.9718853359375 0.9616895875000001
0 0.9388092609375001 0.5422396859374999 0.94211686875 0.545186640625
0 0.8820286656249999 0.979371315625 0.8792723265625 0.9715127703125
0 0.5562293281249999 0.673870334375 0.5562293281249999 0.67976424375
0 0.5165380374999999 0.56286836875 0.518191840625 0.5559921421875
0 0.6251378171875001 0.6552062875 0.628445425 0.65225933125