1 0.484375 0.410833333984375 0.475 0.389166666015625
1 0.503645833984375 0.1375 0.505208333984375 0.1375
0 0.655208333984375 0.1925 0.65625 0.194166666015625
0 0.649479166015625 0.200833333984375 0.649479166015625 0.203333333984375
0 0.481770833984375 0.2125 0.478645833984375 0.218333333984375
0 0.388020833984375 0.1975 0.388020833984375 0.2
0 0.365625 0.199166666015625 0.365104166015625 0.2025
0 0.496875 0.19 0.494791666015625 0.194166666015625
0 0.5328125 0.170833333984375 0.532291666015625 0.178333333984375
0 0.449479166015625 0.114166666015625 0.446875 0.118333333984375
0 0.567708333984375 0.160833333984375 0.5671875 0.139166666015625
0 0.560416666015625 0.125833333984375 0.557291666015625 0.125833333984375