0 0.8120176406249999 0.469548134375 0.8009922828124999 0.479371315625
0 0.704520396875 0.671905696875 0.7050716640625 0.698428290625
0 0.5341786109375 0.7161100203124999 0.5336273421875 0.673870334375
0 0 0.9921414531250001 0.003858875 0.99901768125
0 0.8015435500000001 0.6817288796875001 0.799889746875 0.711198428125
0 0.3649393609375 0.53732809375 0.361631753125 0.5432220046875
0 0.2348401328125 0.7966601171875001 0.23814773906250003 0.7907662078125
0 0.0463065046875 0.6051080546875001 0.039140021875 0.609037328125
0 0.38919514843749997 0.558939096875 0.39525909531250003 0.597249509375
0 0.44266813593750004 0.667976425 0.4415656015625 0.6777996078124999
0 0.5385887546875 0.6777996078124999 0.5424476296875 0.6954813359375