0 0.219791666015625 0.52 0.241666666015625 0.564166666015625
0 0.653645833984375 0.413333333984375 0.655729166015625 0.4275
0 0.5421875 0.386666666015625 0.550520833984375 0.388333333984375
0 0.509375 0.351666666015625 0.508333333984375 0.38
1 0.421875 0.435833333984375 0.4359375 0.439166666015625
0 0.3 0.375833333984375 0.307291666015625 0.375833333984375
0 0.441145833984375 0.283333333984375 0.441145833984375 0.3
0 0.33125 0.261666666015625 0.329166666015625 0.245833333984375
0 0.425 0.1925 0.421875 0.178333333984375
0 0.447916666015625 0.143333333984375 0.447916666015625 0.1475
1 0.490208333984375 0.1255975 0.4913890625 0.126209166015625
0 0.506770833984375 0.13 0.505208333984375 0.125