2 0.10970231562499999 0.8683693515625001 0.10529217187499999 0.8683693515625001
0 0.9972436609375 0.995088409375 0.9994487328125 0.995088409375
0 0.9592061734374999 0.8438113953125 0.960308709375 0.88408644375
0 0.9503858875000001 0.789783890625 0.9558985671875 0.7917485265625
0 0.3914002203125 0.660117878125 0.410694596875 0.6561886046875001
0 0.4906284453125 0.6110019640625 0.49503858906250003 0.6129666015625
0 0.4140022046875 0.570726915625 0.41675854531249995 0.56286836875
0 0.20286659375 0.9852652265625 0.19900771718750002 0.9724950890624999
0 0.24366041875 0.9813359531250001 0.2442116875 0.9675834968749999
0 0 0.878192534375 0.0066152156249999995 0.8762278984374999
0 0.493936053125 0.7023575640625 0.49007717812499996 0.7161100203124999
0 0.1642778390625 0.99901768125 0.16482910625 0.9587426328124999
0 0.605843440625 0.661100196875 0.6041896359375001 0.6807465625