2 0.1063947078125 0.723968565625 0.10529217187499999 0.7288801578124999
0 0.0192943765625 0.8045186640624999 0.0214994484375 0.800589390625
0 0.7866593171875 0.5618860515625 0.787210584375 0.57760314375
0 0.0385887546875 0.979371315625 0.039140021875 0.9616895875000001
0 0.06174200625 0.86051080625 0.0567805953125 0.8644400781250001
0 0.12127894218749999 0.99901768125 0.136163175 0.99901768125
0 0.600882028125 0.5039292734374999 0.6085997796875 0.5039292734374999
0 0.5920617421875 0.750491159375 0.584895259375 0.775049115625
0 0.23869900781250003 0.969548134375 0.23814773906250003 0.9449901765625001
0 0.4581036390625 0.6306483296875001 0.4614112453125 0.6434184671875001
0 0.1951488421875 0.5677799609374999 0.19955898593750002 0.56286836875
0 0.099228225 0.969548134375 0.09481808124999999 0.9616895875000001