0 0.570011025 0.6444007859374999 0.570011025 0.6650294703124999
0 0.2442116875 0.8280943031250001 0.2431091515625 0.8654223968749999
0 0.47188533593750004 0.60117878125 0.47850055156250004 0.6021611
0 0.12127894218749999 0.974459725 0.12568908437499998 0.969548134375
0 0.2739801546875 0.980353634375 0.27673649375 0.97347740625
0 0.1289966921875 0.99901768125 0.154906284375 0.99901768125
0 0.27673649375 0.5432220046875 0.2778390296875 0.5677799609374999
0 0.1041896359375 0.8418467578125 0.101433296875 0.84774066875
0 0.19955898593750002 0.953831040625 0.20672546875000003 0.9410609031250001
0 0.33461962500000003 0.659135559375 0.3379272328125 0.6561886046875001
0 0.3153252484375 0.9852652265625 0.31863285625 0.99901768125