2 0.11135611875 0.877210215625 0.1119073875 0.872298625
0 0.9432194046875001 0.8683693515625001 0.9465270125 0.878192534375
0 0.948732084375 0.6827111984374999 0.948180815625 0.698428290625
0 0.2480705625 0.979371315625 0.24751929375 0.9666011781250001
0 0.38864388125 0.65422396875 0.3919514890625 0.659135559375
0 0.4966923921875 0.5736738703125 0.4944873203125 0.6110019640625
0 0.2034178609375 0.9715127703125 0.20672546875000003 0.943025540625
0 0.41289966875 0.5609037328124999 0.41786108125 0.571709234375
0 0.003858875 0.852652259375 0.002205071875 0.8673870328125
0 0.5115766265625 0.711198428125 0.50826901875 0.725933203125
0 0.287210584375 0.99901768125 0.32414553437500004 0.99901768125
0 0.13506063906250002 0.96267190625 0.13561190781250002 0.9783889984374999
0 0.6052921718750001 0.6041257375 0.6085997796875 0.648330059375