0 0 0.646365421875 0.0132304296875 0.647347740625
0 0.642778390625 0.7406679765625 0.6433296578125 0.74459725
0 0.7822491734375 0.5933202359374999 0.7905181921875 0.6060903734374999
0 0.05126791562500001 0.97347740625 0.0485115765625 0.9833005890625
0 0.114112459375 0.99901768125 0.1168687984375 0.9911591359375
0 0.0755237046875 0.8555992140625 0.06560088124999999 0.8555992140625
0 0.1598676953125 0.9567779953125 0.1604189640625 0.9273084484374999
0 0.04134509375 0.763261296875 0.042998896875 0.75638506875
0 0.58710033125 0.49803536406250004 0.58710033125 0.504911590625
0 0.59536935 0.47544204375000004 0.59095920625 0.479371315625
0 0.25248070624999996 0.9616895875000001 0.2546857765625 0.94891945
0 0.49117971406249994 0.660117878125 0.49228224843749996 0.6444007859374999
0 0.19955898593750002 0.5216110015625001 0.200661521875 0.5412573671875001