2 0.5292171999999999 0.5913555984375 0.527012128125 0.5854616890625
0 0.8423373765625 0.50098231875 0.844542446875 0.504911590625
0 0.6113561187500001 0.494106090625 0.6113561187500001 0.55009823125
0 0.0198456453125 0.5157170921875001 0.0220507171875 0.5363457765625
0 0.73594266875 0.647347740625 0.7342888640624999 0.6640471515625
0 0.9035281140625001 0.923379175 0.8952590953125 0.9400785859375
0 0.5170893046875 0.494106090625 0.5159867703125001 0.507858546875
0 0.8588754140624999 0.94793713125 0.857772878125 0.9528487234374999
0 0.3092613015625 0.7455795671875001 0.3114663734375 0.770137525
0 0.66097023125 0.99901768125 0.658765159375 0.969548134375
0 0.6565600875000001 0.9528487234374999 0.6615215 0.995088409375
0 0.0964718859375 0.84774066875 0.089305403125 0.8899803531250001
0 0.69018743125 0.6178781921875001 0.6912899671875 0.6434184671875001
0 0.9592061734374999 0.97347740625 0.9658213890624999 0.9656188609375
0 0.960859978125 0.62671905625 0.966923925 0.62671905625
0 0.8269018750000001 0.995088409375 0.83020948125 0.9656188609375
0 0.555678059375 0.57563850625 0.5463065046875 0.5815324171875
0 0.7530319734375001 0.5795677796875001 0.7590959203125001 0.5874263265625
0 0.37651598750000004 0.5383104125 0.3770672546875 0.558939096875