2 0.0777287765625 0.8801571703125 0.0749724359375 0.883104125
0 0.32249173125 0.7426326125 0.32414553437500004 0.76915520625
0 0.6990077171875 0.61394891875 0.6968026453125 0.6257367390625
0 0.0876515984375 0.923379175 0.0876515984375 0.928290765625
0 0.7056229328125 0.5383104125 0.712789415625 0.583497053125
0 0.6124586546875 0.52652259375 0.6168687984375001 0.532416503125
0 0.8616317531250001 0.507858546875 0.8632855562499999 0.51178781875
0 0.5793825796875 0.5805500984374999 0.5749724359374999 0.6070726921875
0 0.551267915625 0.44891945 0.551819184375 0.492141453125
0 0.6146637265625 0.48330058906250006 0.6212789421875 0.48330058906250006
0 0.3169790515625 0.49803536406250004 0.32579933906249997 0.50098231875