0 0.439911796875 0.93516699375 0.4492833515625 0.9204322203125
0 0.93384785 0.673870334375 0.93439911875 0.6876227890625
0 0.469128996875 0.85756385 0.469128996875 0.8880157171875
0 0.3125689078125 0.7003929265625 0.3169790515625 0.7023575640625
0 0.9029768468749999 0.9705304515625001 0.8996692390625001 0.96267190625
0 0.016538037499999998 0.6552062875 0.012679162499999999 0.6748526515625
0 0.9785005515625 0.5677799609374999 0.9779492828125 0.584479371875
0 0.7188533625 0.6552062875 0.7122381484375 0.6699410609374999
0 0.81367144375 0.97544204375 0.8081587656250001 0.9656188609375
0 0.5920617421875 0.4842829078125 0.5959206171875 0.48624754374999996
0 0.742006615625 0.608055009375 0.7403528109375 0.633595284375