0 0.5876515984374999 0.49115913593749994 0.5981256890625 0.5157170921875001
0 0.8500551265625 0.466601178125 0.8500551265625 0.48330058906250006
0 0.663175303125 0.5893909625 0.66482910625 0.60117878125
0 0.0749724359375 0.8762278984374999 0.0777287765625 0.8899803531250001
0 0.32635060625 0.7288801578124999 0.3274531421875 0.736738703125
0 0.6163175296875 0.5609037328124999 0.617971334375 0.5667976421875001
0 0.5446527015625 0.6060903734374999 0.5490628453124999 0.6296660125
0 0.5854465265625 0.52455795625 0.5832414546875 0.517681728125
0 0.5413450937500001 0.44990176875000004 0.5457552375 0.44990176875000004
0 0.6681367140625001 0.5157170921875001 0.673098125 0.525540275
0 0.3048511578125 0.4872298625 0.30595369375 0.5