2 0.570011025 0.5383104125 0.5667034171875 0.53732809375
0 0.7265711140625 0.6915520625 0.7304299890625 0.698428290625
0 0.8506063953125 0.684675834375 0.8472987875 0.6964636546875
0 0.0341786109375 0.99901768125 0.0738699 0.99901768125
0 0.3131201765625 0.7465618859375 0.31642778437499997 0.7593320234375
0 0.43329658281250005 0.67976424375 0.4288864390625 0.6935167
0 0.20948180781249998 0.60117878125 0.20782800468749998 0.6296660125
0 0.4415656015625 0.571709234375 0.44487320781250006 0.56286836875
0 0.47353914062499997 0.5540275046875001 0.47905181875 0.5638506875
0 0.5727673656250001 0.65225933125 0.5694597578125 0.7062868375
0 0.4834619625 0.659135559375 0.48566703437500003 0.6699410609374999
0 0.5115766265625 0.520628684375 0.51212789375 0.5294695484374999