2 0.29272326406250004 0.7956778 0.29217199531250004 0.787819253125
0 0.8373759640625 0.507858546875 0.8384785000000001 0.51178781875
0 0.039691290625 0.55009823125 0.047409040624999996 0.5638506875
0 0.7574421171875 0.60314341875 0.762403528125 0.6060903734374999
0 0.6163175296875 0.5471512765625001 0.6168687984375001 0.5599214140625
0 0.386438809375 0.5491159140625 0.390297684375 0.5559921421875
0 0.6664829109375 0.9390962671875001 0.6664829109375 0.94891945
0 0.0788313125 0.8349705296875 0.0793825796875 0.8428290765625001
0 0.31587651562499997 0.7141453828125 0.30981256875 0.724950884375
0 0.7486218296875 0.6512770140625 0.74751929375 0.6434184671875001
0 0.717199559375 0.65324165 0.7188533625 0.6178781921875001
0 0.9906284453125 0.63948919375 0.9944873203125001 0.6365422390625
0 0.861080484375 0.9469548140624999 0.8649393609375 0.9557956781250001
0 0.66482910625 0.9960707265625001 0.6692392500000001 0.994106090625
0 0.5303197359375 0.58840864375 0.5303197359375 0.5933202359374999
0 0.5049614109375 0.469548134375 0.5071664828125 0.48624754374999996
0 0.75633958125 0.5471512765625001 0.7646086000000001 0.546168959375