0 0.43439911875000004 0.686640471875 0.43439911875000004 0.699410609375
0 0.5170893046875 0.5658153234375 0.514332965625 0.584479371875
0 0.9470782796874999 0.6768172890625 0.9415656015625 0.6836935171875
0 0.089305403125 0.8349705296875 0.0876515984375 0.8487229859375001
0 0.452590959375 0.622789784375 0.45479603125 0.6257367390625
0 0.1295479609375 0.5235756390625 0.12568908437499998 0.53732809375
0 0.9128996687500001 0.597249509375 0.9162072765625 0.6110019640625
0 0.9128996687500001 0.994106090625 0.915656009375 0.99901768125
0 0.9994487328125 0.94891945 0.9944873203125001 0.94990176875
0 0.6334068359375 0.671905696875 0.6289966921875 0.6777996078124999
0 0.976846746875 0.5491159140625 0.9807056234375 0.5422396859374999
0 0.5777287765625 0.6257367390625 0.5804851156249999 0.6365422390625
0 0.8213891953125 0.995088409375 0.8213891953125 0.9724950890624999