1 0.48125 0.435833333984375 0.483333333984375 0.410833333984375
0 0.579166666015625 0.229166666015625 0.580729166015625 0.2375
0 0.617708333984375 0.149166666015625 0.615625 0.141666666015625
0 0.5984375 0.1575 0.597395833984375 0.135
0 0.516145833984375 0.149166666015625 0.511458333984375 0.1475
0 0.536979166015625 0.118333333984375 0.534323958984375 0.117120833984375
0 0.522256771484375 0.147635833984375 0.525754166015625 0.145033333984375
1 0.513317708984375 0.139593333984375 0.514583333984375 0.129166666015625
0 0.494270833984375 0.144166666015625 0.495833333984375 0.154166666015625
0 0.4671875 0.143333333984375 0.468229166015625 0.143333333984375
0 0.4515625 0.1325 0.4515625 0.138333333984375
0 0.41875 0.1575 0.419270833984375 0.166666666015625