0 0.344270833984375 0.463333333984375 0.346875 0.470833333984375
2 0.314453125 0.5439453125 0.0048828125 0.0078125
1 0.4203125 0.431666666015625 0.432291666015625 0.44
0 0.524479166015625 0.406666666015625 0.524479166015625 0.410833333984375
0 0.51875 0.403333333984375 0.525520833984375 0.3725
0 0.357291666015625 0.345833333984375 0.35625 0.34
0 0.4875 0.335 0.494270833984375 0.310833333984375
0 0.501041666015625 0.256666666015625 0.495833333984375 0.2375
0 0.359895833984375 0.2325 0.365625 0.255833333984375
0 0.415625 0.1575 0.411979166015625 0.148333333984375
0 0.5125 0.1225 0.511979166015625 0.119166666015625
1 0.505010416015625 0.11642 0.501626041015625 0.108604166015625
0 0.461979166015625 0.139166666015625 0.4625 0.14