0 0.848952590625 0.5 0.8517089312499999 0.506876228125
0 0.8197353906249999 0.6552062875 0.816427784375 0.661100196875
0 0.47353914062499997 0.595284871875 0.4696802640625 0.6493123765625
0 0.22932745312499997 0.7721021609375 0.22657111406250002 0.7829076625
0 0.3395810359375 0.685658153125 0.3384785 0.7141453828125
0 0.1824696796875 0.58840864375 0.18136714375000001 0.616895875
0 0.42833517031249996 0.5 0.42833517031249996 0.5166994109374999
0 0.4393605296875 0.5147347734375 0.4371554578125 0.5235756390625
0 0.5347298781250001 0.647347740625 0.531422271875 0.65225933125
0 0.518743109375 0.671905696875 0.527012128125 0.671905696875
0 0.5214994484375 0.5343811390625001 0.5115766265625 0.533398821875