0 0.196875 0.5325 0.205208333984375 0.555
2 0.1982421875 0.55078125 0.005859375 0.009765625
0 0.278125 0.36 0.274479166015625 0.379166666015625
1 0.428645833984375 0.4375 0.433333333984375 0.4325
0 0.51875 0.401666666015625 0.5203125 0.3875
0 0.565104166015625 0.381666666015625 0.570833333984375 0.365833333984375
0 0.666145833984375 0.408333333984375 0.668229166015625 0.411666666015625
0 0.427083333984375 0.293333333984375 0.432291666015625 0.296666666015625
0 0.318229166015625 0.259166666015625 0.322395833984375 0.250833333984375
0 0.427083333984375 0.158333333984375 0.422916666015625 0.1475
0 0.449479166015625 0.135 0.445833333984375 0.125833333984375
0 0.505208333984375 0.1575 0.50625 0.131666666015625
1 0.491145833984375 0.105 0.489583333984375 0.1075