0 0.3522601984375 0.9666011781250001 0.3461962515625 0.9557956781250001
0 0.2034178609375 0.98821218125 0.19955898593750002 0.9911591359375
0 0.3544652703125 0.774066796875 0.344542446875 0.7927308453124999
0 0.8241455343749999 0.88605108125 0.8241455343749999 0.8909626718749999
0 0.5176405734375 0.6060903734374999 0.5303197359375 0.5943025546875
0 0.390297684375 0.98624754375 0.38919514843749997 0.97544204375
0 0.4696802640625 0.5893909625 0.472987871875 0.582514734375
0 0.7783902984375 0.6404715125 0.782800440625 0.6404715125
0 0.1394707828125 0.647347740625 0.1477398015625 0.647347740625
0 0.0865490625 0.736738703125 0.081036384375 0.750491159375
0 0.8500551265625 0.6257367390625 0.8561190734374999 0.6444007859374999
0 0.29933847812500003 0.99901768125 0.31863285625 0.99901768125
2 0.1460700109375 0.7570117875 0.1473417859375 0.7578899796874999