1 0.474479166015625 0.389166666015625 0.472395833984375 0.373333333984375
0 0.444791666015625 0.27 0.447916666015625 0.26
0 0.417708333984375 0.270833333984375 0.418229166015625 0.266666666015625
0 0.372395833984375 0.203333333984375 0.378125 0.2025
0 0.554166666015625 0.213333333984375 0.560416666015625 0.190833333984375
0 0.547395833984375 0.159166666015625 0.543229166015625 0.149166666015625
0 0.511979166015625 0.14 0.508333333984375 0.135
0 0.443229166015625 0.150833333984375 0.4390625 0.14
0 0.4609375 0.131666666015625 0.459375 0.124166666015625
0 0.556770833984375 0.110833333984375 0.553125 0.1125
0 0.4528921875 0.119410833984375 0.452797916015625 0.124399166015625
1 0.497395833984375 0.136666666015625 0.4984375 0.1375