0 0.857221609375 0.7003929265625 0.8561190734374999 0.7318271125
0 0.9674751921875 0.9901768171875001 0.9696802640625 0.9931237718749999
0 0.40463065 0.9106090375000001 0.406835721875 0.9145383109375
0 0.6725468578125 0.6060903734374999 0.6725468578125 0.6129666015625
0 0.45534729843750005 0.48330058906250006 0.45644983437500003 0.49803536406250004
0 0.2227122375 0.6964636546875 0.22767365 0.7072691546875001
0 0.9718853359375 0.5491159140625 0.976846746875 0.546168959375
0 0.8313120171874999 0.968565815625 0.83020948125 0.94891945
0 0.48070562343749995 0.8880157171875 0.47739801562500006 0.8939096265625001
0 0.7072767359375 0.7220039296875 0.7111356125 0.722986246875
0 0.9002205078125 0.622789784375 0.9079382578124999 0.6237721015625