2 0.0507166484375 0.8909626718749999 0.0501653796875 0.89685658125
0 0.8511576625 0.49901768124999996 0.844542446875 0.51178781875
0 0.5920617421875 0.51178781875 0.5898566703125 0.50098231875
0 0.5986769562500001 0.48821218125000004 0.5997794921875 0.49803536406250004
0 0.3169790515625 0.6954813359375 0.32414553437500004 0.7062868375
0 0.6637265718750001 0.6051080546875001 0.6659316421875 0.6041257375
0 0.5589856671875 0.62671905625 0.55788313125 0.635559921875
0 0.081036384375 0.88408644375 0.07828004375 0.92436149375
0 0.621830209375 0.5618860515625 0.6367144437500001 0.57563850625
0 0.5501653796875 0.46561886093749993 0.5474090406250001 0.4842829078125
0 0.68136714375 0.520628684375 0.6824696796875 0.56483300625
0 0.33517089375000003 0.520628684375 0.33020948125 0.5216110015625001
0 0.3070562296875 0.517681728125 0.3048511578125 0.5275049109375