0 0.9432194046875001 0.7082514734375 0.9404630656249999 0.7151277015625
0 0.43109151093750003 0.9410609031250001 0.42613009999999996 0.9675834968749999
0 0.32249173125 0.7023575640625 0.32414553437500004 0.697445971875
0 0.869900771875 0.994106090625 0.8726571109375 0.99901768125
0 0.02094818125 0.6493123765625 0.016538037499999998 0.697445971875
0 0.9994487328125 0.94793713125 0.9906284453125 0.94891945
0 0.981808159375 0.58840864375 0.985667034375 0.596267190625
0 0.708930540625 0.673870334375 0.7078280046875001 0.6886051078125
0 0.8142227125 0.974459725 0.8081587656250001 0.9656188609375
0 0.48070562343749995 0.8055009828124999 0.481256890625 0.8123772109375
0 0.601433296875 0.4901768171875 0.6030871 0.495088409375
0 0.7386990078125 0.608055009375 0.7386990078125 0.6326129671875