0 0.8313120171874999 0.47544204375000004 0.8318632859375 0.481335953125
0 0.6692392500000001 0.761296659375 0.6708930546875 0.7583497046875001
0 0.66097023125 0.698428290625 0.66097023125 0.7023575640625
0 0.468577728125 0.570726915625 0.4779492828125 0.558939096875
0 0.3875413453125 0.6247544203125 0.386438809375 0.6434184671875001
0 0.8153252484375001 0.6807465625 0.807607496875 0.70530451875
0 0 0.9960707265625001 0.0011025359375 0.99901768125
0 0.27067254687500003 0.7779960703125 0.27067254687500003 0.7829076625
0 0.16758544687500002 0.6434184671875001 0.1681367140625 0.6807465625
0 0.5562293281249999 0.6051080546875001 0.5562293281249999 0.6365422390625
0 0.40518191875 0.7220039296875 0.40407938281250005 0.7573673875
0 0.5529217203125001 0.5795677796875001 0.551267915625 0.5746561890625
0 0.5214994484375 0.5363457765625 0.5159867703125001 0.5402750484375