0 0.8274531421875 0.5559921421875 0.8307607499999999 0.558939096875
0 0.4415656015625 0.5029469546875001 0.43825799375 0.5088408640625001
0 0.42171995625 0.672888015625 0.4140022046875 0.6650294703124999
0 0.369900771875 0.6316306484374999 0.369349503125 0.6453831046875
0 0.77287761875 0.712180746875 0.7734288859375 0.7200392921875001
0 0.21334068281250002 0.8192534374999999 0.2122381484375 0.8379174859375
0 0.29603087031249997 0.774066796875 0.29988974687500003 0.7779960703125
0 0.072216096875 0.5982318265625 0.072767365625 0.6041257375
0 0.3936052921875 0.49901768124999996 0.38974641718749997 0.5039292734374999
0 0.47023153281249996 0.56286836875 0.4696802640625 0.5746561890625
0 0.496141125 0.667976425 0.49558985624999996 0.685658153125