2 0.16979051875 0.7288801578124999 0.16979051875 0.736738703125
0 0.5292171999999999 0.609037328125 0.527012128125 0.622789784375
0 0.2811466375 0.8163064828125 0.2772877625 0.8251473484374999
0 0.1124586546875 0.7318271125 0.1130099234375 0.7161100203124999
0 0.493936053125 0.64243615 0.497794928125 0.63948919375
0 0.73594266875 0.923379175 0.737596471875 0.9312377203125
0 0.13175303124999999 0.622789784375 0.1372657109375 0.622789784375
0 0.8776185218749999 0.65324165 0.8781697906250001 0.667976425
0 0.8114663734375 0.6650294703124999 0.8081587656250001 0.6660117875
0 0.7965821390625 0.67976424375 0.8009922828124999 0.660117878125
0 0.22767365 0.9567779953125 0.22160970156249998 0.9459724953125
0 0.328555678125 0.9872298625000001 0.328555678125 0.97544204375
0 0.35611907343750004 0.96267190625 0.3544652703125 0.953831040625
0 0.2480705625 0.9842829078124999 0.2480705625 0.9764243609375001