0 0.8434399125 0.5 0.8528114656250001 0.50098231875
0 0.6251378171875001 0.5363457765625 0.6267916203125 0.5412573671875001
0 0.0088202859375 0.5166994109374999 0.0110253578125 0.52455795625
0 0.7326350609375 0.6237721015625 0.72712238125 0.63948919375
0 0.9029768468749999 0.93713163125 0.8963616312499999 0.94891945
0 0.8649393609375 0.9587426328124999 0.865490628125 0.9764243609375001
0 0.654906284375 0.969548134375 0.6515986765624999 0.9616895875000001
0 0.658765159375 0.99901768125 0.6912899671875 0.99901768125
0 0.1047409046875 0.8438113953125 0.10363836875000002 0.8546168953125
0 0.31863285625 0.729862475 0.3169790515625 0.74459725
0 0.6493936046875 0.62671905625 0.6681367140625001 0.6051080546875001
0 0.9994487328125 0.635559921875 0.9994487328125 0.5923379171875001
0 0.551819184375 0.576620825 0.551819184375 0.5805500984374999
0 0.5137816984375 0.49901768124999996 0.5110253578124999 0.507858546875
0 0.7442116875 0.5785854609375 0.7447629546875 0.56286836875
0 0.36383682500000003 0.492141453125 0.3649393609375 0.5127701375