0 0.44266813593750004 0.5530451859375 0.443770671875 0.546168959375
0 0.42613009999999996 0.51178781875 0.43164277812499996 0.5166994109374999
0 0.762403528125 0.748526521875 0.770672546875 0.761296659375
0 0.2116868796875 0.89685658125 0.21334068281250002 0.9135559921875
0 0.3605292171875 0.65422396875 0.3649393609375 0.6660117875
0 0.2949283359375 0.73084479375 0.29988974687500003 0.75638506875
0 0.064498346875 0.5982318265625 0.06339581093749999 0.6129666015625
0 0.4035281140625 0.48526522656250004 0.3914002203125 0.51178781875
0 0.48787210625000005 0.685658153125 0.49117971406249994 0.6886051078125
0 0.47188533593750004 0.620825146875 0.469128996875 0.62671905625
0 0.49503858906250003 0.6434184671875001 0.4994487328125 0.671905696875