2 0.20672546875000003 0.546168959375 0.2012127890625 0.5383104125
0 0.83902976875 0.4872298625 0.8384785000000001 0.49901768124999996
0 0.8213891953125 0.6512770140625 0.81863285625 0.6561886046875001
0 0.22160970156249998 0.789783890625 0.221058434375 0.7996070734375
0 0.3472987875 0.7200392921875001 0.3472987875 0.7318271125
0 0.18798235937500002 0.5383104125 0.18798235937500002 0.546168959375
0 0.4873208375 0.584479371875 0.4840132296875 0.60117878125
0 0.4140022046875 0.570726915625 0.41565600937499997 0.5746561890625
0 0.4614112453125 0.45284872343749993 0.46471885312500005 0.45284872343749993
0 0.5292171999999999 0.7033398828124999 0.5292171999999999 0.711198428125
0 0.539691290625 0.621807465625 0.5413450937500001 0.6385068765625
0 0.57056229375 0.646365421875 0.570011025 0.6444007859374999
0 0.5358324140625 0.6650294703124999 0.539691290625 0.6493123765625