2 0.18632855625 0.7927308453124999 0.18136714375000001 0.7956778
2 0.18357221562499998 0.84675835 0.1824696796875 0.8369351671875
0 0.8175303203125001 0.532416503125 0.8208379265625 0.5363457765625
0 0.514332965625 0.495088409375 0.5137816984375 0.520628684375
0 0.8588754140624999 0.6404715125 0.857221609375 0.6552062875
0 0 0.9774066796875 0.002205071875 0.979371315625
0 0.2761852265625 0.762278978125 0.2772877625 0.76915520625
0 0.5937155453125 0.5294695484374999 0.59481808125 0.533398821875
0 0.48787210625000005 0.482318271875 0.49117971406249994 0.48526522656250004
0 0.55788313125 0.5599214140625 0.555678059375 0.5726915515625
0 0.4476295484375 0.6041257375 0.44597574375000004 0.6257367390625
0 0.5865490624999999 0.6129666015625 0.5904079375 0.622789784375