0 0.4663726578125 0.6051080546875001 0.46582138906250004 0.609037328125
0 0.022601984375000002 0.7996070734375 0.026460859375 0.800589390625
0 0.783351709375 0.6198428296875 0.7877618515625 0.6237721015625
0 0.0385887546875 0.96267190625 0.0424476296875 0.9774066796875
0 0.0716648296875 0.8565815328124999 0.0606394703125 0.8555992140625
0 0.14663726562499999 0.98624754375 0.14829106875 0.97544204375
0 0.601433296875 0.482318271875 0.6052921718750001 0.494106090625
0 0.6168687984375001 0.749508840625 0.6234840125 0.7318271125
0 0.24366041875 0.9666011781250001 0.2442116875 0.9449901765625001
0 0.192392503125 0.5618860515625 0.1957001109375 0.5677799609374999
0 0.106945975 0.968565815625 0.1025358328125 0.9567779953125
2 0.103125 0.7328125 0.10625 0.7328125