2 0.47353914062499997 0.55009823125 0.4696802640625 0.55009823125
0 0.9062844546875001 0.6905697453124999 0.8996692390625001 0.698428290625
0 0.7938258 0.9666011781250001 0.7905181921875 0.9587426328124999
0 0.44432194062499997 0.851669940625 0.44211686875 0.86051080625
0 0.2987872109375 0.6905697453124999 0.2982359421875 0.6817288796875001
0 0.7287761859375 0.6178781921875001 0.7287761859375 0.62671905625
0 0.9465270125 0.6129666015625 0.9476295484374999 0.5943025546875
0 0.8792723265625 0.9616895875000001 0.8770672546875 0.9557956781250001
0 0.46471885312500005 0.88408644375 0.460308709375 0.89685658125
0 0.5529217203125001 0.49901768124999996 0.5567805953125 0.49901768124999996
0 0.7160970234375 0.6434184671875001 0.716648290625 0.661100196875