0 0.1968026453125 0.98624754375 0.1934950390625 0.969548134375
0 0.981808159375 0.84675835 0.9807056234375 0.88408644375
0 0.964718853125 0.710216109375 0.9619625140625001 0.7161100203124999
0 0.5011025359375 0.5746561890625 0.5 0.5923379171875001
0 0.4084895265625 0.5658153234375 0.41124586562500004 0.5658153234375
0 0.3792723265625 0.65225933125 0.385887540625 0.660117878125
0 0.0088202859375 0.85854616875 0.0033076078124999997 0.8811394890625
0 0.4840132296875 0.7652259328125 0.4867695703125 0.775049115625
0 0.600882028125 0.6807465625 0.6047409046875 0.6807465625
0 0.1604189640625 0.99901768125 0.1604189640625 0.9577603140625
0 0.22657111406250002 0.98624754375 0.23759647187500002 0.9823182718749999