2 0.17364939375 0.6561886046875001 0.16923925 0.6561886046875001
0 0.90132304375 0.7671905703124999 0.9084895265625 0.7996070734375
0 0.21719955937500002 0.6257367390625 0.21775082656250003 0.646365421875
0 0.0292172 0.9390962671875001 0.035281146875 0.9273084484374999
0 0.10529217187499999 0.9833005890625 0.1130099234375 0.9656188609375
0 0.11466372656249998 0.6777996078124999 0.11852260156250001 0.678781925
0 0.7425578828125 0.583497053125 0.7431091515625 0.5913555984375
0 0.985667034375 0.6768172890625 0.97905181875 0.6817288796875001
0 0.8980154359375 0.79469548125 0.9029768468749999 0.78192534375
0 0.8952590953125 0.735756384375 0.9035281140625001 0.736738703125
0 0.647188534375 0.736738703125 0.6504961406249999 0.7288801578124999