0 0.8726571109375 0.48821218125000004 0.8781697906250001 0.492141453125
0 0.0876515984375 0.51375245625 0.0876515984375 0.53732809375
0 0.613561190625 0.6051080546875001 0.6196251375 0.6060903734374999
0 0.4162072765625 0.5383104125 0.4173098125 0.5550098234374999
0 0.8307607499999999 0.622789784375 0.8296582140625001 0.635559921875
0 0.87210584375 0.627701375 0.8754134515625 0.64243615
0 0.0463065046875 0.8889980359375 0.0529217203125 0.8889980359375
0 0.352811465625 0.699410609375 0.3500551265625 0.7318271125
0 0.7877618515625 0.5923379171875001 0.7938258 0.5923379171875001
0 0.7679162078124999 0.994106090625 0.7717750828125001 0.99901768125
0 0.526460859375 0.62671905625 0.5220507171875 0.6316306484374999
0 0.49724366093750005 0.5127701375 0.49724366093750005 0.517681728125