0 0.8472987875 0.506876228125 0.8506063953125 0.5039292734374999
0 0.6212789421875 0.49803536406250004 0.6229327453125 0.5166994109374999
0 0.0203969125 0.5667976421875001 0.0214994484375 0.5795677796875001
0 0.717199559375 0.6110019640625 0.721058434375 0.620825146875
0 0.8969129 0.9921414531250001 0.8996692390625001 0.9911591359375
0 0.9040793828125 0.9390962671875001 0.9040793828125 0.9528487234374999
0 0.737596471875 0.5874263265625 0.7386990078125 0.569744596875
0 0.3208379265625 0.6935167 0.32469680312500004 0.698428290625
0 0.8594266812500001 0.9823182718749999 0.8588754140624999 0.995088409375
0 0.5904079375 0.570726915625 0.5898566703125 0.5667976421875001
0 0.6003307609374999 0.558939096875 0.6085997796875 0.56286836875
0 0.09867695625 0.8880157171875 0.0959206171875 0.8948919453125
0 0.9994487328125 0.647347740625 0.9994487328125 0.597249509375
0 0.6334068359375 0.616895875 0.630099228125 0.633595284375
0 0.52866593125 0.4518664046875 0.527012128125 0.454813359375
0 0.35556780625 0.570726915625 0.35942668125 0.5746561890625