0 0.5336273421875 0.6296660125 0.5385887546875 0.635559921875
0 0.2574421171875 0.7170923375 0.26019845625000004 0.71807465625
0 0.8307607499999999 0.672888015625 0.8263506062499999 0.70530451875
0 0 0.98821218125 0.003858875 0.9960707265625001
0 0.8836824703125 0.6257367390625 0.8853362734375001 0.627701375
0 0.1003307609375 0.99901768125 0.10308710000000001 0.99901768125
0 0.2155457546875 0.99901768125 0.2155457546875 0.98624754375
0 0.154906284375 0.6699410609374999 0.14939360468750001 0.6886051078125
0 0.12568908437499998 0.672888015625 0.1312017640625 0.6650294703124999
0 0.12568908437499998 0.9616895875000001 0.1295479609375 0.9410609031250001
0 0.49117971406249994 0.62671905625 0.49007717812499996 0.6434184671875001
0 0.64002205 0.943025540625 0.6504961406249999 0.9459724953125