2 0.20727673593749998 0.5294695484374999 0.200661521875 0.52652259375
2 0.493936053125 0.56286836875 0.48566703437500003 0.56286836875
0 0.6868798234375 0.87131630625 0.6912899671875 0.8762278984374999
0 0.506615215625 0.51178781875 0.51212789375 0.5127701375
0 0.8428886437499999 0.750491159375 0.8423373765625 0.775049115625
0 0.2034178609375 0.9400785859375 0.2116868796875 0.9312377203125
0 0.23759647187500002 0.9528487234374999 0.2403528109375 0.9587426328124999
0 0.22326350625 0.8094302546875 0.22712238125 0.8172888015625001
0 0.2122381484375 0.9312377203125 0.21444321875 0.9410609031250001
0 0.15600882031250002 0.5422396859374999 0.16097023125 0.5422396859374999
0 0.4432194046875 0.7406679765625 0.44818081562499995 0.7406679765625