0 0.6157662625 0.698428290625 0.614112459375 0.6817288796875001
0 0.35170893125 0.6326129671875 0.35611907343750004 0.635559921875
0 0.50826901875 0.5677799609374999 0.50826901875 0.5785854609375
0 0.1824696796875 0.99901768125 0.1824696796875 0.9705304515625001
0 0.22932745312499997 0.974459725 0.23042998906249998 0.953831040625
0 0.029768467187499998 0.8418467578125 0.025909592187500004 0.8644400781250001
0 0.382579934375 0.5363457765625 0.390848953125 0.5491159140625
0 0.295479603125 0.9813359531250001 0.29933847812500003 0.9567779953125
0 0.39966923906249996 0.7662082515625 0.39966923906249996 0.7779960703125
0 0.10915104687499999 0.98624754375 0.10749724375 0.98821218125
0 0.14939360468750001 0.96070726875 0.1449834625 0.943025540625