0 0.8142227125 0.5530451859375 0.8169790515625 0.5540275046875001
0 0.8263506062499999 0.647347740625 0.8219404625 0.65225933125
0 0.016538037499999998 0.99901768125 0.016538037499999998 0.9911591359375
0 0.008269018749999999 0.88605108125 0.0011025359375 0.87328094375
0 0.523153253125 0.5432220046875 0.5214994484375 0.570726915625
0 0.2227122375 0.787819253125 0.23042998906249998 0.775049115625
0 0.390848953125 0.6905697453124999 0.3880926125 0.699410609375
0 0.22877618593750002 0.56286836875 0.23098125625 0.5785854609375
0 0.46471885312500005 0.51375245625 0.46085997812499996 0.525540275
0 0.5551267921874999 0.610019646875 0.5551267921874999 0.6257367390625
0 0.5733186328125 0.5343811390625001 0.5738699 0.545186640625
2 0.2822491734375 0.6944990171875001 0.2822491734375 0.6905697453124999