0 0.824696803125 0.481335953125 0.8219404625 0.4872298625
0 0.704520396875 0.648330059375 0.7050716640625 0.6650294703124999
0 0.539140021875 0.6571709234374999 0.5380374859375 0.66699410625
0 0.8081587656250001 0.6630648328125 0.8070562296875 0.6817288796875001
0 0.5694597578125 0.70530451875 0.5694597578125 0.7269155203125
0 0.06174200625 0.99901768125 0.063947078125 0.995088409375
0 0.38974641718749997 0.50098231875 0.3914002203125 0.492141453125
0 0.2342888640625 0.7927308453124999 0.23925027499999998 0.775049115625
0 0.0319735390625 0.60117878125 0.0424476296875 0.610019646875
0 0.39966923906249996 0.610019646875 0.39856670312500003 0.5805500984374999
0 0.452590959375 0.6886051078125 0.4509371546875 0.698428290625