2 0.13230429999999999 0.84774066875 0.13561190781250002 0.8398821218749999
2 0.138919515625 0.84577603125 0.1378169796875 0.8398821218749999
0 0.8269018750000001 0.525540275 0.8307607499999999 0.5294695484374999
0 0.8792723265625 0.6296660125 0.8836824703125 0.647347740625
0 0.042998896875 0.878192534375 0.0418963609375 0.8850687625000001
0 0.2651598671875 0.7593320234375 0.26130099218749997 0.776031434375
0 0.6356119078125 0.530451865625 0.630650496875 0.5677799609374999
0 0.5804851156249999 0.5383104125 0.5854465265625 0.53732809375
0 0.4867695703125 0.6512770140625 0.481256890625 0.661100196875
0 0.6201764062499999 0.584479371875 0.6251378171875001 0.6041257375
0 0.5303197359375 0.47838899843749993 0.52866593125 0.4872298625
0 0.551267915625 0.469548134375 0.5485115765625 0.47347740624999995
0 0.2811466375 0.504911590625 0.2822491734375 0.5157170921875001