0 0.90518191875 0.6178781921875001 0.907386990625 0.620825146875
0 0.869900771875 0.671905696875 0.861080484375 0.7082514734375
0 0.9796030874999999 0.994106090625 0.9823594265625 0.99901768125
0 0.40959206249999996 0.9076620828124999 0.42557883125 0.8654223968749999
0 0.6786108046875 0.6385068765625 0.69018743125 0.6571709234374999
0 0.2464167578125 0.6404715125 0.2425578828125 0.659135559375
0 0.7094818078125 0.6944990171875001 0.7078280046875001 0.719056975
0 0.47023153281249996 0.47053045156250006 0.47574421093749997 0.47249508906250004
0 0.9900771781250001 0.504911590625 0.9950385890625 0.5029469546875001
0 0.848952590625 0.99901768125 0.8506063953125 0.995088409375
0 0.45314222656250003 0.9204322203125 0.4581036390625 0.9106090375000001
0 0.7613009921875 0.9823182718749999 0.7480705624999999 0.9656188609375