0 0.836273428125 0.5029469546875001 0.8395810359375 0.507858546875
0 0.6113561187500001 0.5609037328124999 0.6157662625 0.56286836875
0 0.0363836828125 0.5550098234374999 0.03748621875 0.5746561890625
0 0.5126791625 0.49115913593749994 0.5110253578124999 0.507858546875
0 0.7535832421875 0.6149312375 0.7513781703125 0.62671905625
0 0.6334068359375 0.99901768125 0.665380375 0.99901768125
0 0.6692392500000001 0.98624754375 0.6664829109375 0.994106090625
0 0.084895259375 0.827111984375 0.0898566703125 0.8379174859375
0 0.30374862187499996 0.7671905703124999 0.29217199531250004 0.7917485265625
0 0.7012127890625 0.6561886046875001 0.7072767359375 0.6552062875
0 0.9994487328125 0.6365422390625 0.9994487328125 0.5943025546875
0 0.5347298781250001 0.596267190625 0.53748621875 0.596267190625
0 0.7635060640625 0.51178781875 0.7635060640625 0.482318271875
0 0.3875413453125 0.5638506875 0.38919514843749997 0.584479371875