1 0.474479166015625 0.38125 0.473958333984375 0.373333333984375
0 0.5453125 0.22 0.542708333984375 0.199166666015625
0 0.671875 0.195833333984375 0.6703125 0.171666666015625
0 0.566666666015625 0.143333333984375 0.565104166015625 0.129166666015625
0 0.541145833984375 0.160833333984375 0.541145833984375 0.136666666015625
0 0.5179578125 0.145265833984375 0.514496353515625 0.154224166015625
0 0.523265625 0.136675833984375 0.523265625 0.149975833984375
1 0.497916666015625 0.144166666015625 0.499479166015625 0.141666666015625
0 0.504166666015625 0.175 0.505208333984375 0.174166666015625
0 0.488541666015625 0.1775 0.488020833984375 0.178333333984375
0 0.447916666015625 0.159166666015625 0.447916666015625 0.155