2 0.154906284375 0.667976425 0.154906284375 0.673870334375
0 0.9470782796874999 0.7671905703124999 0.9492833515625 0.7721021609375
0 0.76901874375 0.5913555984375 0.7668136718749999 0.5982318265625
0 0.2447629546875 0.672888015625 0.24586549062500002 0.63948919375
0 0.83902976875 0.7269155203125 0.83517089375 0.7347740671875
0 0.180264609375 0.974459725 0.1824696796875 0.953831040625
0 0.0501653796875 0.8821218078124999 0.0463065046875 0.891944990625
0 0.09867695625 0.6807465625 0.1025358328125 0.6699410609374999
0 0.9873208375000001 0.6836935171875 0.9873208375000001 0.6886051078125
0 0.59481808125 0.74459725 0.5986769562500001 0.7406679765625
0 0.5694597578125 0.520628684375 0.572216096875 0.520628684375
0 0.0788313125 0.994106090625 0.081036384375 0.99901768125
0 0.1460859984375 0.9783889984374999 0.142227121875 0.9705304515625001