2 0.47353914062499997 0.532416503125 0.47353914062499997 0.5402750484375
0 0.9520396906249999 0.48624754374999996 0.9531422265625 0.495088409375
0 0.39581036406250003 0.5235756390625 0.38478500625 0.55108055
0 0.9250275640625001 0.5874263265625 0.9283351703125 0.6021611
0 0.973539140625 0.667976425 0.97519294375 0.673870334375
0 0.4349503859375 0.8801571703125 0.43880926093749995 0.878192534375
0 0.163175303125 0.6178781921875001 0.1615215 0.622789784375
0 0.7701212796875 0.584479371875 0.7761852265625 0.5854616890625
0 0.6808158765625001 0.6827111984374999 0.6819184125 0.6895874265625
0 0.36714443281250003 0.52455795625 0.3605292171875 0.5294695484374999
0 0.8313120171874999 0.647347740625 0.834619625 0.6650294703124999
0 0.5474090406250001 0.7868369359375 0.5545755234375 0.8025540281250001