0 0.298323 0.426426 0.056016 0.153722
0 0.187417 0.254315 0.014661 0.059481
0 0.193245 0.288741 0.024813 0.094907
0 0.272385 0.308454 0.028948 0.133009
0 0.327464 0.340870 0.039099 0.120306
0 0.315620 0.280713 0.021432 0.106944
0 0.357349 0.234602 0.028948 0.076194
0 0.445891 0.330843 0.038349 0.097583
0 0.431417 0.222565 0.025187 0.069509
0 0.580484 0.276370 0.020302 0.100926
2 0.406411 0.231926 0.005266 0.021389
1 0.229333 0.373954 0.039854 0.108944
1 0.690406 0.240602 0.013500 0.036593
3 0.064016 0.315148 0.029307 0.123861
3 0.705302 0.299194 0.014380 0.069630
