0 0.684989 0.228383 0.010571 0.039474
1 0.689746 0.239662 0.011628 0.043233
3 0.672304 0.212406 0.010571 0.045113
0 0.667019 0.237782 0.019027 0.054511
0 0.656448 0.251880 0.012685 0.056391
0 0.644820 0.250000 0.016913 0.060150
0 0.585095 0.214286 0.013742 0.056391
0 0.568182 0.198308 0.011628 0.046992
0 0.428118 0.230263 0.025370 0.073308
0 0.501057 0.228383 0.029598 0.080827
0 0.532241 0.271617 0.041226 0.095865
0 0.794926 0.313910 0.021142 0.067669
3 0.577696 0.422932 0.043340 0.161654
1 0.247357 0.373120 0.046512 0.077068
