1 0.2375 0.35 0.24114583333333334 0.3453703703703704 0.24114583333333334 0.3351851851851852 0.24427083333333333 0.3296296296296296 0.24895833333333334 0.33425925925925926 0.25052083333333336 0.3398148148148148 0.24947916666666667 0.35 0.2515625 0.3574074074074074 0.25104166666666666 0.3888888888888889 0.2557291666666667 0.40370370370370373 0.2552083333333333 0.4111111111111111 0.2526041666666667 0.41388888888888886 0.23385416666666667 0.41574074074074074 0.2296875 0.41203703703703703 0.22864583333333333 0.3962962962962963 0.23385416666666667 0.39537037037037037 0.23645833333333333 0.39166666666666666 0.2359375 0.3731481481481482 0.2328125 0.36203703703703705 0.2375 0.3509259259259259
3 0.1713125 0.2963425925925926 0.040026041666666665 0.08600925925925926
0 0.27796875000000004 0.2592037037037037 0.025510416666666664 0.08523148148148148
0 0.30985416666666665 0.2838333333333333 0.047942708333333334 0.10477777777777778
0 0.46614062500000003 0.2411851851851852 0.021864583333333333 0.0700925925925926
0 0.5047343750000001 0.2629814814814815 0.026171875 0.0830462962962963
0 0.48204166666666665 0.28918518518518516 0.04505729166666667 0.08127777777777778
0 0.43880729166666665 0.27593518518518517 0.022859375 0.08658333333333333
0 0.4197552083333333 0.32069444444444445 0.03843229166666667 0.096
0 0.43897395833333336 0.41728703703703707 0.08680208333333334 0.14900925925925926
0 0.6023697916666666 0.23314814814814816 0.019885416666666666 0.06289814814814816
0 0.6241562500000001 0.2573240740740741 0.024270833333333335 0.06446296296296297
3 0.7579375 0.2838333333333333 0.019885416666666666 0.06653703703703703
1 0.6990156249999999 0.2440648148148148 0.01608333333333333 0.04002777777777777