2 0.6555625 0.40441666666666665 0.0026510416666666666 0.006425925925925926
3 0.5282864583333333 0.635962962962963 0.062390625000000005 0.21646296296296297
1 0.2544375 0.3841388888888889 0.027270833333333334 0.08134259259259259
0 0.28009375 0.31799074074074074 0.024494791666666668 0.09860185185185184
0 0.3235364583333334 0.34305555555555556 0.0573125 0.11338888888888889
0 0.4280833333333333 0.2925555555555555 0.028838541666666665 0.09751851851851852
0 0.5260572916666667 0.35688888888888887 0.05796354166666667 0.11058333333333334
0 0.5498072916666668 0.4466203703703704 0.044390625 0.15431481481481482
0 0.497640625 0.4981388888888889 0.10292187500000001 0.17794444444444446
1 0.6924843749999999 0.23993518518518517 0.013229166666666665 0.03652777777777778
3 0.6056875 0.2151574074074074 0.01603125 0.05378703703703704
0 0.5630104166666666 0.25048148148148147 0.023255208333333333 0.0698425925925926
0 0.6159583333333334 0.2603148148148148 0.017161458333333334 0.06061111111111111
0 0.6157343750000001 0.3301574074074074 0.048317708333333334 0.08951851851851853
0 0.6471197916666667 0.34862037037037036 0.041093750000000005 0.08951851851851853