3 0.15601041666666668 0.277 0.0320625 0.0924537037037037
1 0.21934895833333332 0.3757037037037037 0.04066145833333333 0.09939814814814814
1 0.6902760416666667 0.2416574074074074 0.010520833333333333 0.0374074074074074
3 0.7550416666666667 0.266037037037037 0.016296875 0.05684259259259259
0 0.7255468749999999 0.33223148148148146 0.029906250000000002 0.08507407407407407
0 0.6796510416666667 0.23853703703703705 0.024338541666666665 0.06197222222222223
0 0.5906145833333334 0.2389537037037037 0.030015625 0.07298148148148148
0 0.5166770833333333 0.19716666666666666 0.025161458333333334 0.06081481481481482
0 0.4974739583333333 0.23797222222222222 0.03222395833333333 0.07415740740740741
0 0.49063541666666666 0.3349351851851852 0.04022395833333334 0.13424074074074074
0 0.4056354166666667 0.23812962962962964 0.031875 0.08095370370370371
0 0.3354375 0.23306481481481484 0.023526041666666667 0.07487962962962963
0 0.3563072916666667 0.2998518518518518 0.037187500000000005 0.10321296296296296
0 0.38913020833333334 0.34808333333333336 0.04439583333333333 0.1254722222222222