0 0.6463541666666667 0.25092592592592594 0.6473958333333333 0.2611111111111111 0.6432291666666666 0.2833333333333333 0.6458333333333334 0.28703703703703703 0.6473958333333333 0.3212962962962963 0.65 0.3138888888888889 0.65 0.2953703703703704 0.6567708333333333 0.28425925925925927 0.659375 0.2759259259259259 0.659375 0.26851851851851855 0.6520833333333333 0.25925925925925924 0.6510416666666666 0.25092592592592594
0 0.6958333333333333 0.26666666666666666 0.6953125 0.2796296296296296 0.6994791666666667 0.2759259259259259 0.7010416666666667 0.26666666666666666 0.7041666666666667 0.26851851851851855 0.70625 0.2824074074074074 0.7083333333333334 0.2796296296296296 0.7078125 0.27685185185185185 0.70625 0.2796296296296296 0.7052083333333333 0.275 0.7078125 0.2712962962962963 0.7057291666666666 0.23703703703703705 0.7010416666666667 0.23703703703703705 0.6994791666666667 0.2564814814814815
0 0.36875 0.275 0.36770833333333336 0.2833333333333333 0.3703125 0.2851851851851852 0.3734375 0.27314814814814814 0.3807291666666667 0.2601851851851852 0.3848958333333333 0.25925925925925924 0.38697916666666665 0.262037037037037 0.3848958333333333 0.2824074074074074 0.39010416666666664 0.2824074074074074 0.3885416666666667 0.27314814814814814 0.3921875 0.2601851851851852 0.3880208333333333 0.2490740740740741 0.3890625 0.21944444444444444 0.3875 0.21481481481481482 0.3807291666666667 0.22777777777777777 0.375 0.262037037037037
0 0.5010416666666667 0.21851851851851853 0.49583333333333335 0.23703703703703705 0.4973958333333333 0.24166666666666667 0.5046875 0.22592592592592592 0.5078125 0.23703703703703705 0.5083333333333333 0.22777777777777777 0.5119791666666667 0.21851851851851853 0.5145833333333333 0.19814814814814816 0.5078125 0.19814814814814816
0 0.43802083333333336 0.18981481481481483 0.4328125 0.21388888888888888 0.4276041666666667 0.2212962962962963 0.42916666666666664 0.22592592592592592 0.4322916666666667 0.22592592592592592 0.4432291666666667 0.2101851851851852 0.4453125 0.1935185185185185 0.4427083333333333 0.18703703703703703
1 0.6817708333333333 0.2351851851851852 0.6817708333333333 0.25 0.6932291666666667 0.25092592592592594 0.6895833333333333 0.23055555555555557 0.6859375 0.2212962962962963 0.6838541666666667 0.22314814814814815
0 0.4875 0.19444444444444445 0.48489583333333336 0.21481481481481482 0.4869791666666667 0.22314814814814815 0.49375 0.2101851851851852 0.4979166666666667 0.20925925925925926 0.4953125 0.19907407407407407 0.49895833333333334 0.18888888888888888 0.4942708333333333 0.17962962962962964
0 0.625 0.24351851851851852 0.6244791666666667 0.2796296296296296 0.6260416666666667 0.2814814814814815 0.6244791666666667 0.28425925925925927 0.6260416666666667 0.28703703703703703 0.6270833333333333 0.2777777777777778 0.634375 0.25925925925925924 0.6359375 0.2462962962962963 0.63125 0.22777777777777777 0.6296875 0.22870370370370371 0.628125 0.2388888888888889
0 0.6395833333333333 0.2101851851851852 0.6411458333333333 0.22592592592592592 0.6401041666666667 0.24351851851851852 0.6447916666666667 0.24351851851851852 0.6463541666666667 0.23981481481481481 0.6458333333333334 0.225 0.6473958333333333 0.22314814814814815 0.6484375 0.2101851851851852 0.6447916666666667 0.20555555555555555 0.6421875 0.20555555555555555
0 0.6234375 0.2037037037037037 0.6229166666666667 0.2212962962962963 0.6270833333333333 0.22314814814814815 0.63125 0.20462962962962963 0.6302083333333334 0.19444444444444445 0.6260416666666667 0.1935185185185185
1 0.23697916666666666 0.29814814814814816 0.23645833333333333 0.3527777777777778 0.23697916666666666 0.36018518518518516 0.2421875 0.3731481481481482 0.24114583333333334 0.4083333333333333 0.24270833333333333 0.41203703703703703 0.246875 0.41203703703703703 0.25052083333333336 0.40925925925925927 0.2515625 0.4027777777777778 0.25 0.39537037037037037 0.25 0.34444444444444444 0.24739583333333334 0.32314814814814813 0.24427083333333333 0.31666666666666665 0.24583333333333332 0.3101851851851852 0.24479166666666666 0.29814814814814816 0.24114583333333334 0.2935185185185185
3 0.36465625 0.22698148148148148 0.01653125 0.07987037037037037
3 0.8042135416666666 0.28273148148148153 0.013250000000000001 0.05732407407407407