3 0.07389583333333333 0.3559074074074074 0.038411458333333336 0.12384259259259259
1 0.22526041666666666 0.3715277777777778 0.046875 0.14814814814814814
0 0.19173437499999998 0.29803703703703704 0.038411458333333336 0.09143518518518519
2 0.435546875 0.516787037037037 0.015625 0.019675925925925927
0 0.465171875 0.4837962962962963 0.087890625 0.18287037037037038
0 0.37670312499999997 0.25125000000000003 0.024005208333333337 0.08164814814814815
0 0.37691145833333334 0.2948611111111111 0.05949479166666667 0.09983333333333333
0 0.45582291666666663 0.20449074074074072 0.021083333333333332 0.05047222222222222
0 0.5049947916666667 0.20888888888888887 0.027697916666666666 0.056657407407407406
0 0.5192916666666666 0.26872222222222225 0.03484895833333333 0.08100925925925925
0 0.6047760416666667 0.3817685185185185 0.024125 0.10907407407407407
0 0.638578125 0.21762962962962962 0.013104166666666667 0.046592592592592595
1 0.69040625 0.23033333333333333 0.013703125 0.05400925925925926
0 0.677296875 0.25733333333333336 0.028593749999999998 0.0709537037037037
3 0.7539010416666667 0.2889814814814815 0.0173125 0.07469444444444445