0 0.505469 0.197222 0.009896 0.057407
0 0.549219 0.265278 0.014063 0.069444
0 0.476302 0.216204 0.011979 0.054630
0 0.760417 0.295370 0.012500 0.061111
0 0.442969 0.362037 0.021354 0.118519
0 0.199740 0.312500 0.023438 0.073148
0 0.288802 0.351852 0.021354 0.116667
0 0.268229 0.284722 0.015625 0.091667
1 0.691927 0.238426 0.009896 0.025000
0 0.446094 0.238889 0.013021 0.068519
1 0.238021 0.375463 0.042708 0.063889
0 0.686979 0.268056 0.010417 0.056481
3 0.393490 0.542130 0.068229 0.236111
3 0.528906 0.199824 0.010115 0.053343
