3 0.104068 0.299778 0.024484 0.100917
3 0.722630 0.288889 0.015026 0.061343
0 0.729865 0.406130 0.015026 0.101907
0 0.604104 0.249139 0.026271 0.071407
0 0.595745 0.307231 0.021708 0.076426
0 0.505208 0.247981 0.025182 0.066000
0 0.469714 0.317463 0.033651 0.126981
0 0.430526 0.276935 0.037776 0.079120
0 0.337667 0.230611 0.018250 0.071852
0 0.332885 0.293963 0.036505 0.099667
0 0.315938 0.358861 0.044328 0.146019
0 0.385688 0.364657 0.041286 0.128250
1 0.689557 0.242463 0.013641 0.035657
1 0.241370 0.397398 0.042578 0.086019
