2 0.153198 0.455139 0.006125 0.009565
3 0.147396 0.857870 0.094792 0.260185
3 0.507422 0.216417 0.011380 0.068213
0 0.498192 0.234727 0.019892 0.080386
0 0.618445 0.301447 0.032550 0.107717
1 0.694394 0.238746 0.021700 0.043408
1 0.232369 0.411576 0.048825 0.093248
0 0.149186 0.353698 0.052441 0.138264
0 0.147830 0.548232 0.066004 0.205788
0 0.196655 0.599678 0.067812 0.231511
0 0.294756 0.573151 0.075949 0.213826
0 0.277577 0.311897 0.025316 0.112540
0 0.289331 0.379421 0.050633 0.151125
0 0.310579 0.294212 0.029837 0.102894
0 0.545660 0.393087 0.044304 0.162379
