1 0.232271 0.403787 0.042854 0.086343
0 0.316271 0.484796 0.049714 0.150852
0 0.304557 0.347407 0.029714 0.111741
0 0.348839 0.415213 0.056568 0.110213
0 0.398406 0.445185 0.031714 0.149833
0 0.322698 0.303472 0.028854 0.104120
0 0.360839 0.309315 0.022286 0.104630
0 0.596969 0.225222 0.014630 0.059509
0 0.672005 0.299704 0.020172 0.083944
0 0.647510 0.348574 0.027490 0.098917
0 0.595083 0.297731 0.029927 0.091037
1 0.699161 0.243148 0.014630 0.042565
3 0.173620 0.315722 0.029245 0.118620
3 0.786479 0.287370 0.013115 0.062333
