3 0.09870833333333334 0.32099074074074074 0.03372916666666667 0.13580555555555554
3 0.7630208333333334 0.2916666666666667 0.021578125 0.07980555555555556
1 0.6796875 0.2323611111111111 0.015625 0.061731481481481484
1 0.23166145833333335 0.40968518518518515 0.043109375 0.08861111111111111
2 0.5558489583333334 0.5116574074074074 0.006588541666666667 0.019092592592592595
0 0.314515625 0.5301203703703703 0.08249479166666666 0.21337037037037038
0 0.3192447916666667 0.2268611111111111 0.028359375000000003 0.08046296296296297
0 0.32081770833333334 0.3578703703703704 0.038385416666666665 0.1453888888888889
0 0.38233333333333336 0.27244444444444443 0.029932291666666666 0.10439814814814814
0 0.3698020833333333 0.32922222222222225 0.043541666666666666 0.11712037037037036
0 0.3967291666666667 0.4030648148148148 0.073328125 0.1415648148148148
0 0.47994270833333336 0.3443703703703704 0.06444791666666666 0.12603703703703703
0 0.5458958333333332 0.26735185185185184 0.03738020833333333 0.09421296296296296