1 0.246776 0.372352 0.044146 0.108907
3 0.548240 0.455028 0.041417 0.192241
0 0.432526 0.229954 0.020510 0.075537
0 0.507036 0.227167 0.022604 0.081120
0 0.547432 0.277954 0.035583 0.122417
0 0.805901 0.314806 0.016203 0.065111
0 0.699609 0.217167 0.009312 0.022602
0 0.718411 0.251602 0.020203 0.053611
1 0.696406 0.241565 0.021828 0.030046
3 0.670021 0.211824 0.014880 0.049759
0 0.665979 0.261324 0.015078 0.072009
0 0.641469 0.248861 0.018604 0.079213
0 0.608969 0.201194 0.020443 0.057370
0 0.589677 0.203843 0.023198 0.062676
