2 0.0265625 0.7648148148148148 0.025520833333333333 0.7731481481481481 0.0296875 0.7759259259259259 0.030729166666666665 0.7666666666666667
2 0.22916666666666666 0.7074074074074074 0.2296875 0.7138888888888889 0.234375 0.712037037037037 0.23333333333333334 0.7055555555555556
2 0.5619791666666667 0.9453703703703704 0.5619791666666667 0.9564814814814815 0.5671875 0.9574074074074074 0.5692708333333333 0.9527777777777777 0.5682291666666667 0.9444444444444444
0 0.59375 0.44814814814814813 0.59375 0.462037037037037 0.5973958333333333 0.4722222222222222 0.5984375 0.5157407407407407 0.596875 0.5212962962962963 0.5911458333333334 0.525 0.5911458333333334 0.5296296296296297 0.5932291666666667 0.5324074074074074 0.6015625 0.5324074074074074 0.6036458333333333 0.5296296296296297 0.603125 0.5154324074074075 0.6125 0.5185185185185185 0.6161458333333333 0.5166666666666667 0.6182291666666667 0.5101851851851852 0.6182291666666667 0.5027777777777778 0.6161458333333333 0.4981481481481482 0.6057291666666667 0.49166666666666664 0.6052083333333333 0.48333333333333334 0.6125 0.45925925925925926 0.6151041666666667 0.4212962962962963 0.6104166666666667 0.4064814814814815 0.6104166666666667 0.39351851851851855 0.6072916666666667 0.3888888888888889 0.6020833333333333 0.38981481481481484 0.6005208333333333 0.39351851851851855 0.5984375 0.425
0 0.4453125 0.24814814814814815 0.44479166666666664 0.2574074074074074 0.44114583333333335 0.26481481481481484 0.4432291666666667 0.28425925925925927 0.4432291666666667 0.3212962962962963 0.44583333333333336 0.3277777777777778 0.44895833333333335 0.3296296296296296 0.4484375 0.30833333333333335 0.45364583333333336 0.28703703703703703 0.4552083333333333 0.2712962962962963 0.45416666666666666 0.26481481481481484 0.4505208333333333 0.25833333333333336 0.4505208333333333 0.25
0 0.6828125 0.287962962962963 0.6817708333333333 0.31851851851851853 0.6848958333333334 0.3296296296296296 0.6838541666666667 0.33425925925925926 0.6875 0.3351851851851852 0.6911458333333333 0.33055555555555555 0.6932291666666667 0.30185185185185187 0.6973958333333333 0.2916666666666667 0.6921875 0.2796296296296296 0.6911458333333333 0.2712962962962963 0.6864583333333333 0.2712962962962963
0 0.31302083333333336 0.27685185185185185 0.3125 0.287962962962963 0.31666666666666665 0.3 0.31614583333333335 0.3074074074074074 0.31302083333333336 0.3138888888888889 0.3177083333333333 0.3148148148148148 0.32083333333333336 0.3416666666666667 0.32447916666666665 0.3425925925925926 0.32447916666666665 0.34629629629629627 0.3229166666666667 0.30833333333333335 0.32864583333333336 0.2824074074074074 0.3229166666666667 0.262037037037037 0.31927083333333334 0.262037037037037 0.3171875 0.2712962962962963
0 0.4328125 0.4648148148148148 0.43333333333333335 0.48055555555555557 0.4375 0.49166666666666664 0.44114583333333335 0.5111111111111111 0.4354166666666667 0.5296296296296297 0.4432291666666667 0.5370370370370371 0.4375 0.5472222222222223 0.43645833333333334 0.5546296296296296 0.4322916666666667 0.5638888888888889 0.4322916666666667 0.5703703703703704 0.4395833333333333 0.5824074074074074 0.44427083333333334 0.587037037037037 0.4479166666666667 0.587037037037037 0.4666666666666667 0.6194444444444445 0.4661458333333333 0.6259259259259259 0.4609375 0.6370370370370371 0.4630208333333333 0.6398148148148148 0.4703125 0.6388888888888888 0.4765625 0.6324074074074074 0.4786458333333333 0.6259259259259259 0.46979166666666666 0.6092592592592593 0.4666666666666667 0.5944444444444444 0.4635416666666667 0.5916666666666667 0.46197916666666666 0.5861111111111111 0.4625 0.5601851851851852 0.4666666666666667 0.5435185185185185 0.4666666666666667 0.5370370370370371 0.4609375 0.5157407407407407 0.45989583333333334 0.5027777777777778 0.45625 0.49166666666666664 0.446875 0.47685185185185186 0.4473958333333333 0.4666666666666667 0.4453125 0.4601851851851852 0.4375 0.45740740740740743
0 0.5447916666666667 0.5212962962962963 0.5432291666666667 0.5314814814814814 0.5442708333333334 0.5435185185185185 0.540625 0.5592592592592592 0.5354166666666667 0.5722222222222222 0.53125 0.6027777777777777 0.5234375 0.6351851851851852 0.5166666666666667 0.6546296296296297 0.50625 0.6601851851851852 0.5067708333333333 0.6638888888888889 0.5135416666666667 0.6712962962962963 0.5208333333333334 0.6712962962962963 0.5229166666666667 0.6583333333333333 0.5291666666666667 0.6462962962962963 0.5348958333333333 0.6527777777777778 0.5364583333333334 0.6601851851851852 0.5322916666666667 0.6777777777777778 0.5375 0.6777777777777778 0.5375 0.6675925925925926 0.5411458333333333 0.6555555555555556 0.5385416666666667 0.6398148148148148 0.54375 0.6296296296296297 0.5432291666666667 0.6037037037037037 0.5458333333333333 0.5962962962962963 0.5567708333333333 0.5916666666666667 0.5604166666666667 0.5638888888888889 0.5604166666666667 0.5509259259259259 0.5572916666666666 0.5388888888888889 0.5588541666666667 0.5185185185185185 0.5546875 0.5120370370370371 0.5494791666666666 0.5120370370370371
0 0.15677083333333333 0.5712962962962963 0.15729166666666666 0.5916666666666667 0.15989583333333332 0.5962962962962963 0.16354166666666667 0.6157407407407407 0.16770833333333332 0.6212962962962963 0.16875 0.6768518518518518 0.17552083333333332 0.6888888888888889 0.18020833333333333 0.6888888888888889 0.18177083333333333 0.6824074074074075 0.17395833333333333 0.6657407407407407 0.175 0.6231481481481481 0.17916666666666667 0.625 0.18697916666666667 0.6416666666666667 0.1875 0.6592592592592592 0.19114583333333332 0.6666666666666666 0.19427083333333334 0.6712962962962963 0.2 0.6685185185185185 0.19739583333333333 0.6574074074074074 0.19322916666666667 0.6509259259259259 0.18177083333333333 0.5861111111111111 0.18333333333333332 0.5527777777777778 0.18697916666666667 0.5398148148148149 0.18541666666666667 0.5277777777777778 0.1796875 0.5231481481481481 0.17395833333333333 0.5231481481481481 0.16979166666666667 0.5277777777777778 0.16666666666666666 0.5435185185185185 0.16197916666666667 0.5518518518518518
0 0.2869791666666667 0.30277777777777776 0.28854166666666664 0.3314814814814815 0.28125 0.36018518518518516 0.28072916666666664 0.37037037037037035 0.28229166666666666 0.3731481481481482 0.28489583333333335 0.3685185185185185 0.2869791666666667 0.35462962962962963 0.29375 0.3388888888888889 0.30052083333333335 0.33055555555555555 0.30364583333333334 0.3351851851851852 0.30520833333333336 0.3435185185185185 0.3026041666666667 0.34814814814814815 0.3 0.36203703703703705 0.3026041666666667 0.36944444444444446 0.3067708333333333 0.3712962962962963 0.30625 0.35555555555555557 0.3104166666666667 0.3435185185185185 0.3104166666666667 0.33425925925925926 0.3078125 0.32314814814814813 0.3140625 0.3138888888888889 0.30572916666666666 0.3175925925925926 0.3072916666666667 0.2935185185185185 0.3046875 0.2759259259259259 0.2994791666666667 0.27314814814814814 0.29583333333333334 0.28055555555555556 0.2953125 0.28703703703703703
1 0.22135416666666666 0.40555555555555556 0.21979166666666666 0.4388888888888889 0.2234375 0.43703703703703706 0.2265625 0.4212962962962963 0.22864583333333333 0.42592592592592593 0.22916666666666666 0.4388888888888889 0.23072916666666668 0.44166666666666665 0.23489583333333333 0.44166666666666665 0.24791666666666667 0.42962962962962964 0.25 0.42592592592592593 0.25 0.412962962962963 0.25833333333333336 0.4101851851851852 0.24583333333333332 0.39814814814814814 0.24114583333333334 0.38981481481481484 0.2375 0.3888888888888889 0.23541666666666666 0.37777777777777777 0.23125 0.375 0.2265625 0.3768518518518518 0.22552083333333334 0.38981481481481484 0.22239583333333332 0.3972222222222222
1 0.6875 0.2361111111111111 0.6864583333333333 0.25092592592592594 0.6953125 0.25277777777777777 0.6979166666666666 0.24166666666666667 0.6979166666666666 0.2324074074074074 0.6953125 0.22592592592592592 0.6911458333333333 0.22592592592592592
0 0.4296875 0.2638888888888889 0.42864583333333334 0.2759259259259259 0.425 0.28703703703703703 0.425 0.2962962962962963 0.42864583333333334 0.2916666666666667 0.43020833333333336 0.29444444444444445 0.4296875 0.33055555555555555 0.42552083333333335 0.34074074074074073 0.4270833333333333 0.3435185185185185 0.43125 0.3416666666666667 0.4328125 0.32407407407407407 0.4348958333333333 0.3212962962962963 0.43802083333333336 0.32592592592592595 0.43854166666666666 0.3351851851851852 0.4432291666666667 0.33240740740740743 0.4421875 0.32314814814814813 0.43802083333333336 0.3194444444444444 0.4354166666666667 0.31296296296296294 0.44166666666666665 0.2777777777777778 0.44166666666666665 0.26851851851851855 0.43802083333333336 0.262037037037037 0.4375 0.25092592592592594 0.4354166666666667 0.24814814814814815 0.43333333333333335 0.25
0 0.35572916666666665 0.3638888888888889 0.3541666666666667 0.41574074074074074 0.3515625 0.42314814814814816 0.35052083333333334 0.4388888888888889 0.3458333333333333 0.44814814814814813 0.34791666666666665 0.45092592592592595 0.353125 0.44814814814814813 0.3572916666666667 0.4222222222222222 0.359375 0.4185185185185185 0.36302083333333335 0.4212962962962963 0.36614583333333334 0.41388888888888886 0.37395833333333334 0.4546296296296296 0.37552083333333336 0.45740740740740743 0.37916666666666665 0.45555555555555555 0.37916666666666665 0.44907407407407407 0.375 0.44166666666666665 0.375 0.42777777777777776 0.371875 0.41388888888888886 0.37604166666666666 0.3685185185185185 0.37083333333333335 0.35462962962962963 0.3703125 0.34444444444444444 0.3645833333333333 0.3435185185185185 0.3625 0.3509259259259259 0.3578125 0.35555555555555557