1 0.24511979166666667 0.3599537037037037 0.033203125 0.13194444444444445
1 0.6900104166666666 0.2368888888888889 0.011291666666666667 0.03780555555555555
3 0.7960364583333334 0.2840648148148148 0.013458333333333333 0.055999999999999994
3 0.3615729166666667 0.23744444444444443 0.02014583333333333 0.0762962962962963
0 0.41032812500000004 0.26391666666666663 0.032989583333333336 0.09290740740740741
2 0.519515625 0.2901296296296296 0.004380208333333333 0.008305555555555556
0 0.49659895833333334 0.20060185185185186 0.011677083333333334 0.04723148148148148
0 0.487109375 0.24212037037037037 0.017807291666666666 0.05864814814814815
0 0.51353125 0.2566481481481482 0.014015625 0.07525925925925926
0 0.7407291666666667 0.3665555555555556 0.027671875000000002 0.09118518518518519
0 0.6369583333333334 0.20877777777777776 0.014510416666666666 0.043194444444444445
0 0.6978697916666667 0.2495740740740741 0.018223958333333335 0.05039814814814815
0 0.6253177083333333 0.21837037037037038 0.013500000000000002 0.045592592592592594
0 0.6168802083333333 0.23637037037037037 0.013500000000000002 0.0647962962962963
0 0.6126614583333333 0.27597222222222223 0.02868229166666667 0.08638888888888889