1 0.23390625 0.36571296296296296 0.04222395833333333 0.11625925925925926
0 0.3150104166666667 0.29976851851851855 0.04201041666666667 0.11803703703703704
0 0.34645312500000003 0.3604537037037037 0.045484375 0.13221296296296295
3 0.3590625 0.5808888888888889 0.056427083333333336 0.22578703703703704
3 0.5331041666666666 0.19445370370370368 0.010828125 0.050555555555555555
1 0.6858541666666667 0.23700925925925925 0.021062499999999998 0.04688888888888889
0 0.43922916666666667 0.2116851851851852 0.016526041666666668 0.05151851851851852
0 0.4615572916666667 0.21281481481481482 0.02728125 0.06525925925925927
0 0.4842083333333333 0.2095925925925926 0.012432291666666668 0.06026851851851852
0 0.5045885416666667 0.22183333333333335 0.017864583333333333 0.055935185185185185
0 0.48251041666666666 0.28337962962962965 0.037296875 0.08858333333333333
0 0.5557239583333333 0.24801851851851853 0.0235 0.07086111111111111
0 0.5877395833333333 0.2341574074074074 0.020447916666666666 0.075
0 0.6410312499999999 0.2831574074074074 0.031276041666666664 0.09960185185185184