1 0.2490625 0.3716388888888889 0.037697916666666664 0.07525925925925926
3 0.5849583333333332 0.42327777777777775 0.034609375000000005 0.14448148148148146
3 0.6665572916666667 0.20971296296296296 0.008260416666666666 0.039574074074074074
1 0.6893958333333334 0.2383796296296296 0.014703125000000001 0.035027777777777776
2 0.663078125 0.2549722222222222 0.0026458333333333334 0.0065370370370370365
0 0.6739583333333333 0.23184259259259257 0.010880208333333334 0.03607407407407408
0 0.6578593749999999 0.23105555555555554 0.012791666666666666 0.03815740740740741
0 0.6449947916666667 0.2506574074074074 0.010583333333333333 0.05123148148148148
0 0.6370572916666667 0.25013888888888886 0.011760416666666666 0.06012037037037038
0 0.5811875000000001 0.2175925925925926 0.012645833333333334 0.04678703703703704
0 0.77028125 0.3085555555555556 0.018604166666666665 0.057277777777777775
0 0.5494947916666667 0.19883333333333333 0.020828125 0.04307407407407408
0 0.4827083333333333 0.22677777777777777 0.021828124999999997 0.06621296296296297
0 0.507640625 0.27002777777777776 0.036046875 0.08864814814814814
0 0.40841666666666665 0.2215648148148148 0.023072916666666665 0.05592592592592593