2 0.5085677083333333 0.29129629629629633 0.003177083333333333 0.0044444444444444444
3 0.23036979166666666 0.733574074074074 0.06937499999999999 0.2594537037037037
1 0.24149479166666668 0.3717314814814815 0.03533854166666666 0.1082037037037037
0 0.24738541666666666 0.44387037037037036 0.04843229166666666 0.16637962962962963
0 0.2869791666666667 0.3490462962962963 0.046468749999999996 0.1326388888888889
0 0.2958177083333334 0.23793518518518522 0.028796875 0.0779537037037037
0 0.34915625 0.24491666666666667 0.024213541666666668 0.08493518518518518
0 0.37696874999999996 0.3118148148148148 0.040578125 0.10703703703703703
0 0.41034375 0.2606203703703704 0.03272395833333333 0.09075000000000001
0 0.456484375 0.3129722222222222 0.046468749999999996 0.09540740740740741
3 0.505265625 0.20991666666666667 0.017442708333333334 0.055712962962962964
0 0.4963802083333333 0.2739537037037037 0.033921875 0.07925925925925925
0 0.52109375 0.24437962962962964 0.02713541666666667 0.0660462962962963
0 0.5716510416666666 0.2799814814814815 0.030692708333333332 0.07409259259259258
1 0.693609375 0.24035185185185184 0.014859375000000001 0.03388888888888889