3 0.363802 0.775926 0.069271 0.285185
3 0.554755 0.211028 0.012563 0.061667
2 0.368897 0.650322 0.012658 0.020900
1 0.227396 0.395498 0.042495 0.086817
1 0.692134 0.241158 0.018987 0.048232
0 0.731013 0.298232 0.022604 0.036977
0 0.756781 0.348071 0.034358 0.094855
0 0.581374 0.228296 0.016275 0.067524
0 0.588608 0.262862 0.018083 0.091640
0 0.640597 0.371383 0.031646 0.125402
0 0.542948 0.265273 0.035262 0.090032
0 0.461121 0.313505 0.052441 0.122186
0 0.592676 0.515273 0.056962 0.178457
0 0.513562 0.550643 0.097649 0.165595
0 0.284810 0.356109 0.074141 0.133441
