3 0.107422 0.324657 0.040365 0.105324
3 0.778646 0.294565 0.023438 0.068287
2 0.222156 0.299019 0.003479 0.005537
0 0.202750 0.268657 0.048151 0.085250
1 0.221552 0.354611 0.038401 0.123454
0 0.246625 0.321185 0.034026 0.112481
0 0.423687 0.222981 0.028516 0.071713
0 0.472255 0.201343 0.017156 0.058935
0 0.514917 0.237611 0.028750 0.077898
0 0.547026 0.241731 0.022026 0.072954
0 0.570542 0.280370 0.021974 0.089093
0 0.595062 0.228917 0.018490 0.060509
0 0.618375 0.234398 0.014203 0.061935
0 0.649995 0.245593 0.015276 0.063361
1 0.692203 0.232972 0.015542 0.052407
