2 0.206776 0.652000 0.012031 0.016713
3 0.297385 0.833463 0.095495 0.241954
0 0.258286 0.586167 0.087224 0.200509
1 0.232036 0.411944 0.026932 0.085361
0 0.257604 0.402481 0.068891 0.157731
0 0.394604 0.349713 0.040146 0.145259
0 0.461906 0.509241 0.057620 0.197315
0 0.559203 0.232157 0.014167 0.062972
0 0.503234 0.269528 0.027865 0.072213
0 0.516458 0.379935 0.033531 0.136861
0 0.575734 0.272046 0.030229 0.065491
0 0.701365 0.307731 0.023615 0.052898
0 0.739385 0.362306 0.018422 0.093204
3 0.542438 0.215370 0.011807 0.059611
1 0.694281 0.240139 0.016057 0.036944
