3 0.521484 0.446185 0.039062 0.167824
3 0.672094 0.216046 0.011099 0.045269
1 0.688937 0.236398 0.012682 0.036639
0 0.640635 0.212880 0.014370 0.039278
0 0.658224 0.225648 0.020609 0.044037
0 0.610615 0.251454 0.019323 0.052315
0 0.614328 0.261231 0.014865 0.062361
0 0.579542 0.201565 0.023182 0.038574
0 0.550219 0.205750 0.020083 0.048713
0 0.741620 0.356991 0.036552 0.084787
0 0.482589 0.232222 0.026500 0.065954
0 0.481969 0.244556 0.025875 0.069000
0 0.507922 0.298861 0.037568 0.106130
1 0.244186 0.375940 0.048626 0.090226
