3 0.17600000000000002 0.3070462962962963 0.026536458333333336 0.10061111111111111
1 0.23399999999999999 0.3805185185185185 0.02606770833333333 0.08224074074074074
0 0.32980208333333333 0.24351851851851852 0.017864583333333333 0.0623611111111111
0 0.3599322916666667 0.27316666666666667 0.046697916666666665 0.09487962962962963
1 0.6873020833333333 0.23424074074074072 0.0113125 0.05014814814814814
3 0.7896979166666667 0.27799074074074076 0.011786458333333333 0.05099074074074074
0 0.7240833333333333 0.25703703703703706 0.014927083333333334 0.056574074074074075
0 0.4891041666666667 0.19833333333333333 0.012989583333333334 0.047314814814814816
0 0.555109375 0.2175925925925926 0.012526041666666666 0.052259259259259255
0 0.5472812499999999 0.27199074074074076 0.028671875 0.08395370370370371
0 0.556796875 0.32616666666666666 0.04047916666666666 0.09808333333333334
0 0.6628072916666666 0.35250925925925924 0.02746875 0.10194444444444443
0 0.465765625 0.3593148148148148 0.05308854166666667 0.11257407407407408