0 0.143266 0.282194 0.037146 0.090194
1 0.220797 0.351417 0.036823 0.129722
3 0.148651 0.393537 0.062344 0.145815
0 0.319766 0.369722 0.043990 0.138852
0 0.314609 0.236500 0.033974 0.096509
0 0.371182 0.218278 0.023260 0.081481
0 0.460224 0.238981 0.017427 0.059667
0 0.476849 0.276657 0.015990 0.097130
0 0.451125 0.300574 0.060464 0.102250
0 0.563688 0.225537 0.023406 0.077398
0 0.622964 0.240898 0.014271 0.071065
0 0.642271 0.253898 0.029182 0.066926
1 0.691698 0.234694 0.016938 0.064065
3 0.673693 0.291620 0.013547 0.092769
