1 0.22552083333333334 0.36018518518518516 0.23541666666666666 0.37777777777777777 0.25833333333333336 0.37777777777777777 0.2604166666666667 0.38333333333333336 0.25885416666666666 0.387037037037037 0.2328125 0.3962962962962963 0.23020833333333332 0.4083333333333333 0.22552083333333334 0.4083333333333333 0.2203125 0.40370370370370373 0.21979166666666666 0.36574074074074076 0.221875 0.36018518518518516 0.225 0.36018518518518516
0 0.18190625 0.33090740740740743 0.03626041666666667 0.10206481481481482
0 0.26348958333333333 0.29062037037037036 0.03746875 0.09884259259259259
0 0.29008333333333336 0.36394444444444446 0.03626041666666667 0.13375925925925927
3 0.38393229166666665 0.5523333333333333 0.07244270833333334 0.20319444444444443
0 0.5046822916666667 0.1956111111111111 0.013640625 0.056101851851851854
0 0.4711979166666667 0.21875925925925926 0.024942708333333334 0.06467592592592591
0 0.4390208333333333 0.24227777777777781 0.031140624999999998 0.08035185185185185
3 0.5290729166666667 0.19891666666666669 0.013916666666666666 0.052425925925925924
0 0.4345416666666667 0.3683148148148148 0.04368229166666667 0.12762962962962962
0 0.5469427083333334 0.26762962962962966 0.028432291666666668 0.08087037037037037
0 0.6765364583333333 0.26949074074074075 0.030229166666666665 0.06650925925925925
0 0.7595885416666667 0.29688888888888887 0.02334375 0.07236111111111111
1 0.6918958333333334 0.23766666666666666 0.010677083333333334 0.03353703703703704