3 0.148495 0.278287 0.036328 0.096250
3 0.741396 0.256407 0.013552 0.054269
1 0.687266 0.238139 0.013703 0.038389
1 0.220229 0.379639 0.042922 0.092565
0 0.259458 0.274250 0.038349 0.094444
0 0.389099 0.213583 0.022516 0.061917
0 0.497807 0.196389 0.009849 0.050037
0 0.511000 0.205769 0.026385 0.052537
0 0.490068 0.281444 0.030255 0.105074
0 0.534042 0.284574 0.023922 0.092565
0 0.590333 0.198259 0.014073 0.048787
0 0.614234 0.224343 0.020281 0.056130
0 0.614339 0.293481 0.026766 0.083639
0 0.655635 0.238093 0.018609 0.055389
