2 0.153354 0.445426 0.004406 0.008037
0 0.144042 0.360370 0.036125 0.113630
0 0.141260 0.537120 0.061443 0.194870
0 0.203016 0.592833 0.063917 0.214083
0 0.286693 0.567583 0.055271 0.196509
0 0.279438 0.319472 0.035818 0.108685
0 0.290552 0.373815 0.039521 0.120759
0 0.311854 0.295870 0.025937 0.094417
3 0.148542 0.867204 0.097240 0.265593
3 0.509760 0.219611 0.014422 0.067722
0 0.497922 0.232185 0.015781 0.068685
0 0.543635 0.383102 0.040271 0.153824
0 0.617234 0.303769 0.018229 0.104481
1 0.694370 0.240500 0.016219 0.035769
