0 0.5109375 0.18796296296296297 0.5109375 0.2111111111111111 0.50625 0.21944444444444444 0.50625 0.22592592592592592 0.5130208333333334 0.21666666666666667 0.5161458333333333 0.21666666666666667 0.5171875 0.21203703703703702 0.5177083333333333 0.18888888888888888 0.5161458333333333 0.18055555555555555 0.5125 0.18055555555555555
0 0.5213541666666667 0.19444444444444445 0.5197916666666667 0.19814814814814816 0.5197916666666667 0.23148148148148148 0.5203125 0.24074074074074073 0.5223958333333333 0.24351851851851852 0.5260416666666666 0.2351851851851852 0.5255208333333333 0.225 0.5286458333333334 0.20555555555555555 0.5265625 0.19722222222222222 0.5234375 0.1935185185185185
0 0.2916666666666667 0.25277777777777777 0.2921875 0.2675925925925926 0.29791666666666666 0.2898148148148148 0.296875 0.30462962962962964 0.2947916666666667 0.3111111111111111 0.2953125 0.325 0.29791666666666666 0.33425925925925926 0.29739583333333336 0.3435185185185185 0.30104166666666665 0.34629629629629627 0.3026041666666667 0.34444444444444444 0.3020833333333333 0.33425925925925926 0.30833333333333335 0.33425925925925926 0.3109375 0.3388888888888889 0.3140625 0.33240740740740743 0.3125 0.31851851851851853 0.3067708333333333 0.3055555555555556 0.3067708333333333 0.28425925925925927 0.30520833333333336 0.2777777777777778 0.2984375 0.262037037037037 0.29739583333333336 0.25555555555555554 0.29322916666666665 0.25
0 0.5208333333333334 0.2675925925925926 0.5208333333333334 0.27685185185185185 0.5229166666666667 0.2814814814814815 0.5234375 0.2898148148148148 0.51875 0.31666666666666665 0.5223958333333333 0.3138888888888889 0.5229166666666667 0.3074074074074074 0.5286458333333334 0.29444444444444445 0.5328125 0.30185185185185187 0.5307291666666667 0.3111111111111111 0.5322916666666667 0.3148148148148148 0.5333333333333333 0.30277777777777776 0.5307291666666667 0.2962962962962963 0.5333333333333333 0.2935185185185185 0.5348958333333333 0.2777777777777778 0.5385416666666667 0.27314814814814814 0.5390625 0.26666666666666666 0.5375 0.25925925925925924 0.5317708333333333 0.24814814814814815 0.53125 0.2388888888888889 0.5291666666666667 0.23703703703703705 0.5270833333333333 0.23981481481481481 0.5265625 0.24814814814814815
0 0.5770833333333333 0.22685185185185186 0.5744791666666667 0.2462962962962963 0.5744791666666667 0.26944444444444443 0.5677083333333334 0.2916666666666667 0.5677083333333334 0.2962962962962963 0.5708333333333333 0.2962962962962963 0.575 0.27685185185185185 0.5786458333333333 0.27314814814814814 0.5807291666666666 0.2759259259259259 0.5848958333333333 0.2953703703703704 0.5875 0.29814814814814816 0.5875 0.29259259259259257 0.5848958333333333 0.28888888888888886 0.5875 0.28703703703703703 0.5848958333333333 0.27685185185185185 0.5848958333333333 0.26481481481481484 0.5875 0.25092592592592594 0.5869791666666667 0.23981481481481481 0.5817708333333333 0.23333333333333334 0.58125 0.22592592592592592
0 0.11927083333333334 0.2351851851851852 0.11666666666666667 0.2537037037037037 0.1171875 0.2814814814814815 0.11927083333333334 0.29907407407407405 0.11875 0.32222222222222224 0.12395833333333334 0.32407407407407407 0.12916666666666668 0.31666666666666665 0.12708333333333333 0.31296296296296294 0.12760416666666666 0.2916666666666667 0.125 0.2814814814814815 0.125 0.23703703703703705
1 0.6833333333333333 0.21203703703703702 0.6807291666666667 0.22407407407407406 0.68125 0.25462962962962965 0.6854166666666667 0.25555555555555554 0.690625 0.22592592592592592 0.6880208333333333 0.2101851851851852 0.6848958333333334 0.20925925925925926
0 0.5984375 0.2490740740740741 0.5984375 0.25462962962962965 0.6015625 0.2574074074074074 0.5979166666666667 0.2611111111111111 0.5984375 0.27314814814814814 0.603125 0.2601851851851852 0.6057291666666667 0.27314814814814814 0.6067708333333334 0.2712962962962963 0.6041666666666666 0.26851851851851855 0.6067708333333334 0.2638888888888889 0.60625 0.2490740740740741 0.6078125 0.23703703703703705 0.6057291666666667 0.21666666666666667 0.6015625 0.2175925925925926
0 0.2864567708333333 0.21019722222222223 0.2848942708333333 0.22593796296296298 0.2864567708333333 0.2389009259259259 0.2843734375 0.2518638888888889 0.28072760416666664 0.2574194444444444 0.28333177083333333 0.25927129629629625 0.28229010416666667 0.26482685185185184 0.28072760416666664 0.262512037037037 0.2812484375 0.26853055555555555 0.28541510416666666 0.25464166666666666 0.2921859375 0.2620490740740741 0.2942692708333333 0.25927129629629625 0.2942692708333333 0.24723425925925924 0.2968734375 0.2342712962962963 0.2968734375 0.22130833333333333 0.2942692708333333 0.21019722222222223 0.29166510416666663 0.2055675925925926 0.28854010416666664 0.2055675925925926
0 0.2838541666666667 0.32407407407407407 0.28489583333333335 0.34074074074074073 0.28229166666666666 0.34629629629629627 0.28125 0.35555555555555557 0.26927083333333335 0.3685185185185185 0.2713541666666667 0.3685185185185185 0.2713541666666667 0.3731481481481482 0.26614583333333336 0.3731481481481482 0.26666666666666666 0.37592592592592594 0.28177083333333336 0.3685185185185185 0.2859375 0.375 0.2875 0.38333333333333336 0.2869791666666667 0.42314814814814816 0.2828125 0.4324074074074074 0.2911458333333333 0.4324074074074074 0.29270833333333335 0.40185185185185185 0.30364583333333334 0.41388888888888886 0.3046875 0.425 0.30833333333333335 0.42592592592592593 0.31145833333333334 0.4212962962962963 0.31145833333333334 0.4166666666666667 0.3109375 0.41388888888888886 0.30520833333333336 0.4166666666666667 0.30625 0.4074074074074074 0.3026041666666667 0.3990740740740741 0.3015625 0.37777777777777777 0.29583333333333334 0.3592592592592593 0.2947916666666667 0.34444444444444444 0.2916666666666667 0.3388888888888889 0.2916666666666667 0.3277777777777778 0.29010416666666666 0.32314814814814813
1 0.204528125 0.3004972222222222 0.204528125 0.31346018518518515 0.19463229166666668 0.3319787037037037 0.19463229166666668 0.33846018518518517 0.19567395833333334 0.34123796296296294 0.20036145833333335 0.3393861111111111 0.20556979166666667 0.3504972222222222 0.20504895833333334 0.365312037037037 0.20869479166666668 0.3995712962962963 0.212340625 0.4116083333333333 0.21494479166666666 0.4134601851851852 0.21598645833333335 0.4069787037037037 0.22067395833333334 0.40234907407407405 0.22379895833333335 0.4051268518518518 0.22692395833333334 0.40234907407407405 0.22327812500000002 0.3717935185185185 0.22379895833333335 0.3477194444444444 0.21911145833333334 0.32086759259259257 0.21286145833333334 0.3116083333333333 0.212340625 0.3004972222222222 0.21025729166666668 0.2958675925925926 0.20765312500000002 0.2958675925925926
2 0.14677083333333335 0.3121481481481482 0.006390625 0.00836111111111111
3 0.08188020833333334 0.3088148148148148 0.025140625000000003 0.09262962962962963
3 0.6666041666666668 0.25949074074074074 0.017729166666666667 0.06892592592592592