1 0.234375 0.375 0.24270833333333333 0.38981481481481484 0.25 0.41203703703703703 0.25 0.4203703703703704 0.24739583333333334 0.4351851851851852 0.24427083333333333 0.43796296296296294 0.234375 0.43796296296296294 0.23072916666666668 0.44166666666666665 0.22552083333333334 0.42962962962962964 0.22447916666666667 0.4009259259259259 0.228125 0.3787037037037037 0.23072916666666668 0.37407407407407406 0.23385416666666667 0.375
0 0.21549479166666666 0.641787037037037 0.045572916666666664 0.2488425925925926
2 0.3569322916666666 0.8225462962962963 0.009578125 0.020425925925925924
3 0.5568229166666666 0.6734166666666667 0.073484375 0.22230555555555556
0 0.6544687499999999 0.4204351851851852 0.030041666666666668 0.07578703703703703
0 0.6116354166666667 0.4843055555555555 0.04506770833333333 0.13425
0 0.6520312500000001 0.5059629629629631 0.03491666666666667 0.10249074074074074
0 0.5127760416666667 0.4301759259259259 0.045473958333333335 0.1371388888888889
0 0.6914114583333333 0.30350925925925926 0.018677083333333334 0.07000925925925926
0 0.47762499999999997 0.2508240740740741 0.030255208333333335 0.050555555555555555
0 0.47973958333333333 0.29367592592592595 0.036911458333333334 0.08749074074074073
0 0.31399479166666666 0.2821388888888889 0.020427083333333332 0.08437037037037037
0 0.34223437500000004 0.31612962962962965 0.03204166666666667 0.1018148148148148
3 0.5779427083333334 0.22346296296296297 0.014546874999999999 0.05943518518518518
1 0.69328125 0.23958333333333334 0.012942708333333334 0.032749999999999994