0 0.5997447916666666 0.24723148148148147 0.02841145833333333 0.07626851851851853
1 0.679296875 0.23183333333333334 0.017614583333333333 0.06162037037037037
3 0.5088333333333334 0.21768518518518518 0.019885416666666666 0.06464814814814814
0 0.37459375 0.26162962962962966 0.023010416666666665 0.09293518518518519
0 0.45485416666666667 0.2841018518518518 0.043182291666666664 0.11464814814814814
0 0.5315625 0.39573148148148146 0.0375 0.12474999999999999
0 0.3417864583333333 0.22772222222222221 0.019567708333333333 0.06992592592592592
0 0.313453125 0.30707407407407405 0.04320833333333333 0.1119537037037037
0 0.35839583333333336 0.3317037037037037 0.05319270833333333 0.11920370370370371
0 0.3882552083333334 0.4673981481481482 0.03546354166666667 0.18768518518518518
1 0.23716666666666666 0.37725925925925924 0.035859375 0.10647222222222222
3 0.18374479166666668 0.5051018518518519 0.05693229166666667 0.18205555555555555