1 0.22552083333333334 0.36203703703703705 0.2296875 0.3675925925925926 0.23072916666666668 0.3851851851851852 0.23229166666666667 0.38796296296296295 0.24427083333333333 0.387037037037037 0.24427083333333333 0.3907407407407407 0.24114583333333334 0.39351851851851855 0.23125 0.39537037037037037 0.22916666666666666 0.4 0.23541666666666666 0.41388888888888886 0.23541666666666666 0.4287037037037037 0.23229166666666667 0.4388888888888889 0.21302083333333333 0.4388888888888889 0.21145833333333333 0.4351851851851852 0.2125 0.4074074074074074 0.21510416666666668 0.4027777777777778 0.2203125 0.37962962962962965 0.22135416666666666 0.36574074074074076 0.225 0.36203703703703705
3 0.06994270833333333 0.33575925925925926 0.041666666666666664 0.14153703703703704
2 0.47453125 0.5618796296296297 0.013713541666666666 0.030037037037037036
0 0.17675520833333333 0.47898148148148145 0.05926041666666667 0.1812777777777778
0 0.28485416666666663 0.29915740740740737 0.025338541666666665 0.07447222222222223
0 0.2798489583333333 0.3690925925925926 0.04597916666666667 0.1598425925925926
0 0.33144270833333334 0.32949074074074075 0.040052083333333335 0.12860185185185183
0 0.36025520833333335 0.403787037037037 0.04863541666666667 0.15657407407407406
0 0.1853385416666667 0.2604722222222222 0.039640625 0.0908148148148148
0 0.436375 0.3204074074074074 0.047614583333333335 0.17582407407407405
0 0.5130052083333333 0.28444444444444444 0.048838541666666666 0.11697222222222223
1 0.6806666666666668 0.2314074074074074 0.015119791666666667 0.07628703703703704
3 0.7499427083333334 0.31713888888888886 0.028609375 0.08646296296296296