3 0.078031 0.359019 0.038297 0.123315
3 0.718297 0.287009 0.013974 0.061685
1 0.688689 0.228383 0.020085 0.065789
1 0.215116 0.365602 0.039112 0.129699
0 0.134249 0.284774 0.046512 0.088346
0 0.246829 0.276316 0.043340 0.090226
0 0.309725 0.243421 0.038055 0.088346
0 0.403277 0.436090 0.062368 0.157895
0 0.416490 0.210526 0.027484 0.071429
0 0.460359 0.241541 0.030655 0.088346
0 0.493129 0.211466 0.022199 0.058271
0 0.501057 0.309211 0.038055 0.103383
0 0.644292 0.221805 0.017970 0.052632
0 0.650634 0.243421 0.013742 0.073308
