0 0.36666666666666664 0.28055555555555556 0.36875 0.32407407407407407 0.36354166666666665 0.3398148148148148 0.36354166666666665 0.34629629629629627 0.36614583333333334 0.34629629629629627 0.36875 0.337037037037037 0.3734375 0.34444444444444444 0.375 0.3314814814814815 0.37864583333333335 0.3212962962962963 0.375 0.30462962962962964 0.37604166666666666 0.30092592592592593 0.3807291666666667 0.30092592592592593 0.37604166666666666 0.2861111111111111 0.37604166666666666 0.2574074074074074 0.3729166666666667 0.2574074074074074 0.3703125 0.262037037037037
0 0.5729166666666666 0.25092592592592594 0.5744791666666667 0.2601851851851852 0.5744791666666667 0.28425925925925927 0.571875 0.3101851851851852 0.5744791666666667 0.31203703703703706 0.5770833333333333 0.29814814814814816 0.58125 0.3 0.5848958333333333 0.3074074074074074 0.5869791666666667 0.30092592592592593 0.5817708333333333 0.2935185185185185 0.5817708333333333 0.2898148148148148 0.5859375 0.2824074074074074 0.5848958333333333 0.2712962962962963 0.5770833333333333 0.25 0.5744791666666667 0.24814814814814815
0 0.43125 0.3472222222222222 0.43072916666666666 0.35833333333333334 0.4359375 0.3574074074074074 0.43645833333333334 0.3435185185185185 0.4432291666666667 0.33240740740740743 0.44427083333333334 0.32685185185185184 0.44895833333333335 0.32592592592592595 0.4505208333333333 0.33055555555555555 0.4453125 0.3388888888888889 0.44427083333333334 0.34814814814814815 0.44947916666666665 0.34814814814814815 0.4505208333333333 0.33796296296296297 0.45625 0.33055555555555555 0.4546875 0.30833333333333335 0.45625 0.3055555555555556 0.45989583333333334 0.3055555555555556 0.4630208333333333 0.31203703703703706 0.4661458333333333 0.31203703703703706 0.46145833333333336 0.29907407407407405 0.45989583333333334 0.287962962962963 0.46041666666666664 0.27314814814814814 0.4557291666666667 0.27314814814814814 0.4546875 0.2796296296296296 0.44947916666666665 0.2851851851851852 0.4479166666666667 0.2962962962962963 0.44375 0.30277777777777776 0.4375 0.3351851851851852
0 0.33697916666666666 0.22592592592592592 0.33489583333333334 0.25462962962962965 0.3375 0.2601851851851852 0.3338541666666667 0.26666666666666666 0.3307291666666667 0.2611111111111111 0.3333333333333333 0.26666666666666666 0.32760416666666664 0.26666666666666666 0.32708333333333334 0.26851851851851855 0.33125 0.2712962962962963 0.32708333333333334 0.27685185185185185 0.3458333333333333 0.2675925925925926 0.3463541666666667 0.27314814814814814 0.35052083333333334 0.2759259259259259 0.3494791666666667 0.25277777777777777 0.3463541666666667 0.24074074074074073 0.3453125 0.2212962962962963 0.3416666666666667 0.21481481481481482
0 0.2635416666666667 0.32407407407407407 0.2630208333333333 0.3287037037037037 0.2671875 0.3398148148148148 0.26614583333333336 0.3527777777777778 0.2703125 0.36018518518518516 0.27291666666666664 0.3731481481481482 0.27239583333333334 0.3824074074074074 0.2682291666666667 0.3888888888888889 0.2677083333333333 0.39351851851851855 0.2703125 0.39814814814814814 0.275 0.39814814814814814 0.2755208333333333 0.38981481481481484 0.2791666666666667 0.38055555555555554 0.2796875 0.36203703703703705 0.2828125 0.3592592592592593 0.2833333333333333 0.3398148148148148 0.28541666666666665 0.33240740740740743 0.28541666666666665 0.32592592592592595 0.28229166666666666 0.31574074074074077 0.28177083333333336 0.30277777777777776 0.27760416666666665 0.3037037037037037 0.27395833333333336 0.31666666666666665
1 0.23697916666666666 0.36018518518518516 0.23958333333333334 0.3638888888888889 0.23645833333333333 0.3685185185185185 0.23541666666666666 0.37962962962962965 0.23697916666666666 0.3824074074074074 0.24166666666666667 0.38055555555555554 0.24895833333333334 0.387037037037037 0.25052083333333336 0.3472222222222222 0.25364583333333335 0.3416666666666667 0.2484375 0.3277777777777778 0.24375 0.3314814814814815
1 0.6895833333333333 0.23425925925925925 0.6875 0.25092592592592594 0.6953125 0.25462962962962965 0.6979166666666666 0.25092592592592594 0.6994791666666667 0.2388888888888889 0.6979166666666666 0.22777777777777777 0.6953125 0.22407407407407406 0.6927083333333334 0.22592592592592592
0 0.4875 0.2518518518518518 0.48854166666666665 0.275 0.48333333333333334 0.3101851851851852 0.4875 0.3074074074074074 0.48489583333333336 0.30462962962962964 0.48541666666666666 0.30092592592592593 0.48802083333333335 0.3 0.4890625 0.29259259259259257 0.49270833333333336 0.2851851851851852 0.49583333333333335 0.2875 0.49583333333333335 0.30277777777777776 0.496875 0.3074074074074074 0.49895833333333334 0.3074074074074074 0.5 0.2638888888888889 0.5020833333333333 0.2638888888888889 0.5046875 0.275 0.50625 0.26666666666666666 0.5046875 0.25277777777777777 0.5010416666666667 0.24259259259259258 0.5010416666666667 0.2324074074074074 0.4984375 0.2324074074074074
0 0.40208333333333335 0.22777777777777777 0.4010416666666667 0.23703703703703705 0.3932291666666667 0.2564814814814815 0.3890625 0.2759259259259259 0.38645833333333335 0.2777777777777778 0.3828125 0.28703703703703703 0.3921875 0.28055555555555556 0.39739583333333334 0.27314814814814814 0.4010416666666667 0.2796296296296296 0.4015625 0.30092592592592593 0.40572916666666664 0.30277777777777776 0.40677083333333336 0.29814814814814816 0.4046875 0.28888888888888886 0.40520833333333334 0.275 0.4036458333333333 0.2638888888888889 0.40520833333333334 0.2601851851851852 0.4036458333333333 0.2518518518518518 0.40729166666666666 0.2351851851851852 0.40729166666666666 0.22592592592592592
0 0.51875 0.21296296296296297 0.51875 0.21666666666666667 0.5151041666666667 0.22314814814814815 0.5151041666666667 0.2574074074074074 0.5171875 0.2657407407407407 0.5203125 0.26666666666666666 0.5244791666666667 0.25555555555555554 0.5276041666666667 0.22592592592592592 0.5244791666666667 0.2175925925925926 0.5239583333333333 0.2101851851851852 0.5203125 0.2101851851851852
0 0.23697916666666666 0.3638888888888889 0.23541666666666666 0.3712962962962963 0.23645833333333333 0.3824074074074074 0.2265625 0.39351851851851855 0.22864583333333333 0.3962962962962963 0.23333333333333334 0.4388888888888889 0.23645833333333333 0.44351851851851853 0.23958333333333334 0.4601851851851852 0.2375 0.5055555555555555 0.24114583333333334 0.5101851851851852 0.24583333333333332 0.5046296296296297 0.24375 0.4981481481481482 0.24375 0.487962962962963 0.24583333333333332 0.48518518518518516 0.25104166666666666 0.48518518518518516 0.2515625 0.4759259259259259 0.24791666666666667 0.4675925925925926 0.24791666666666667 0.44722222222222224 0.24895833333333334 0.43148148148148147 0.25416666666666665 0.425 0.25416666666666665 0.41944444444444445 0.2520833333333333 0.4111111111111111 0.2515625 0.39444444444444443 0.2453125 0.3824074074074074 0.24739583333333334 0.37592592592592594 0.246875 0.3712962962962963 0.24270833333333333 0.36203703703703705
0 0.2838541666666667 0.21203703703703702 0.278125 0.25277777777777777 0.27239583333333334 0.262037037037037 0.2703125 0.27037037037037037 0.2708333333333333 0.275 0.27291666666666664 0.2740740740740741 0.27239583333333334 0.2777777777777778 0.27708333333333335 0.262037037037037 0.2833333333333333 0.25277777777777777 0.28802083333333334 0.25462962962962965 0.28802083333333334 0.2675925925925926 0.29270833333333335 0.26851851851851855 0.2911458333333333 0.2601851851851852 0.29322916666666665 0.25092592592592594 0.28958333333333336 0.24444444444444444 0.290625 0.23703703703703705 0.28854166666666664 0.23055555555555557 0.29270833333333335 0.2212962962962963 0.2916666666666667 0.20833333333333334 0.29322916666666665 0.20092592592592592 0.2890625 0.20277777777777778
3 0.21796875 0.7449074074074075 0.0734375 0.27870370370370373
3 0.5048385416666666 0.21068518518518517 0.013729166666666666 0.06007407407407407