1 0.2625 0.3333333333333333 0.26614583333333336 0.33796296296296297 0.2677083333333333 0.35 0.2609375 0.38055555555555554 0.2635416666666667 0.4 0.25625 0.41388888888888886 0.240625 0.4074074074074074 0.2390625 0.4 0.24114583333333334 0.3925925925925926 0.24583333333333332 0.38981481481481484 0.246875 0.37222222222222223 0.25729166666666664 0.35185185185185186 0.25833333333333336 0.33611111111111114 0.26197916666666665 0.3333333333333333
3 0.5736770833333333 0.5078425925925926 0.04010416666666667 0.19083333333333333
3 0.6465833333333334 0.21299074074074073 0.010223958333333333 0.04601851851851852
1 0.6901145833333333 0.23633333333333334 0.012343749999999999 0.037342592592592594
0 0.32153125 0.26698148148148143 0.03772916666666667 0.0726574074074074
0 0.4323020833333333 0.26642592592592595 0.03165104166666667 0.08198148148148149
0 0.5077083333333333 0.24819444444444447 0.033817708333333335 0.07055555555555555
0 0.5409375 0.33524074074074073 0.05565625 0.10937962962962963
0 0.6077291666666667 0.22787962962962965 0.011791666666666667 0.0497962962962963
0 0.6181302083333333 0.2456388888888889 0.018838541666666667 0.04747222222222223
0 0.6149375 0.29675 0.021625000000000002 0.07222222222222222
0 0.6789843750000001 0.26893518518518517 0.012447916666666666 0.06552777777777777
0 0.6883229166666667 0.289462962962963 0.023916666666666666 0.07222222222222222