0 0.6390625 0.21203703703703702 0.6369791666666667 0.2462962962962963 0.64375 0.24166666666666667 0.6473958333333333 0.25 0.6489583333333333 0.2462962962962963 0.6458333333333334 0.23796296296296296 0.6453125 0.225 0.6484375 0.21203703703703702 0.6473958333333333 0.2074074074074074 0.64375 0.20462962962962963 0.6401041666666667 0.2064814814814815
0 0.33645833333333336 0.32592592592592595 0.3359375 0.3388888888888889 0.3375 0.34629629629629627 0.3411458333333333 0.3509259259259259 0.3421875 0.3592592592592593 0.340625 0.375 0.34322916666666664 0.37592592592592594 0.34479166666666666 0.3712962962962963 0.3463541666666667 0.37592592592592594 0.34375 0.4 0.33958333333333335 0.41388888888888886 0.33958333333333335 0.4212962962962963 0.34270833333333334 0.4287037037037037 0.3421875 0.4425925925925926 0.34375 0.4462962962962963 0.3463541666666667 0.4462962962962963 0.34791666666666665 0.44166666666666665 0.3625 0.43703703703703706 0.3645833333333333 0.41944444444444445 0.35625 0.4074074074074074 0.3546875 0.4009259259259259 0.3578125 0.37592592592592594 0.35572916666666665 0.36018518518518516 0.3484375 0.3398148148148148 0.34375 0.33796296296296297 0.3421875 0.3277777777777778
0 0.5 0.2111111111111111 0.5010416666666667 0.23055555555555557 0.4984375 0.25462962962962965 0.5015625 0.25555555555555554 0.5078125 0.23981481481481481 0.5109375 0.21203703703703702 0.5078125 0.20277777777777778 0.5036458333333333 0.20277777777777778
0 0.6854166666666667 0.2953703703703704 0.6848958333333334 0.31666666666666665 0.6796875 0.33055555555555555 0.6729166666666667 0.337037037037037 0.671875 0.3398148148148148 0.6734375 0.3435185185185185 0.671875 0.34629629629629627 0.6854166666666667 0.3296296296296296 0.6911458333333333 0.33240740740740743 0.6927083333333334 0.33055555555555555 0.6921875 0.31296296296296294 0.69375 0.30648148148148147 0.6979166666666666 0.30277777777777776 0.6947916666666667 0.30092592592592593 0.69375 0.2972222222222222 0.69375 0.2777777777777778 0.6916666666666667 0.27870370370370373 0.690625 0.2851851851851852
0 0.5661458333333333 0.20555555555555555 0.5619791666666667 0.22962962962962963 0.55625 0.24074074074074073 0.5578125 0.24351851851851852 0.5567708333333333 0.2462962962962963 0.565625 0.2324074074074074 0.56875 0.23425925925925925 0.5677083333333334 0.24814814814814815 0.5723958333333333 0.23703703703703705 0.5729166666666666 0.22037037037037038 0.5765625 0.20925925925925926 0.5744791666666667 0.19166666666666668
1 0.6848958333333334 0.2222222222222222 0.6833333333333333 0.25092592592592594 0.6885416666666667 0.25462962962962965 0.6911458333333333 0.25 0.6927083333333334 0.22777777777777777 0.6953125 0.22314814814814815 0.6932291666666667 0.20925925925925926 0.6880208333333333 0.2074074074074074
0 0.14322916666666666 0.3638888888888889 0.14427083333333332 0.37962962962962965 0.14270833333333333 0.3888888888888889 0.14010416666666667 0.39351851851851855 0.14270833333333333 0.41388888888888886 0.14270833333333333 0.47314814814814815 0.14114583333333333 0.48148148148148145 0.1453125 0.48518518518518516 0.1484375 0.4791666666666667 0.14947916666666666 0.49166666666666664 0.1546875 0.4935185185185185 0.15625 0.48703703703703705 0.15416666666666667 0.47685185185185186 0.15989583333333332 0.42592592592592593 0.16145833333333334 0.3962962962962963 0.1578125 0.38333333333333336 0.15208333333333332 0.37592592592592594 0.1515625 0.36203703703703705 0.14739583333333334 0.3592592592592593
0 0.6614583333333334 0.2324074074074074 0.6598958333333333 0.25462962962962965 0.6567708333333333 0.2601851851851852 0.6578125 0.26481481481481484 0.6541666666666667 0.26666666666666666 0.6567708333333333 0.2675925925925926 0.6541666666666667 0.2712962962962963 0.6541666666666667 0.2759259259259259 0.6583333333333333 0.2638888888888889 0.6614583333333334 0.262037037037037 0.6640625 0.26851851851851855 0.6645833333333333 0.2777777777777778 0.6666666666666666 0.26944444444444443 0.6635416666666667 0.26481481481481484 0.6671875 0.262037037037037 0.6692708333333334 0.23703703703703705 0.6682291666666667 0.22407407407407406 0.6640625 0.22314814814814815
0 0.63125 0.3194444444444444 0.63125 0.35462962962962963 0.6395833333333333 0.3592592592592593 0.6385416666666667 0.3287037037037037 0.64375 0.3138888888888889 0.6442708333333333 0.30462962962962964 0.64375 0.28888888888888886 0.6401041666666667 0.27314814814814814 0.6369791666666667 0.2759259259259259 0.6369791666666667 0.28888888888888886
0 0.4265625 0.2212962962962963 0.425 0.2351851851851852 0.425 0.24351851851851852 0.4265625 0.2462962962962963 0.42604166666666665 0.25833333333333336 0.43020833333333336 0.26944444444444443 0.43125 0.2796296296296296 0.4354166666666667 0.2759259259259259 0.4354166666666667 0.2638888888888889 0.4401041666666667 0.26666666666666666 0.4427083333333333 0.275 0.44375 0.26481481481481484 0.4421875 0.262037037037037 0.43854166666666666 0.262037037037037 0.43697916666666664 0.2574074074074074 0.43645833333333334 0.22407407407407406 0.4317708333333333 0.21481481481481482 0.4276041666666667 0.2175925925925926
0 0.6375 0.40370370370370373 0.6369791666666667 0.42777777777777776 0.6348958333333333 0.4425925925925926 0.6348958333333333 0.475 0.6385416666666667 0.4861111111111111 0.6385416666666667 0.49537037037037035 0.6348958333333333 0.5185185185185185 0.6395833333333333 0.5212962962962963 0.6411458333333333 0.5185185185185185 0.6442708333333333 0.48703703703703705 0.65 0.4777777777777778 0.6494791666666667 0.4462962962962963 0.6458333333333334 0.43148148148148147 0.65 0.4212962962962963 0.6546875 0.4212962962962963 0.65625 0.4166666666666667 0.6557291666666667 0.4074074074074074 0.6520833333333333 0.4009259259259259 0.6552083333333333 0.387037037037037 0.65 0.37962962962962965 0.6453125 0.38055555555555554 0.64375 0.38333333333333336 0.6427083333333333 0.3962962962962963
1 0.23224479166666667 0.38837037037037037 0.03586458333333333 0.12436111111111112
3 0.107796875 0.32580555555555557 0.033041666666666664 0.11578703703703704
3 0.7569427083333333 0.27049074074074075 0.01984375 0.06603703703703703