2 0.256766 0.483778 0.005516 0.008694
1 0.229786 0.366926 0.035203 0.090870
0 0.238948 0.462519 0.051599 0.165463
0 0.406281 0.410222 0.060281 0.146602
3 0.144672 0.315491 0.026042 0.104593
0 0.476177 0.219769 0.014297 0.056417
0 0.454031 0.239296 0.039755 0.069435
0 0.565271 0.231861 0.024411 0.079352
0 0.624031 0.220083 0.014297 0.055796
0 0.639724 0.235889 0.017786 0.063852
0 0.611828 0.291065 0.049172 0.076250
0 0.647573 0.317722 0.028594 0.098574
1 0.688896 0.232167 0.017786 0.061370
3 0.767354 0.274324 0.013599 0.058898
