1 0.23125 0.3768518518518518 0.23854166666666668 0.38981481481481484 0.2635416666666667 0.4074074074074074 0.253125 0.40925925925925927 0.2515625 0.41203703703703703 0.2515625 0.42314814814814816 0.24791666666666667 0.4305555555555556 0.24479166666666666 0.4305555555555556 0.2375 0.44074074074074077 0.23125 0.44166666666666665 0.228125 0.44722222222222224 0.2234375 0.4462962962962963 0.22239583333333332 0.40555555555555556 0.22708333333333333 0.37962962962962965 0.23072916666666668 0.3768518518518518
2 0.25484375 0.45189814814814816 0.0053437499999999995 0.011824074074074074
0 0.19699479166666667 0.5647222222222222 0.11323958333333332 0.16465740740740742
0 0.26845312499999996 0.5518518518518518 0.09044791666666667 0.19166666666666668
0 0.35328125 0.3154074074074074 0.033875 0.09786111111111111
0 0.3420625 0.33925 0.058859375000000005 0.10137037037037037
0 0.34509375000000003 0.39131481481481484 0.06464583333333333 0.09209259259259259
0 0.41623958333333333 0.3027314814814815 0.026640624999999998 0.10688888888888888
0 0.44315625000000003 0.33875 0.025343749999999998 0.10458333333333333
0 0.5202239583333333 0.4571296296296296 0.08169270833333334 0.11649074074074074
0 0.5311458333333333 0.6026111111111112 0.061552083333333334 0.19666666666666668
3 0.5483072916666667 0.7168333333333333 0.05048958333333333 0.24356481481481482
0 0.6569895833333333 0.3070833333333333 0.03095833333333333 0.08193518518518518
1 0.692171875 0.24157407407407405 0.018291666666666664 0.03784259259259259
3 0.5540989583333332 0.2284537037037037 0.017604166666666664 0.06811111111111111