3 0.121698 0.283750 0.022526 0.093769
3 0.737589 0.290991 0.024698 0.067065
0 0.649682 0.433296 0.046479 0.144102
1 0.689203 0.241694 0.012349 0.032333
0 0.641714 0.252472 0.022453 0.064269
0 0.557292 0.263250 0.013922 0.080231
0 0.564250 0.289796 0.044906 0.065463
0 0.538427 0.262454 0.015266 0.085019
0 0.491474 0.293509 0.049245 0.124185
0 0.414937 0.210370 0.031302 0.059722
0 0.391156 0.360176 0.043417 0.128639
0 0.309990 0.287565 0.036469 0.097630
0 0.262365 0.321120 0.035609 0.117463
1 0.244715 0.385338 0.047569 0.093985
