3 0.509396 0.448778 0.045161 0.211287
3 0.675047 0.200204 0.010130 0.019843
0 0.677474 0.215861 0.009328 0.016528
0 0.672714 0.232185 0.015115 0.036481
1 0.691120 0.239028 0.014927 0.046981
0 0.791885 0.320741 0.030057 0.085528
0 0.591177 0.203389 0.013115 0.047944
0 0.579490 0.206907 0.011010 0.051463
0 0.642328 0.262102 0.010760 0.069491
0 0.630391 0.245611 0.013359 0.060259
0 0.449792 0.214481 0.019823 0.054889
0 0.499729 0.218370 0.015245 0.054556
0 0.513547 0.278009 0.037167 0.101306
1 0.246829 0.375000 0.043340 0.084586
