3 0.308687 0.501028 0.023443 0.085093
3 0.744458 0.437972 0.012370 0.048231
1 0.672297 0.436463 0.014859 0.033870
1 0.240656 0.565694 0.032943 0.119722
0 0.497000 0.452806 0.010208 0.054611
0 0.578026 0.443148 0.028438 0.056046
0 0.601828 0.464481 0.017745 0.069139
0 0.604599 0.422796 0.009979 0.035065
0 0.618781 0.430120 0.007286 0.045769
0 0.621870 0.451102 0.017901 0.064917
0 0.648984 0.436583 0.010344 0.046694
0 0.658958 0.448759 0.008609 0.060685
0 0.525649 0.436044 0.011890 0.045247
0 0.530304 0.438148 0.018322 0.047171
