0 0.478125 0.45 0.4786458333333333 0.45740740740740743 0.48333333333333334 0.47129629629629627 0.48072916666666665 0.487962962962963 0.48125 0.5 0.47708333333333336 0.5074074074074074 0.47708333333333336 0.5222222222222223 0.4739583333333333 0.5203703703703704 0.46979166666666666 0.4666666666666667 0.47291666666666665 0.4601851851851852 0.4739583333333333 0.45185185185185184 0.47760416666666666 0.45
0 0.5848958333333333 0.42962962962962964 0.5880208333333333 0.43148148148148147 0.5901041666666667 0.43796296296296294 0.590625 0.46296296296296297 0.5958333333333333 0.4666666666666667 0.5880208333333333 0.4666666666666667 0.5854166666666667 0.4722222222222222 0.5854166666666667 0.48055555555555557 0.5838541666666667 0.47962962962962963 0.5828125 0.44537037037037036 0.5848958333333333 0.4305555555555556
0 0.5286458333333334 0.43148148148148147 0.5328125 0.43148148148148147 0.5359375 0.43796296296296294 0.5338541666666666 0.45925925925925926 0.5364583333333334 0.46574074074074073 0.5359375 0.4685185185185185 0.5338541666666666 0.4675925925925926 0.5291666666666667 0.46111111111111114 0.5244791666666667 0.4777777777777778 0.5213541666666667 0.47685185185185186 0.5255208333333333 0.4601851851851852 0.5260416666666666 0.44166666666666665 0.5286458333333334 0.4324074074074074
0 0.7171875 0.4212962962962963 0.7229166666666667 0.44166666666666665 0.7197916666666667 0.44814814814814813 0.7203125 0.4675925925925926 0.7166666666666667 0.4648148148148148 0.7135416666666666 0.4666666666666667 0.7130208333333333 0.4638888888888889 0.7119791666666667 0.43425925925925923 0.7166666666666667 0.4212962962962963
0 0.4666666666666667 0.4324074074074074 0.4703125 0.4324074074074074 0.4734375 0.44537037037037036 0.4703125 0.48055555555555557 0.46822916666666664 0.4703703703703704 0.4635416666666667 0.46296296296296297 0.46458333333333335 0.44166666666666665 0.4666666666666667 0.43333333333333335
0 0.6255208333333333 0.49722222222222223 0.6302083333333334 0.5111111111111111 0.6302083333333334 0.5259259259259259 0.6234375 0.5453703703703704 0.6244791666666667 0.5574074074074075 0.6197916666666666 0.562962962962963 0.6177083333333333 0.5527777777777778 0.6177083333333333 0.525 0.6161458333333333 0.5212962962962963 0.6125 0.5222222222222223 0.6119791666666666 0.5175925925925926 0.6161458333333333 0.4981481481481482 0.625 0.49722222222222223
0 0.6166666666666667 0.44814814814814813 0.6260416666666667 0.4759259259259259 0.6213541666666667 0.4898148148148148 0.6208333333333333 0.49722222222222223 0.6161458333333333 0.5074074074074074 0.6109375 0.4842592592592593 0.6104166666666667 0.4722222222222222 0.6130208333333333 0.45 0.6161458333333333 0.44814814814814813
0 0.5572916666666666 0.45092592592592595 0.5604166666666667 0.45092592592592595 0.5651041666666666 0.46944444444444444 0.5630208333333333 0.4888888888888889 0.5572916666666666 0.49444444444444446 0.5546875 0.4925925925925926 0.5541666666666667 0.4824074074074074 0.5505208333333333 0.4777777777777778 0.5505208333333333 0.4666666666666667 0.55625 0.45740740740740743 0.5572916666666666 0.45185185185185184
0 0.6578125 0.4287037037037037 0.6614583333333334 0.4388888888888889 0.6625 0.4638888888888889 0.6567708333333333 0.4666666666666667 0.6567708333333333 0.47962962962962963 0.6546875 0.48148148148148145 0.6541666666666667 0.4527777777777778 0.65 0.44907407407407407 0.6541666666666667 0.42962962962962964 0.6572916666666667 0.4287037037037037
0 0.5609375 0.4888888888888889 0.565625 0.4981481481481482 0.5619791666666667 0.5120370370370371 0.5625 0.5398148148148149 0.5604166666666667 0.562037037037037 0.5583333333333333 0.5601851851851852 0.5578125 0.5472222222222223 0.5505208333333333 0.5259259259259259 0.5557291666666667 0.4935185185185185 0.5578125 0.4888888888888889 0.5604166666666667 0.4888888888888889
2 0.6140104166666667 0.5806481481481481 0.0054218750000000005 0.016064814814814816
1 0.27291666666666664 0.562037037037037 0.27708333333333335 0.5675925925925925 0.27760416666666665 0.5814814814814815 0.2796875 0.5824074074074074 0.2833333333333333 0.5777777777777777 0.284375 0.5833333333333334 0.2765625 0.5953703703703703 0.271875 0.6083333333333333 0.2755208333333333 0.6231481481481481 0.27239583333333334 0.6305555555555555 0.26197916666666665 0.6287037037037037 0.25625 0.6231481481481481 0.2484375 0.6259259259259259 0.24583333333333332 0.6240740740740741 0.24895833333333334 0.6138888888888889 0.2557291666666667 0.6083333333333333 0.25625 0.5962962962962963 0.2671875 0.575925925925926 0.26875 0.562962962962963 0.27239583333333334 0.562037037037037
1 0.685765625 0.44119444444444444 0.020244791666666664 0.02763888888888889
3 0.23855208333333333 0.515962962962963 0.02540104166666667 0.09551851851851852
3 0.7659166666666667 0.4458611111111111 0.010687499999999999 0.05354629629629629