0 0.631510 0.436574 0.008854 0.039815
2 0.508135 0.611694 0.007984 0.019361
3 0.450781 0.624074 0.045312 0.170370
3 0.605313 0.417556 0.009510 0.044704
1 0.242048 0.588443 0.054375 0.099669
1 0.684575 0.431502 0.020913 0.050578
0 0.271327 0.516295 0.039317 0.083305
0 0.420230 0.493981 0.051029 0.080330
0 0.525215 0.580261 0.041827 0.127933
0 0.660430 0.441365 0.023901 0.052569
0 0.652096 0.471844 0.022328 0.067668
0 0.639988 0.447237 0.011321 0.047536
0 0.618289 0.447237 0.020756 0.047536
0 0.636686 0.485825 0.019184 0.076616
0 0.621277 0.514346 0.024215 0.092275
