2 0.709578 0.512602 0.005323 0.007204
1 0.687297 0.444444 0.023865 0.018741
3 0.320250 0.500019 0.020922 0.093917
3 0.778578 0.439880 0.012052 0.052157
0 0.691912 0.440310 0.011479 0.049331
0 0.709130 0.435207 0.013392 0.044228
0 0.705065 0.463274 0.019610 0.056135
0 0.738545 0.462424 0.014827 0.064641
0 0.730175 0.487515 0.032524 0.067192
0 0.654605 0.442861 0.021045 0.059538
0 0.622559 0.442011 0.021045 0.049331
0 0.568512 0.441586 0.018175 0.045078
0 0.562773 0.458171 0.020088 0.059538
0 0.613711 0.490066 0.037785 0.068893
1 0.255452 0.596313 0.057252 0.076923
