0 0.5151041666666667 0.47314814814814815 0.5125 0.46944444444444444 0.5130208333333334 0.45740740740740743 0.5072916666666667 0.43703703703703706 0.5098958333333333 0.4222222222222222 0.5119791666666667 0.4212962962962963 0.5166666666666667 0.4324074074074074 0.515625 0.4722222222222222
0 0.42135416666666664 0.48333333333333334 0.4171875 0.48333333333333334 0.41770833333333335 0.4981481481481482 0.415625 0.5185185185185185 0.41875 0.5259259259259259 0.4140625 0.5268518518518519 0.40677083333333336 0.5166666666666667 0.40729166666666666 0.5111111111111111 0.4125 0.5018518518518519 0.409375 0.4842592592592593 0.409375 0.47314814814814815 0.41302083333333334 0.44814814814814813 0.4166666666666667 0.4462962962962963 0.41822916666666665 0.44907407407407407 0.4171875 0.45740740740740743 0.42135416666666664 0.4824074074074074
0 0.6338541666666667 0.4666666666666667 0.6375 0.4546296296296296 0.6359375 0.43333333333333335 0.6390625 0.4222222222222222 0.640625 0.4222222222222222 0.6442708333333333 0.4351851851851852 0.6427083333333333 0.4546296296296296 0.6447916666666667 0.4666666666666667 0.64375 0.4685185185185185 0.640625 0.462037037037037 0.634375 0.4666666666666667
0 0.5223958333333333 0.42314814814814816 0.5265625 0.4324074074074074 0.5244791666666667 0.44722222222222224 0.525 0.46574074074074073 0.5223958333333333 0.4685185185185185 0.5213541666666667 0.4666666666666667 0.5203125 0.45092592592592595 0.5166666666666667 0.43703703703703706 0.5177083333333333 0.4287037037037037 0.521875 0.42407407407407405
0 0.59375 0.44907407407407407 0.5916666666666667 0.44166666666666665 0.5911458333333334 0.41759259259259257 0.5947916666666667 0.41203703703703703 0.5989583333333334 0.4212962962962963 0.5994791666666667 0.4361111111111111 0.596875 0.44074074074074077 0.5958333333333333 0.44907407407407407 0.5942708333333333 0.44907407407407407
0 0.6510416666666666 0.44074074074074077 0.6546875 0.4398148148148148 0.659375 0.4527777777777778 0.6557291666666667 0.47314814814814815 0.6578125 0.4935185185185185 0.6541666666666667 0.48518518518518516 0.6505208333333333 0.49444444444444446 0.6489583333333333 0.49074074074074076 0.6484375 0.4685185185185185 0.6510416666666666 0.44166666666666665
0 0.6 0.4361111111111111 0.6020833333333333 0.44074074074074077 0.6041666666666666 0.4583333333333333 0.6020833333333333 0.48333333333333334 0.6005208333333333 0.4824074074074074 0.5989583333333334 0.4722222222222222 0.5916666666666667 0.4824074074074074 0.5916666666666667 0.47685185185185186 0.596875 0.4675925925925926 0.5953125 0.4444444444444444 0.596875 0.43703703703703706 0.5994791666666667 0.4361111111111111
0 0.675 0.43425925925925923 0.6786458333333333 0.4388888888888889 0.6786458333333333 0.45185185185185184 0.6713541666666667 0.487962962962963 0.6682291666666667 0.48518518518518516 0.6671875 0.44814814814814813 0.6708333333333333 0.4361111111111111 0.6744791666666666 0.43425925925925923
0 0.665625 0.41759259259259257 0.6682291666666667 0.41944444444444445 0.6713541666666667 0.43425925925925923 0.6682291666666667 0.44537037037037036 0.6651041666666667 0.44907407407407407 0.6635416666666667 0.4222222222222222 0.6651041666666667 0.41759259259259257
1 0.2375 0.5074074074074074 0.2421875 0.5111111111111111 0.2421875 0.5222222222222223 0.246875 0.5351851851851852 0.24791666666666667 0.5546296296296296 0.2546875 0.5805555555555556 0.25625 0.600925925925926 0.26145833333333335 0.6092592592592593 0.25729166666666664 0.6157407407407407 0.25364583333333335 0.6157407407407407 0.24739583333333334 0.5907407407407408 0.2453125 0.5962962962962963 0.24739583333333334 0.612037037037037 0.24635416666666668 0.6157407407407407 0.24114583333333334 0.6166666666666667 0.23958333333333334 0.6129629629629629 0.2375 0.5787037037037037 0.23385416666666667 0.5611111111111111 0.234375 0.549074074074074 0.2265625 0.537962962962963 0.23489583333333333 0.5212962962962963 0.23489583333333333 0.5138888888888888 0.2375 0.5083333333333333
1 0.6760416666666667 0.4222222222222222 0.6817708333333333 0.4398148148148148 0.6817708333333333 0.4527777777777778 0.6786458333333333 0.45740740740740743 0.6770833333333334 0.4564814814814815 0.6729166666666667 0.4351851851851852 0.6729166666666667 0.42685185185185187 0.6755208333333333 0.4222222222222222
3 0.288671875 0.49700925925925926 0.029223958333333334 0.08669444444444444
3 0.7685937500000001 0.44626851851851856 0.016942708333333334 0.05325925925925926
2 0.492265625 0.4758518518518518 0.00453125 0.009722222222222222