1 0.238802 0.587037 0.026562 0.079630
3 0.229510 0.511731 0.017568 0.082481
3 0.758380 0.439972 0.008255 0.049269
1 0.685897 0.441595 0.028846 0.045584
0 0.499199 0.452991 0.020833 0.074074
0 0.512821 0.542735 0.057692 0.128205
0 0.789263 0.454416 0.024038 0.059829
0 0.766026 0.458689 0.016026 0.039886
0 0.733173 0.467236 0.020833 0.068376
0 0.635417 0.435897 0.014423 0.045584
0 0.615385 0.433048 0.016026 0.045584
0 0.606571 0.482906 0.024038 0.088319
0 0.647436 0.445869 0.016026 0.048433
0 0.655449 0.470085 0.022436 0.068376
