1 0.270479 0.551694 0.032318 0.108481
3 0.268974 0.498880 0.014453 0.075648
0 0.474401 0.449528 0.013276 0.046907
0 0.500698 0.454065 0.022297 0.056593
0 0.630250 0.420370 0.006625 0.033065
0 0.622099 0.420028 0.012484 0.040093
0 0.612542 0.422972 0.009427 0.035102
0 0.607766 0.433611 0.013120 0.039185
0 0.648026 0.435083 0.006750 0.034880
0 0.639552 0.436556 0.015797 0.052315
0 0.602604 0.465324 0.012229 0.069537
0 0.691531 0.432824 0.017583 0.050278
3 0.664141 0.418213 0.007391 0.031935
1 0.673120 0.438713 0.011339 0.033519
