2 0.741984 0.537426 0.011052 0.021046
3 0.268875 0.516620 0.021682 0.095852
3 0.751906 0.442556 0.016094 0.055880
1 0.680288 0.441595 0.020833 0.034188
1 0.258013 0.579772 0.035256 0.082621
0 0.415865 0.482906 0.036859 0.088319
0 0.471955 0.485755 0.033654 0.088319
0 0.535256 0.532764 0.038462 0.108262
0 0.624199 0.435897 0.014423 0.045584
0 0.599359 0.460114 0.016026 0.065527
0 0.608173 0.467236 0.024038 0.056980
0 0.580929 0.484330 0.033654 0.079772
0 0.640224 0.467236 0.024038 0.074074
0 0.707532 0.471510 0.024038 0.065527
0 0.733974 0.502849 0.019231 0.076923
