2 0.769245 0.457074 0.006885 0.014083
3 0.282089 0.508861 0.016578 0.095546
3 0.811333 0.443972 0.013135 0.053602
1 0.676209 0.435520 0.019084 0.042986
1 0.256361 0.585973 0.041985 0.081448
0 0.620229 0.420814 0.016539 0.045249
0 0.774173 0.443439 0.019084 0.049774
0 0.726463 0.461538 0.022901 0.063348
0 0.603690 0.434389 0.019084 0.058824
0 0.520356 0.433258 0.017812 0.052036
0 0.584606 0.453620 0.031807 0.065611
0 0.564885 0.461538 0.033079 0.085973
0 0.680025 0.518100 0.052163 0.108597
0 0.411578 0.480769 0.029262 0.088235
0 0.473282 0.528281 0.033079 0.106335
