0 0.569010 0.433796 0.010937 0.047222
2 0.783167 0.485315 0.006063 0.010148
3 0.196292 0.523120 0.020531 0.104519
3 0.753859 0.445815 0.011240 0.052306
0 0.768429 0.458689 0.020833 0.062678
0 0.731571 0.454416 0.020833 0.059829
0 0.674679 0.468661 0.019231 0.076923
0 0.609776 0.434473 0.020833 0.054131
0 0.548878 0.451567 0.024038 0.054131
0 0.580929 0.467236 0.043269 0.068376
0 0.532051 0.497151 0.028846 0.111111
0 0.447115 0.457265 0.022436 0.065527
0 0.442308 0.565527 0.051282 0.122507
1 0.689103 0.443020 0.022436 0.031339
1 0.238782 0.588319 0.038462 0.099715
