0 0.46458333333333335 0.44814814814814813 0.4666666666666667 0.4601851851851852 0.4671875 0.487962962962963 0.4640625 0.5092592592592593 0.45989583333333334 0.5083333333333333 0.46145833333333336 0.5027777777777778 0.45989583333333334 0.49537037037037035 0.45729166666666665 0.49907407407407406 0.4552083333333333 0.4981481481481482 0.45625 0.49166666666666664 0.46041666666666664 0.48703703703703705 0.45989583333333334 0.45925925925925926 0.46197916666666666 0.44907407407407407 0.4640625 0.44814814814814813
0 0.6473958333333333 0.4185185185185185 0.6505208333333333 0.4212962962962963 0.6526041666666667 0.4287037037037037 0.6520833333333333 0.44814814814814813 0.6541666666666667 0.4601851851851852 0.6510416666666666 0.4583333333333333 0.6473958333333333 0.45 0.6401041666666667 0.46296296296296297 0.64375 0.4425925925925926 0.6432291666666666 0.43148148148148147 0.6473958333333333 0.41944444444444445
0 0.6161458333333333 0.4305555555555556 0.6208333333333333 0.4425925925925926 0.6182291666666667 0.47685185185185186 0.6151041666666667 0.47685185185185186 0.6145833333333334 0.4675925925925926 0.6109375 0.46111111111111114 0.6109375 0.4398148148148148 0.615625 0.43148148148148147
0 0.5291666666666667 0.425 0.5328125 0.4351851851851852 0.5317708333333333 0.4527777777777778 0.5338541666666666 0.4638888888888889 0.5270833333333333 0.4759259259259259 0.5260416666666666 0.4842592592592593 0.5234375 0.48333333333333334 0.5234375 0.47685185185185186 0.5286458333333334 0.42592592592592593
0 0.5708333333333333 0.4101851851851852 0.5734375 0.41944444444444445 0.5723958333333333 0.43796296296296294 0.575 0.45925925925925926 0.5640625 0.45925925925925926 0.5640625 0.44351851851851853 0.5661458333333333 0.43703703703703706 0.565625 0.4212962962962963 0.5671875 0.41388888888888886 0.5703125 0.4111111111111111
0 0.65625 0.5222222222222223 0.6609375 0.512962962962963 0.6604166666666667 0.47962962962962963 0.6635416666666667 0.47129629629629627 0.6640625 0.46111111111111114 0.66875 0.46296296296296297 0.6729166666666667 0.4777777777777778 0.6713541666666667 0.49722222222222223 0.6729166666666667 0.5361111111111111 0.6703125 0.5361111111111111 0.6682291666666667 0.512962962962963 0.6635416666666667 0.5222222222222223 0.6567708333333333 0.5222222222222223
0 0.353125 0.44166666666666665 0.3572916666666667 0.462037037037037 0.3572916666666667 0.4842592592592593 0.35989583333333336 0.49722222222222223 0.35885416666666664 0.5009259259259259 0.35572916666666665 0.49722222222222223 0.35260416666666666 0.4842592592592593 0.35 0.48703703703703705 0.35 0.5009259259259259 0.34739583333333335 0.49907407407407406 0.3484375 0.45740740740740743 0.35260416666666666 0.44166666666666665
0 0.5572916666666666 0.46296296296296297 0.5583333333333333 0.47314814814814815 0.5645833333333333 0.4935185185185185 0.5640625 0.49907407407407406 0.5609375 0.4925925925925926 0.55625 0.49722222222222223 0.5625 0.5342592592592592 0.5671875 0.5407407407407407 0.5640625 0.5453703703703704 0.5578125 0.524074074074074 0.5541666666666667 0.5194444444444445 0.5411458333333333 0.5305555555555556 0.5364583333333334 0.5407407407407407 0.5348958333333333 0.5388888888888889 0.5348958333333333 0.5314814814814814 0.5473958333333333 0.5157407407407407 0.55 0.5018518518518519 0.55 0.4824074074074074 0.553125 0.4740740740740741 0.5536458333333333 0.4648148148148148 0.5567708333333333 0.46296296296296297
0 0.6057291666666667 0.4537037037037037 0.6098958333333333 0.4564814814814815 0.6125 0.4666666666666667 0.6125 0.4824074074074074 0.6197916666666666 0.5046296296296297 0.6197916666666666 0.5083333333333333 0.6182291666666667 0.5083333333333333 0.6114583333333333 0.49166666666666664 0.60625 0.49074074074074076 0.5947916666666667 0.5092592592592593 0.5927083333333333 0.5083333333333333 0.5942708333333333 0.5018518518518519 0.6010416666666667 0.49074074074074076 0.6005208333333333 0.4824074074074074 0.5979166666666667 0.47685185185185186 0.6052083333333333 0.462037037037037 0.6057291666666667 0.4546296296296296
0 0.6682291666666667 0.43796296296296294 0.671875 0.43703703703703706 0.6765625 0.44537037037037036 0.678125 0.47685185185185186 0.678125 0.49074074074074076 0.6734375 0.4888888888888889 0.6682291666666667 0.45925925925925926 0.6682291666666667 0.4388888888888889
1 0.23802083333333332 0.5462962962962963 0.240625 0.55 0.24114583333333334 0.5555555555555556 0.2421875 0.5953703703703703 0.24895833333333334 0.6166666666666667 0.24739583333333334 0.6231481481481481 0.2375 0.6194444444444445 0.23072916666666668 0.6212962962962963 0.22760416666666666 0.6157407407407407 0.228125 0.5842592592592593 0.23229166666666667 0.5657407407407408 0.23177083333333334 0.55 0.23385416666666667 0.5462962962962963 0.2375 0.5462962962962963
1 0.6802083333333333 0.42407407407407405 0.6828125 0.43703703703703706 0.6817708333333333 0.44907407407407407 0.6786458333333333 0.45185185185185184 0.6765625 0.44907407407407407 0.6739583333333333 0.43333333333333335 0.6765625 0.42314814814814816 0.6796875 0.42407407407407405
3 0.1765625 0.5231481481481481 0.028125 0.11666666666666667
3 0.7420416666666667 0.4486111111111111 0.013729166666666666 0.05973148148148149