2 0.5939583333333334 0.4411203703703704 0.002677083333333333 0.006027777777777778
0 0.5892291666666666 0.42510185185185184 0.015348958333333333 0.04061111111111111
1 0.6764895833333333 0.4376296296296296 0.009994791666666667 0.026333333333333334
3 0.794875 0.44516666666666665 0.010682291666666668 0.04942592592592593
0 0.7447760416666667 0.44562037037037033 0.014916666666666667 0.050333333333333334
0 0.691796875 0.4504444444444445 0.019494791666666667 0.05756481481481482
0 0.5489635416666666 0.434787037037037 0.01190625 0.043027777777777776
0 0.5607760416666667 0.4561296296296296 0.0269375 0.06905555555555555
0 0.5118802083333333 0.4514444444444444 0.012687499999999999 0.054824074074074074
0 0.3739427083333334 0.4865925925925926 0.030994791666666667 0.0835462962962963
0 0.3638177083333333 0.5196944444444445 0.04174479166666667 0.09464814814814815
0 0.46905208333333337 0.5134722222222222 0.027244791666666667 0.08932407407407407
3 0.255078125 0.5126944444444445 0.016947916666666667 0.08934259259259258
1 0.253328125 0.5867129629629629 0.03272395833333333 0.07843518518518518
0 0.5830520833333334 0.41976851851851854 0.006322916666666667 0.03232407407407407