1 0.24635416666666668 0.5453703703703704 0.24895833333333334 0.5481481481481482 0.25 0.5583333333333333 0.2546875 0.5657407407407408 0.25625 0.562962962962963 0.2557291666666667 0.5537037037037037 0.25833333333333336 0.5509259259259259 0.259375 0.5731481481481482 0.25416666666666665 0.5842592592592593 0.2671875 0.6083333333333333 0.27447916666666666 0.6129629629629629 0.27447916666666666 0.6166666666666667 0.2703125 0.6185185185185185 0.26197916666666665 0.6175925925925926 0.25625 0.6111111111111112 0.24322916666666666 0.612037037037037 0.23958333333333334 0.6083333333333333 0.23697916666666666 0.5694444444444444 0.2421875 0.5583333333333333 0.24166666666666667 0.55 0.24583333333333332 0.5453703703703704
2 0.362453125 0.49269444444444443 0.0021979166666666666 0.002898148148148148
0 0.35084895833333335 0.46830555555555553 0.028828125 0.05458333333333334
0 0.343109375 0.4895092592592592 0.039906250000000004 0.0582037037037037
3 0.15653645833333335 0.5220462962962963 0.025421875 0.08160185185185184
3 0.7156197916666667 0.45231481481481484 0.01678645833333333 0.0545
1 0.675625 0.43712962962962965 0.012114583333333335 0.03036111111111111
0 0.6397864583333334 0.48760185185185184 0.014890625 0.07525925925925926
0 0.5371041666666667 0.4454537037037037 0.011359375 0.05357407407407407
0 0.4978802083333333 0.48261111111111116 0.019234375 0.0788888888888889
0 0.4063177083333333 0.45689814814814816 0.017010416666666663 0.0483425925925926
0 0.40571875 0.46605555555555556 0.009104166666666667 0.04749074074074074
0 0.407515625 0.49788888888888894 0.02323958333333333 0.07368518518518519
0 0.40422395833333336 0.5336666666666667 0.044921875 0.08944444444444444
0 0.48590104166666664 0.5844074074074074 0.05298958333333333 0.12447222222222223