0 0.530469 0.475000 0.014063 0.075926
0 0.614844 0.428704 0.008854 0.040741
2 0.708891 0.476194 0.012281 0.016454
3 0.243620 0.510620 0.017005 0.088083
3 0.744760 0.444083 0.012786 0.059880
1 0.677802 0.438697 0.019397 0.042146
0 0.670259 0.452107 0.025862 0.045977
0 0.696121 0.457854 0.021552 0.072797
0 0.593750 0.570881 0.058190 0.145594
0 0.478448 0.526820 0.043103 0.118774
0 0.369612 0.484674 0.040948 0.103448
1 0.258621 0.576628 0.043103 0.088123
0 0.570825 0.432331 0.016913 0.056391
0 0.566068 0.449248 0.022199 0.060150
0 0.500529 0.441729 0.017970 0.048872
