0 0.681771 0.433333 0.009375 0.040741
2 0.180990 0.565583 0.008391 0.015944
3 0.100781 0.530648 0.022625 0.099639
3 0.742688 0.454333 0.019167 0.064500
0 0.153601 0.509341 0.038336 0.074603
0 0.154505 0.555968 0.040867 0.095826
1 0.227741 0.559505 0.031103 0.128626
0 0.417364 0.457091 0.026481 0.071631
0 0.518066 0.456097 0.022751 0.070968
0 0.551074 0.453444 0.022378 0.064335
0 0.546599 0.483953 0.027600 0.074947
0 0.596204 0.432220 0.017157 0.047091
0 0.674247 0.436474 0.011152 0.047290
0 0.678536 0.496730 0.030024 0.093054
