0 0.700724 0.435333 0.014656 0.038759
3 0.298859 0.487148 0.021135 0.086704
3 0.760792 0.443852 0.012698 0.050148
1 0.236804 0.563982 0.039281 0.126769
1 0.670459 0.437599 0.010939 0.028692
0 0.690148 0.436626 0.009298 0.045226
0 0.681124 0.448784 0.010939 0.055924
0 0.700677 0.461184 0.016134 0.063219
0 0.603050 0.431034 0.013400 0.039876
0 0.583907 0.445380 0.010118 0.052034
0 0.597034 0.432006 0.017228 0.030150
0 0.596076 0.459968 0.013673 0.059815
0 0.567499 0.444164 0.017228 0.056410
0 0.445943 0.469635 0.025934 0.086612
