1 0.23719270833333334 0.5836481481481481 0.027770833333333335 0.08349074074074074
3 0.258984375 0.5107962962962963 0.014453125 0.09352777777777778
2 0.5195104166666666 0.49525925925925923 0.0038750000000000004 0.008037037037037037
0 0.4064166666666667 0.46541666666666665 0.013557291666666667 0.06542592592592593
0 0.5308072916666666 0.46637962962962964 0.023885416666666666 0.06657407407407408
0 0.55996875 0.45375 0.023671875000000002 0.0527962962962963
0 0.555015625 0.4728796296296296 0.025822916666666664 0.06121296296296296
3 0.766671875 0.4403888888888889 0.009057291666666667 0.04625
1 0.6774479166666667 0.43748148148148147 0.011755208333333333 0.03768518518518519
0 0.762046875 0.4607777777777778 0.015994791666666668 0.060981481481481484
0 0.7048125 0.4499814814814815 0.015994791666666668 0.055157407407407405
0 0.6249375 0.4403888888888889 0.00809375 0.04282407407407408
0 0.6203125 0.4326851851851852 0.013104166666666667 0.04796296296296296
0 0.6409322916666667 0.4445 0.010791666666666666 0.04899074074074074
0 0.642953125 0.44758333333333333 0.025244791666666665 0.05310185185185185