1 0.23828125 0.5700277777777778 0.01953125 0.11921296296296297
3 0.31371875 0.4833888888888888 0.013963541666666666 0.07672222222222222
3 0.7739999999999999 0.4444351851851852 0.012270833333333333 0.04639814814814815
1 0.6710833333333334 0.4385925925925926 0.01140625 0.027342592592592592
0 0.6840833333333334 0.43819444444444444 0.0059635416666666665 0.03757407407407407
0 0.6876822916666666 0.4403240740740741 0.004604166666666667 0.04206481481481481
0 0.693453125 0.43554629629629626 0.008104166666666668 0.03526851851851852
0 0.6974427083333333 0.4547314814814815 0.015947916666666666 0.05198148148148148
0 0.6506927083333333 0.4320648148148148 0.015250000000000001 0.03477777777777778
0 0.6352760416666666 0.4308888888888889 0.010942708333333334 0.04125925925925926
0 0.5847135416666667 0.43442592592592594 0.012932291666666667 0.05127777777777778
0 0.59921875 0.43722222222222223 0.012765625000000001 0.049222222222222216
0 0.6055208333333333 0.45608333333333334 0.013760416666666667 0.05687962962962963
0 0.4886510416666667 0.46747222222222223 0.030473958333333332 0.0709537037037037