3 0.204411 0.519000 0.018734 0.092630
1 0.247328 0.582926 0.029266 0.082796
0 0.270526 0.509806 0.017130 0.077407
0 0.323344 0.506157 0.033193 0.091046
1 0.683854 0.437639 0.018750 0.029759
3 0.747969 0.444056 0.009062 0.056278
0 0.768401 0.479481 0.012807 0.067787
0 0.689552 0.481269 0.018271 0.074435
0 0.545396 0.439167 0.017135 0.040704
0 0.634797 0.534583 0.034208 0.096139
0 0.404109 0.456454 0.021714 0.061037
0 0.469156 0.467009 0.020417 0.060380
0 0.509896 0.480704 0.033964 0.077861
0 0.501078 0.535306 0.040828 0.103269
