0 0.610094 0.418444 0.009813 0.038972
0 0.617714 0.417519 0.004177 0.037852
0 0.580870 0.428648 0.014406 0.048991
3 0.286313 0.493546 0.018724 0.077833
3 0.691891 0.423981 0.007682 0.042852
0 0.737284 0.440146 0.016353 0.049772
1 0.672657 0.439867 0.019813 0.027962
0 0.655832 0.420852 0.018869 0.035791
0 0.652688 0.433715 0.011321 0.048095
0 0.625642 0.432876 0.020127 0.055365
0 0.585669 0.466059 0.019610 0.073146
0 0.510339 0.452025 0.029654 0.060388
0 0.460594 0.446383 0.029176 0.055285
1 0.272262 0.554811 0.038367 0.119678
