1 0.236495 0.588972 0.035911 0.104861
3 0.341297 0.494861 0.021677 0.083361
3 0.774448 0.427398 0.010099 0.026296
0 0.777557 0.454333 0.013615 0.058352
0 0.751271 0.452009 0.020021 0.053389
0 0.708797 0.429648 0.008656 0.042324
0 0.718448 0.429324 0.009922 0.035907
0 0.723766 0.463796 0.035349 0.050981
1 0.693063 0.443750 0.004958 0.019880
0 0.685802 0.438944 0.008115 0.055148
0 0.674396 0.434778 0.018307 0.044889
0 0.613026 0.440148 0.019479 0.056593
0 0.587505 0.444315 0.030120 0.061083
0 0.634083 0.472528 0.028589 0.078713
