2 0.4208385416666667 0.5096296296296297 0.00321875 0.004842592592592593
3 0.13173958333333333 0.5371018518518519 0.027223958333333336 0.09836111111111112
1 0.2353697916666667 0.5831574074074074 0.028104166666666666 0.08743518518518519
0 0.3277552083333333 0.5091203703703704 0.041895833333333334 0.07337037037037036
0 0.34088541666666666 0.4735462962962963 0.015630208333333333 0.06373148148148149
0 0.41383333333333333 0.4791018518518518 0.022302083333333333 0.06076851851851851
0 0.43738541666666664 0.4744722222222222 0.016463541666666668 0.05447222222222222
0 0.47104166666666664 0.47571296296296295 0.034749999999999996 0.06927777777777777
0 0.50059375 0.5250740740740741 0.047088541666666664 0.1045
0 0.5236510416666667 0.4387685185185185 0.015265625 0.05888888888888889
0 0.5658697916666667 0.4644537037037037 0.029552083333333333 0.06524074074074074
0 0.627734375 0.4419444444444445 0.019484374999999998 0.05023148148148148
0 0.610359375 0.47571296296296295 0.018510416666666665 0.07043518518518518
1 0.6772552083333333 0.43616666666666665 0.014614583333333332 0.028287037037037038
3 0.7277552083333333 0.4555092592592592 0.01623958333333333 0.06119444444444445