2 0.207500 0.634648 0.002917 0.006454
1 0.250042 0.613880 0.028604 0.066639
0 0.230526 0.556343 0.044958 0.098222
0 0.307901 0.564815 0.057005 0.099111
0 0.302182 0.614639 0.068245 0.137917
3 0.131078 0.563685 0.042729 0.133222
0 0.420161 0.530000 0.038021 0.143185
0 0.454177 0.599861 0.060307 0.144574
0 0.472115 0.505593 0.051026 0.101657
0 0.500464 0.481000 0.018573 0.088972
0 0.514635 0.494037 0.038708 0.092102
0 0.582568 0.518009 0.029130 0.104611
0 0.562432 0.538602 0.045161 0.119731
3 0.700917 0.471157 0.025354 0.072222
1 0.677672 0.440343 0.017286 0.034148
