0 0.5927083333333333 0.4111111111111111 0.5958333333333333 0.42314814814814816 0.5927083333333333 0.4527777777777778 0.5880208333333333 0.42777777777777776 0.5885416666666666 0.4203703703703704 0.5921875 0.4111111111111111
0 0.70625 0.44074074074074077 0.7098958333333333 0.44537037037037036 0.7083333333333334 0.4601851851851852 0.709375 0.48703703703703705 0.7072916666666667 0.48703703703703705 0.7026041666666667 0.49537037037037035 0.7 0.4703703703703704 0.7 0.45925925925925926 0.70625 0.44166666666666665
0 0.49166666666666664 0.4324074074074074 0.49635416666666665 0.43796296296296294 0.4942708333333333 0.4583333333333333 0.4947916666666667 0.4740740740740741 0.49322916666666666 0.475 0.49114583333333334 0.4675925925925926 0.4890625 0.4777777777777778 0.4875 0.4777777777777778 0.4859375 0.43703703703703706 0.49114583333333334 0.4324074074074074
0 0.5015625 0.4166666666666667 0.5057291666666667 0.42592592592592593 0.5072916666666667 0.43703703703703706 0.5046875 0.4638888888888889 0.5020833333333333 0.46296296296296297 0.5020833333333333 0.45185185185185184 0.4984375 0.4444444444444444 0.496875 0.43333333333333335 0.4973958333333333 0.4222222222222222 0.5010416666666667 0.4166666666666667
0 0.7166666666666667 0.4212962962962963 0.7197916666666667 0.4212962962962963 0.7203125 0.42407407407407405 0.7203125 0.45 0.7239583333333334 0.46296296296296297 0.7239583333333334 0.4703703703703704 0.721875 0.46944444444444444 0.7213541666666666 0.46296296296296297 0.7177083333333333 0.45740740740740743 0.7151041666666667 0.45925925925925926 0.7135416666666666 0.4666666666666667 0.7119791666666667 0.4638888888888889 0.7151041666666667 0.4527777777777778 0.7125 0.4361111111111111 0.7166666666666667 0.4222222222222222
0 0.7661458333333333 0.43148148148148147 0.7703125 0.44074074074074077 0.7666666666666667 0.4685185185185185 0.7609375 0.44537037037037036 0.765625 0.43148148148148147
0 0.7442708333333333 0.4583333333333333 0.7458333333333333 0.47314814814814815 0.7447916666666666 0.5175925925925926 0.7416666666666667 0.5185185185185185 0.7432291666666667 0.5046296296296297 0.740625 0.5009259259259259 0.7322916666666667 0.5222222222222223 0.7307291666666667 0.5222222222222223 0.7307291666666667 0.5157407407407407 0.7359375 0.5037037037037037 0.7328125 0.4759259259259259 0.7401041666666667 0.4638888888888889 0.7411458333333333 0.4583333333333333 0.74375 0.4583333333333333
0 0.6020833333333333 0.42407407407407405 0.6057291666666667 0.4287037037037037 0.6067708333333334 0.43425925925925923 0.6005208333333333 0.4685185185185185 0.596875 0.4685185185185185 0.5979166666666667 0.44907407407407407 0.5963541666666666 0.43148148148148147 0.5984375 0.42592592592592593 0.6015625 0.425
0 0.6057291666666667 0.5370370370370371 0.6046875 0.5138888888888888 0.6015625 0.5018518518518519 0.6 0.48333333333333334 0.6078125 0.46296296296296297 0.6114583333333333 0.46574074074074073 0.615625 0.5046296296296297 0.6130208333333333 0.5120370370370371 0.6104166666666667 0.5361111111111111 0.60625 0.5370370370370371
0 0.6161458333333333 0.40555555555555556 0.61875 0.41203703703703703 0.61875 0.42407407407407405 0.6161458333333333 0.43425925925925923 0.6119791666666666 0.43148148148148147 0.6119791666666666 0.4148148148148148 0.615625 0.40555555555555556
1 0.2557291666666667 0.5453703703703704 0.259375 0.5555555555555556 0.2598958333333333 0.5962962962962963 0.2640625 0.6111111111111112 0.26197916666666665 0.6268518518518519 0.24791666666666667 0.6268518518518519 0.24270833333333333 0.6212962962962963 0.24322916666666666 0.6129629629629629 0.246875 0.6018518518518519 0.24583333333333332 0.5916666666666667 0.24791666666666667 0.5740740740740741 0.25104166666666666 0.5638888888888889 0.25 0.5509259259259259 0.2515625 0.5462962962962963 0.2552083333333333 0.5453703703703704
1 0.6755208333333333 0.4222222222222222 0.6791666666666667 0.42962962962962964 0.6791666666666667 0.44907407407407407 0.6692708333333334 0.44907407407407407 0.6713541666666667 0.43148148148148147 0.675 0.42314814814814816
2 0.772 0.4948888888888889 0.0066458333333333335 0.010212962962962962
3 0.5810989583333334 0.5757777777777778 0.032875 0.13937037037037037
3 0.6516197916666666 0.4200740740740741 0.01303125 0.04578703703703704