3 0.343297 0.492269 0.023771 0.087361
3 0.777318 0.429778 0.007422 0.032389
1 0.689053 0.444871 0.018596 0.026746
0 0.674616 0.435633 0.013317 0.046092
0 0.690905 0.438804 0.021164 0.043978
0 0.708502 0.433095 0.008798 0.046092
0 0.717657 0.435421 0.011414 0.048207
0 0.730141 0.464176 0.026395 0.051590
0 0.751899 0.451702 0.012841 0.048630
0 0.774728 0.453182 0.009512 0.050744
0 0.636806 0.475382 0.026633 0.068927
0 0.611088 0.438123 0.015913 0.047591
0 0.590473 0.447127 0.028933 0.052736
1 0.239269 0.589465 0.033959 0.085904
