2 0.200359 0.593120 0.002651 0.006213
3 0.109833 0.551491 0.029109 0.101491
0 0.184880 0.564593 0.034026 0.100824
0 0.158979 0.621731 0.029870 0.135769
0 0.191120 0.644241 0.036672 0.148546
1 0.237245 0.598537 0.032891 0.070574
0 0.305297 0.602907 0.039698 0.131741
0 0.389365 0.526889 0.045068 0.100407
0 0.427302 0.487833 0.019396 0.085194
0 0.510880 0.466537 0.012552 0.070991
0 0.523286 0.475157 0.031094 0.073028
0 0.536839 0.500769 0.023391 0.087731
0 0.572208 0.513954 0.030234 0.086713
3 0.691135 0.470176 0.014578 0.067222
1 0.680312 0.441824 0.012073 0.028352
