1 0.677875 0.439713 0.006344 0.034389
2 0.601052 0.448870 0.004401 0.004981
3 0.388203 0.483352 0.020875 0.084324
3 0.749078 0.434611 0.010328 0.042241
1 0.246819 0.562217 0.048346 0.133484
0 0.530127 0.452416 0.014828 0.061740
0 0.571718 0.444377 0.022784 0.050807
0 0.606075 0.435052 0.022061 0.048878
0 0.716979 0.462257 0.020614 0.066885
0 0.685153 0.449073 0.013381 0.055952
0 0.671772 0.436532 0.013381 0.051450
0 0.651541 0.442240 0.015104 0.042526
0 0.646596 0.448156 0.013486 0.049241
0 0.633380 0.429930 0.012946 0.027498
0 0.631672 0.453591 0.016722 0.066508
