1 0.244792 0.592593 0.039062 0.094907
1 0.673943 0.437500 0.013448 0.041398
0 0.551500 0.431074 0.018266 0.054954
3 0.630078 0.530028 0.025401 0.119481
3 0.681510 0.415083 0.007948 0.029537
0 0.656126 0.423130 0.015913 0.047591
0 0.690483 0.443067 0.011573 0.061740
0 0.721224 0.438565 0.018083 0.047591
0 0.598261 0.433742 0.016636 0.049521
0 0.610557 0.433420 0.013020 0.055309
0 0.550957 0.425420 0.011176 0.046515
0 0.529016 0.436389 0.011211 0.045019
0 0.531729 0.453753 0.030379 0.060454
0 0.596465 0.483337 0.033996 0.065599
