1 0.236339 0.586398 0.031073 0.085778
2 0.582729 0.514537 0.008167 0.014148
3 0.230635 0.516157 0.017703 0.084620
3 0.759182 0.435657 0.010516 0.037537
1 0.677842 0.437580 0.012603 0.035098
0 0.392595 0.464700 0.024202 0.069446
0 0.574382 0.464211 0.028052 0.064556
0 0.595283 0.485730 0.041253 0.072381
0 0.628835 0.481817 0.045653 0.070424
0 0.611279 0.442160 0.012039 0.042818
0 0.610106 0.432706 0.016886 0.050604
0 0.648603 0.447065 0.014268 0.053686
0 0.650567 0.450374 0.023159 0.051479
0 0.699217 0.449513 0.024231 0.055309
0 0.754370 0.470736 0.019529 0.066885
