1 0.241536 0.596648 0.033854 0.096065
0 0.805063 0.444898 0.009776 0.039463
3 0.561333 0.576611 0.033042 0.140722
3 0.679880 0.419861 0.010510 0.040491
0 0.797895 0.441383 0.009512 0.044401
0 0.744391 0.439480 0.020926 0.050744
0 0.717520 0.437366 0.025682 0.046515
1 0.688509 0.442228 0.025206 0.027486
0 0.650752 0.470911 0.017502 0.066136
0 0.620261 0.432980 0.028714 0.050575
0 0.571963 0.437098 0.019609 0.050618
0 0.602009 0.532147 0.050603 0.103485
0 0.534643 0.459032 0.032260 0.065240
0 0.404694 0.486401 0.034189 0.097017
