2 0.524312 0.689741 0.004818 0.012370
0 0.524854 0.629954 0.044990 0.148111
0 0.452234 0.540843 0.062484 0.118981
0 0.479870 0.470241 0.018885 0.067639
0 0.505276 0.465556 0.028047 0.065167
0 0.451406 0.586750 0.044708 0.108120
0 0.387115 0.472213 0.023880 0.061713
0 0.361427 0.536398 0.037490 0.116019
0 0.395031 0.536398 0.041375 0.098241
0 0.611359 0.469250 0.016385 0.067639
1 0.686063 0.442352 0.020271 0.025676
3 0.176312 0.536306 0.027214 0.105000
3 0.753120 0.449630 0.015854 0.052741
0 0.730104 0.452806 0.019948 0.057287
1 0.258814 0.606838 0.049679 0.085470
