3 0.7757395833333334 0.43610185185185185 0.012026041666666666 0.04667592592592592
0 0.793484375 0.4512222222222222 0.0105625 0.05397222222222222
0 0.7428125 0.43218518518518517 0.011000000000000001 0.03676851851851852
0 0.7470625 0.44770370370370366 0.025374999999999998 0.05214814814814815
0 0.724625 0.44183333333333336 0.016572916666666666 0.033638888888888885
0 0.6965364583333333 0.4406666666666667 0.013197916666666667 0.04432407407407407
0 0.68634375 0.45213888888888887 0.0215625 0.05266666666666667
0 0.676734375 0.4344074074074074 0.012614583333333334 0.043287037037037034
0 0.6220677083333332 0.4453888888888889 0.012723958333333334 0.05193518518518519
0 0.5690052083333333 0.44292592592592595 0.017260416666666667 0.05252777777777778
0 0.620296875 0.48462962962962963 0.028880208333333334 0.07612962962962963
3 0.30584375 0.5017685185185184 0.025463541666666666 0.0827962962962963
1 0.23826041666666667 0.5879351851851852 0.029817708333333335 0.08034259259259259