0 0.3625 0.5018518518518519 0.36354166666666665 0.5083333333333333 0.359375 0.5212962962962963 0.35833333333333334 0.5324074074074074 0.3625 0.55 0.35625 0.5537037037037037 0.3609375 0.5722222222222222 0.3567708333333333 0.5925925925925926 0.35885416666666664 0.6055555555555555 0.35104166666666664 0.6018518518518519 0.35572916666666665 0.5796296296296296 0.35572916666666665 0.5731481481481482 0.35208333333333336 0.5694444444444444 0.3390625 0.5935185185185186 0.3385416666666667 0.6083333333333333 0.33489583333333334 0.6074074074074074 0.3328125 0.5990740740740741 0.34322916666666664 0.5731481481481482 0.3453125 0.5472222222222223 0.3515625 0.5212962962962963 0.35572916666666665 0.5148148148148148 0.3567708333333333 0.5027777777777778 0.3619791666666667 0.5018518518518519
0 0.4078125 0.4425925925925926 0.4109375 0.4425925925925926 0.415625 0.4564814814814815 0.4166666666666667 0.4685185185185185 0.41510416666666666 0.4824074074074074 0.4161458333333333 0.5027777777777778 0.41510416666666666 0.5055555555555555 0.40729166666666666 0.5046296296296297 0.409375 0.4981481481481482 0.4078125 0.44351851851851853
0 0.228125 0.5083333333333333 0.23177083333333334 0.5148148148148148 0.2328125 0.5416666666666666 0.22708333333333333 0.5537037037037037 0.21927083333333333 0.5509259259259259 0.21927083333333333 0.5203703703703704 0.221875 0.5111111111111111 0.22760416666666666 0.5083333333333333
0 0.30052083333333335 0.4564814814814815 0.30416666666666664 0.46574074074074073 0.3026041666666667 0.49444444444444446 0.29739583333333336 0.5148148148148148 0.29635416666666664 0.5166666666666667 0.29322916666666665 0.5138888888888888 0.2864583333333333 0.525 0.2864583333333333 0.5157407407407407 0.2921875 0.5046296296296297 0.29322916666666665 0.475 0.296875 0.4601851851851852 0.3 0.4564814814814815
0 0.6057291666666667 0.412962962962963 0.6109375 0.425 0.6072916666666667 0.4425925925925926 0.6072916666666667 0.45740740740740743 0.6057291666666667 0.4601851851851852 0.6020833333333333 0.44907407407407407 0.5984375 0.45555555555555555 0.6015625 0.43796296296296294 0.6015625 0.42592592592592593 0.6057291666666667 0.41388888888888886
0 0.353125 0.4527777777777778 0.353125 0.49537037037037035 0.35 0.49907407407407406 0.34479166666666666 0.4981481481481482 0.34479166666666666 0.46944444444444444 0.34322916666666664 0.4666666666666667 0.346875 0.44166666666666665 0.35 0.4425925925925926 0.35260416666666666 0.4527777777777778
0 0.5328125 0.43333333333333335 0.5369791666666667 0.44814814814814813 0.5369791666666667 0.4666666666666667 0.5348958333333333 0.4787037037037037 0.5354166666666667 0.49074074074074076 0.5291666666666667 0.5018518518518519 0.5270833333333333 0.5009259259259259 0.5270833333333333 0.4935185185185185 0.5302083333333333 0.46296296296296297 0.5302083333333333 0.43796296296296294 0.5322916666666667 0.43333333333333335
0 0.38697916666666665 0.462037037037037 0.39166666666666666 0.4888888888888889 0.38125 0.5453703703703704 0.3796875 0.5453703703703704 0.37864583333333335 0.5398148148148149 0.3807291666666667 0.5157407407407407 0.37864583333333335 0.49444444444444446 0.3828125 0.475 0.38333333333333336 0.46296296296296297 0.38645833333333335 0.462037037037037
0 0.4895833333333333 0.48055555555555557 0.48854166666666665 0.4546296296296296 0.49114583333333334 0.42685185185185187 0.4947916666666667 0.42685185185185187 0.4979166666666667 0.4351851851851852 0.49375 0.47685185185185186 0.49270833333333336 0.48055555555555557 0.4901041666666667 0.48055555555555557
0 0.5390625 0.5111111111111111 0.5411458333333333 0.5046296296296297 0.5401041666666667 0.4898148148148148 0.5427083333333333 0.4703703703703704 0.5416666666666666 0.4462962962962963 0.5427083333333333 0.44351851851851853 0.5458333333333333 0.4444444444444444 0.5494791666666666 0.45925925925925926 0.55 0.4777777777777778 0.5453125 0.49166666666666664 0.5458333333333333 0.5101851851851852 0.5395833333333333 0.5120370370370371
1 0.23993229166666669 0.5818425925925926 0.03179166666666667 0.0787037037037037
1 0.675 0.42314814814814816 0.6802083333333333 0.42592592592592593 0.6822916666666666 0.4388888888888889 0.6807291666666667 0.45092592592592595 0.6734375 0.45185185185185184 0.671875 0.44907407407407407 0.675 0.42407407407407405
2 0.3133229166666667 0.5126388888888889 0.006833333333333333 0.013203703703703704
3 0.106671875 0.551212962962963 0.02188020833333333 0.10906481481481482
3 0.7236041666666666 0.4523981481481481 0.016661458333333334 0.058805555555555555