2 0.7260052083333334 0.5453703703703704 0.0037135416666666666 0.006601851851851852
1 0.679703125 0.44028703703703703 0.013177083333333334 0.02737962962962963
3 0.7518020833333333 0.4460648148148148 0.010020833333333333 0.050805555555555555
0 0.6378541666666667 0.4366574074074074 0.020041666666666666 0.04189814814814815
0 0.6455572916666666 0.471462962962963 0.0120625 0.05608333333333333
0 0.707078125 0.4749351851851851 0.016703125 0.057074074074074076
0 0.7286041666666667 0.5085833333333333 0.023385416666666665 0.06697222222222222
0 0.5960052083333333 0.4557962962962963 0.010578124999999999 0.05246296296296296
0 0.6026875 0.4708055555555556 0.018375 0.05740740740740741
0 0.58421875 0.4833425925925926 0.03303645833333333 0.07258333333333333
0 0.47898437499999996 0.49233333333333335 0.034078125 0.07025925925925926
0 0.5434218749999999 0.5328148148148149 0.03465104166666667 0.09724074074074074
0 0.4199895833333333 0.49106481481481484 0.033505208333333335 0.07993518518518518
3 0.2654947916666667 0.5160092592592592 0.025604166666666664 0.0880462962962963
1 0.2587552083333333 0.5875925925925927 0.02628125 0.07787037037037037