2 0.305271 0.509583 0.007224 0.010037
3 0.155484 0.528583 0.029677 0.104574
3 0.762839 0.443870 0.015302 0.064463
1 0.675501 0.437031 0.014781 0.033554
0 0.718271 0.459401 0.024215 0.064872
0 0.587917 0.440387 0.019498 0.051450
1 0.252699 0.578453 0.055004 0.084118
0 0.303705 0.488014 0.031134 0.072701
0 0.318171 0.498360 0.027989 0.078853
0 0.349462 0.489691 0.024530 0.071583
0 0.383934 0.474706 0.035081 0.064313
0 0.372722 0.497858 0.032911 0.097755
0 0.439010 0.537118 0.037432 0.103544
0 0.523854 0.484236 0.042422 0.082095
0 0.559647 0.532317 0.027741 0.102915
