2 0.658661 0.449000 0.002432 0.004185
0 0.648859 0.426620 0.014979 0.039741
1 0.676193 0.437704 0.010198 0.029000
3 0.788937 0.443278 0.008813 0.048000
0 0.792234 0.450898 0.010849 0.048769
0 0.702156 0.443898 0.017005 0.049028
0 0.609573 0.436630 0.015260 0.047954
0 0.602917 0.459500 0.030698 0.070981
0 0.571682 0.448620 0.017568 0.058046
0 0.476568 0.436963 0.010589 0.051093
0 0.386078 0.482333 0.021135 0.076917
0 0.409526 0.530185 0.046234 0.102157
0 0.448828 0.526657 0.035667 0.095111
3 0.256281 0.511981 0.015854 0.088074
1 0.253146 0.584491 0.030714 0.072213
