0 0.671615 0.472685 0.015104 0.054630
3 0.277521 0.498065 0.019984 0.087556
3 0.760208 0.439194 0.011672 0.053981
1 0.680716 0.438132 0.018716 0.032542
1 0.242730 0.578559 0.030611 0.093559
0 0.608040 0.434232 0.039059 0.043733
0 0.706413 0.477018 0.027199 0.075364
0 0.553073 0.441003 0.019184 0.048095
0 0.511561 0.444638 0.014781 0.053128
0 0.471936 0.439046 0.018555 0.048654
0 0.525084 0.462254 0.022328 0.076057
0 0.402870 0.481657 0.029097 0.074239
0 0.424060 0.513714 0.019609 0.102360
0 0.437344 0.538461 0.037320 0.115858
