1 0.6843020833333333 0.43025 0.0139375 0.046564814814814816
3 0.6750104166666666 0.43678703703703703 0.011869791666666666 0.05047222222222222
0 0.7717239583333334 0.4593981481481481 0.015067708333333334 0.056074074074074075
0 0.7428020833333334 0.4523611111111111 0.018515624999999997 0.057435185185185186
0 0.75953125 0.4855092592592593 0.019281250000000003 0.07560185185185185
0 0.7001510416666666 0.5021574074074074 0.020447916666666666 0.0881574074074074
0 0.6252552083333334 0.47512037037037036 0.026583333333333334 0.07952777777777778
0 0.5743854166666666 0.45625925925925925 0.01891666666666667 0.06271296296296297
0 0.55125 0.4453518518518519 0.01559375 0.05725925925925926
0 0.5577708333333333 0.5196574074074074 0.04498958333333333 0.0967962962962963
0 0.38696875000000003 0.47993518518518524 0.020916666666666663 0.07553703703703704
0 0.4410572916666667 0.4778981481481481 0.030395833333333334 0.08657407407407407
3 0.5260364583333333 0.617925925925926 0.043468749999999994 0.15281481481481482
1 0.24610416666666665 0.5914166666666667 0.030906250000000003 0.07885185185185185