2 0.4274479166666667 0.8251111111111111 0.0076927083333333335 0.015138888888888891
3 0.21535416666666668 0.8585185185185186 0.06401562499999999 0.23424074074074072
0 0.219703125 0.6507962962962963 0.06277083333333333 0.1812037037037037
1 0.25202604166666664 0.5706851851851852 0.025484375 0.13590740740740742
0 0.3521458333333333 0.6522685185185185 0.035557291666666664 0.15062962962962964
0 0.37370312499999997 0.5364814814814814 0.019296874999999998 0.10500925925925926
0 0.4755625 0.5676203703703704 0.06263020833333334 0.12799074074074074
0 0.44571354166666666 0.7955 0.07199479166666665 0.22163888888888889
0 0.55865625 0.5306018518518518 0.029796875 0.10319444444444445
0 0.7419895833333333 0.48361111111111105 0.015578125 0.07208333333333333
0 0.7025885416666667 0.46182407407407405 0.03481770833333333 0.05946296296296296
1 0.6826562500000001 0.42883333333333334 0.018786458333333332 0.04153703703703704
0 0.6175989583333333 0.4437037037037037 0.014661458333333332 0.05661111111111111
3 0.6031666666666666 0.4298518518518519 0.010536458333333333 0.05009259259259259
0 0.5806041666666667 0.43412962962962964 0.016723958333333334 0.04805555555555555