1 0.250130 0.582065 0.026000 0.086343
3 0.345979 0.488861 0.016573 0.080759
0 0.494328 0.441315 0.023495 0.049222
0 0.525547 0.466713 0.015333 0.054120
0 0.555932 0.461222 0.028240 0.044713
0 0.719318 0.483185 0.021068 0.075463
0 0.690807 0.457139 0.016948 0.061102
1 0.675760 0.442222 0.011245 0.027315
3 0.768339 0.444194 0.011406 0.052093
0 0.639411 0.438139 0.017422 0.045056
0 0.638542 0.441231 0.015047 0.050120
0 0.624760 0.437435 0.015682 0.051528
0 0.601557 0.435176 0.013938 0.053222
0 0.588688 0.453444 0.014635 0.051028
