1 0.67615625 0.43769444444444444 0.009984375 0.030685185185185187
0 0.6347343750000001 0.42541666666666667 0.024041666666666666 0.03506481481481481
0 0.6126979166666667 0.42933333333333334 0.014276041666666666 0.043166666666666666
0 0.76871875 0.43866666666666665 0.014932291666666668 0.04608333333333334
3 0.8112135416666667 0.4418796296296296 0.006401041666666666 0.044333333333333336
0 0.6889010416666667 0.45646296296296296 0.020671875 0.055999999999999994
0 0.538 0.45488888888888884 0.019671875000000002 0.06932407407407408
0 0.5066145833333333 0.45488888888888884 0.03249479166666667 0.04987037037037037
0 0.39757291666666666 0.47275925925925927 0.029255208333333334 0.07735185185185185
0 0.43845833333333334 0.5197685185185186 0.03600520833333333 0.10068518518518518
0 0.48177604166666665 0.5451018518518519 0.05213541666666666 0.10335185185185186
3 0.255046875 0.5127592592592592 0.015005208333333332 0.08401851851851852
1 0.254484375 0.5854444444444444 0.031130208333333336 0.07601851851851851