1 0.671193 0.426944 0.012911 0.026972
3 0.744536 0.430509 0.010906 0.047917
3 0.240276 0.505500 0.015516 0.085685
1 0.252161 0.576417 0.029161 0.088620
0 0.305234 0.484185 0.036016 0.076620
0 0.463703 0.510796 0.031490 0.093583
0 0.518714 0.434306 0.011339 0.042009
0 0.529297 0.434185 0.009562 0.042741
0 0.543365 0.441713 0.029505 0.043222
0 0.559005 0.417426 0.011609 0.039343
0 0.649208 0.417093 0.013323 0.037537
0 0.647578 0.442537 0.014599 0.045102
0 0.605698 0.426537 0.010771 0.046361
0 0.563396 0.501361 0.019984 0.087676
