0 0.594823 0.457111 0.020714 0.061287
3 0.555276 0.582861 0.032104 0.150009
3 0.655516 0.418630 0.011943 0.042704
0 0.776505 0.450602 0.027073 0.050575
0 0.776232 0.467622 0.024338 0.042794
0 0.757089 0.471270 0.020510 0.053979
1 0.685578 0.441362 0.022971 0.028205
0 0.608516 0.424723 0.016668 0.044739
0 0.581785 0.429756 0.014781 0.039147
0 0.595308 0.441780 0.009749 0.036351
0 0.588103 0.495579 0.034915 0.091007
0 0.533099 0.465810 0.034915 0.070595
0 0.481683 0.440719 0.018175 0.049331
1 0.244510 0.596784 0.041463 0.095723
