2 0.476729 0.526185 0.009385 0.010509
1 0.679724 0.439667 0.009385 0.036463
3 0.218234 0.512565 0.015958 0.087343
3 0.768135 0.435583 0.011365 0.041093
1 0.232953 0.570331 0.025852 0.131068
0 0.328384 0.509199 0.041803 0.094877
0 0.484319 0.499906 0.035752 0.080206
0 0.535856 0.446114 0.019499 0.069350
0 0.544654 0.488823 0.024731 0.071887
0 0.595542 0.431313 0.016170 0.051590
0 0.693038 0.443154 0.011414 0.051590
0 0.594591 0.424548 0.023780 0.046515
0 0.714916 0.442731 0.013317 0.052435
0 0.704690 0.464720 0.021402 0.069350
0 0.766458 0.479699 0.021091 0.058098
