0 0.6713541666666667 0.41203703703703703 0.675 0.4287037037037037 0.6744791666666666 0.4361111111111111 0.6713541666666667 0.44074074074074077 0.6682291666666667 0.4398148148148148 0.6682291666666667 0.41388888888888886 0.6708333333333333 0.41203703703703703
0 0.5661458333333333 0.4222222222222222 0.5682291666666667 0.425 0.5697916666666667 0.4398148148148148 0.5677083333333334 0.475 0.5625 0.45555555555555555 0.5604166666666667 0.43703703703703706 0.5609375 0.42962962962962964 0.565625 0.4222222222222222
0 0.44947916666666665 0.44814814814814813 0.4578125 0.4648148148148148 0.45729166666666665 0.4842592592592593 0.46458333333333335 0.49537037037037035 0.46041666666666664 0.49444444444444446 0.44947916666666665 0.48055555555555557 0.4432291666666667 0.49722222222222223 0.44166666666666665 0.4935185185185185 0.44479166666666664 0.4787037037037037 0.45 0.4666666666666667 0.44583333333333336 0.45555555555555555 0.44583333333333336 0.44907407407407407 0.44895833333333335 0.44814814814814813
0 0.5083333333333333 0.4166666666666667 0.5119791666666667 0.4166666666666667 0.5161458333333333 0.4287037037037037 0.5161458333333333 0.4601851851851852 0.5088541666666667 0.462037037037037 0.5104166666666666 0.45185185185185184 0.50625 0.4351851851851852 0.5083333333333333 0.41759259259259257
0 0.5432291666666667 0.4083333333333333 0.5510416666666667 0.4287037037037037 0.55 0.44537037037037036 0.546875 0.45092592592592595 0.5421875 0.42592592592592593 0.5395833333333333 0.4222222222222222 0.5395833333333333 0.4111111111111111 0.5427083333333333 0.4083333333333333
0 0.5489583333333333 0.45925925925925926 0.5572916666666666 0.49074074074074076 0.55625 0.5111111111111111 0.5625 0.525 0.5609375 0.5324074074074074 0.5583333333333333 0.5314814814814814 0.5552083333333333 0.5194444444444445 0.5494791666666666 0.5148148148148148 0.5494791666666666 0.5 0.5453125 0.49537037037037035 0.5479166666666667 0.48518518518518516 0.5453125 0.4601851851851852 0.5484375 0.45925925925925926
0 0.425 0.4351851851851852 0.42552083333333335 0.46944444444444444 0.421875 0.47129629629629627 0.4192708333333333 0.4824074074074074 0.4171875 0.48055555555555557 0.41510416666666666 0.4527777777777778 0.41770833333333335 0.44166666666666665 0.421875 0.4351851851851852 0.4244791666666667 0.4351851851851852
0 0.578125 0.4027777777777778 0.58125 0.4166666666666667 0.5802083333333333 0.42314814814814816 0.5744791666666667 0.42314814814814816 0.5729166666666666 0.4185185185185185 0.5744791666666667 0.40370370370370373 0.5776041666666667 0.4027777777777778
0 0.575 0.4462962962962963 0.5796875 0.45092592592592595 0.5786458333333333 0.4777777777777778 0.5817708333333333 0.48333333333333334 0.58125 0.48703703703703705 0.5755208333333334 0.4935185185185185 0.575 0.5046296296296297 0.5713541666666667 0.5009259259259259 0.5697916666666667 0.48055555555555557 0.5703125 0.44907407407407407 0.5744791666666667 0.4462962962962963
0 0.6 0.425 0.6036458333333333 0.4324074074074074 0.6041666666666666 0.44351851851851853 0.6026041666666667 0.45925925925925926 0.5984375 0.47314814814814815 0.596875 0.4722222222222222 0.5947916666666667 0.4361111111111111 0.5963541666666666 0.42777777777777776 0.5994791666666667 0.425
0 0.58125 0.41944444444444445 0.5822916666666667 0.43703703703703706 0.58125 0.4462962962962963 0.578125 0.45185185185185184 0.5729166666666666 0.44351851851851853 0.5729166666666666 0.4305555555555556 0.5760416666666667 0.4203703703703704 0.5807291666666666 0.41944444444444445
1 0.2635416666666667 0.5231481481481481 0.26458333333333334 0.537962962962963 0.26875 0.5518518518518518 0.26875 0.5657407407407408 0.27447916666666666 0.5712962962962963 0.2765625 0.5777777777777777 0.27291666666666664 0.5935185185185186 0.2734375 0.6018518518518519 0.2708333333333333 0.6046296296296296 0.26510416666666664 0.6037037037037037 0.2677083333333333 0.5898148148148148 0.2677083333333333 0.5842592592592593 0.26510416666666664 0.5814814814814815 0.2546875 0.6018518518518519 0.24635416666666668 0.6074074074074074 0.24375 0.6138888888888889 0.24114583333333334 0.6148148148148148 0.23958333333333334 0.6027777777777777 0.24895833333333334 0.5935185185185186 0.25104166666666666 0.5879629629629629 0.2515625 0.5509259259259259 0.25677083333333334 0.5361111111111111 0.25729166666666664 0.525 0.25885416666666666 0.5222222222222223 0.2630208333333333 0.5231481481481481
1 0.6786458333333333 0.42314814814814816 0.6822916666666666 0.43425925925925923 0.6817708333333333 0.44907407407407407 0.6791666666666667 0.4527777777777778 0.6729166666666667 0.45092592592592595 0.6755208333333333 0.42592592592592593 0.678125 0.42407407407407405
3 0.21169270833333334 0.5336296296296297 0.023776041666666668 0.10211111111111111
3 0.750484375 0.4397314814814815 0.012213541666666666 0.05296296296296297