0 0.6713541666666667 0.4222222222222222 0.6765625 0.43703703703703706 0.6739583333333333 0.4546296296296296 0.675 0.47129629629629627 0.6666666666666666 0.46296296296296297 0.6661458333333333 0.43148148148148147 0.6677083333333333 0.425 0.6708333333333333 0.42314814814814816
0 0.5098958333333333 0.4083333333333333 0.5119791666666667 0.40925925925925927 0.5140625 0.4185185185185185 0.5140625 0.4462962962962963 0.5119791666666667 0.4527777777777778 0.5083333333333333 0.4527777777777778 0.5067708333333333 0.44907407407407407 0.5057291666666667 0.4212962962962963 0.509375 0.4083333333333333
0 0.5458333333333333 0.42777777777777776 0.55 0.4212962962962963 0.5536458333333333 0.4212962962962963 0.5552083333333333 0.42592592592592593 0.5536458333333333 0.4444444444444444 0.55625 0.47314814814814815 0.5541666666666667 0.4759259259259259 0.5520833333333334 0.47314814814814815 0.5526041666666667 0.46111111111111114 0.55 0.45555555555555555 0.5453125 0.46574074074074073 0.54375 0.475 0.5416666666666666 0.4740740740740741 0.5463541666666667 0.45092592592592595 0.5458333333333333 0.4287037037037037
0 0.5875 0.5222222222222223 0.590625 0.5027777777777778 0.5864583333333333 0.4703703703703704 0.5911458333333334 0.462037037037037 0.5916666666666667 0.4546296296296296 0.5947916666666667 0.4537037037037037 0.6 0.4759259259259259 0.596875 0.4842592592592593 0.5973958333333333 0.49907407407407406 0.5953125 0.5083333333333333 0.5973958333333333 0.5231481481481481 0.5880208333333333 0.5231481481481481
0 0.5328125 0.4083333333333333 0.5354166666666667 0.4185185185185185 0.534375 0.44166666666666665 0.5364583333333334 0.4527777777777778 0.528125 0.4527777777777778 0.5286458333333334 0.43703703703703706 0.5270833333333333 0.42685185185185187 0.5322916666666667 0.40925925925925927
0 0.5723958333333333 0.44074074074074077 0.5723958333333333 0.4212962962962963 0.5776041666666667 0.4027777777777778 0.5807291666666666 0.412962962962963 0.5817708333333333 0.4398148148148148 0.5776041666666667 0.43425925925925923 0.5729166666666666 0.44074074074074077
0 0.5916666666666667 0.44537037037037036 0.59375 0.43796296296296294 0.5947916666666667 0.4166666666666667 0.5984375 0.4064814814814815 0.6010416666666667 0.4111111111111111 0.5984375 0.4462962962962963 0.5921875 0.44537037037037036
0 0.6057291666666667 0.4046296296296296 0.609375 0.4046296296296296 0.6104166666666667 0.4074074074074074 0.6104166666666667 0.4324074074074074 0.6083333333333333 0.43425925925925923 0.6057291666666667 0.4324074074074074 0.6036458333333333 0.4185185185185185 0.6057291666666667 0.40555555555555556
0 0.6125 0.4046296296296296 0.6161458333333333 0.4111111111111111 0.6182291666666667 0.4324074074074074 0.6119791666666666 0.4324074074074074 0.6119791666666666 0.40555555555555556
0 0.7239583333333334 0.412962962962963 0.7270833333333333 0.41388888888888886 0.7302083333333333 0.4222222222222222 0.7291666666666666 0.4527777777777778 0.7208333333333333 0.4527777777777778 0.7239583333333334 0.41388888888888886
1 0.24254166666666668 0.5835833333333333 0.04696354166666667 0.11692592592592593
3 0.6464791666666667 0.5225462962962963 0.026385416666666665 0.11044444444444444
3 0.6293593749999999 0.41536111111111107 0.010187499999999999 0.03978703703703704