0 0.6703125 0.4101851851851852 0.6734375 0.41203703703703703 0.6760416666666667 0.4212962962962963 0.6713541666666667 0.4351851851851852 0.6692708333333334 0.42592592592592593 0.6703125 0.4111111111111111
0 0.6916666666666667 0.44166666666666665 0.69375 0.44907407407407407 0.6901041666666666 0.4546296296296296 0.6869791666666667 0.48703703703703705 0.6838541666666667 0.49074074074074076 0.68125 0.487962962962963 0.6802083333333333 0.4444444444444444 0.6848958333333334 0.43425925925925923 0.6885416666666667 0.43425925925925923 0.6911458333333333 0.44166666666666665
0 0.734375 0.42314814814814816 0.7390625 0.43703703703703706 0.7375 0.4675925925925926 0.7359375 0.4685185185185185 0.7338541666666667 0.4675925925925926 0.7328125 0.45185185185185184 0.7291666666666666 0.44351851851851853 0.7317708333333334 0.425 0.7338541666666667 0.42314814814814816
0 0.40390625 0.47453703703703703 0.0109375 0.075
0 0.5046875 0.49166666666666664 0.5083333333333333 0.49907407407407406 0.5104166666666666 0.5157407407407407 0.5046875 0.5370370370370371 0.5046875 0.5638888888888889 0.5015625 0.5675925925925925 0.4984375 0.5657407407407408 0.4921875 0.5 0.496875 0.4898148148148148 0.4979166666666667 0.4777777777777778 0.5015625 0.4777777777777778 0.5041666666666667 0.49166666666666664
0 0.5786458333333333 0.4583333333333333 0.5802083333333333 0.46111111111111114 0.5796875 0.4675925925925926 0.5848958333333333 0.47685185185185186 0.5838541666666667 0.5037037037037037 0.5880208333333333 0.512962962962963 0.5875 0.5194444444444445 0.5807291666666666 0.5101851851851852 0.5786458333333333 0.5296296296296297 0.5760416666666667 0.5259259259259259 0.5723958333333333 0.48148148148148145 0.5723958333333333 0.4759259259259259 0.5755208333333334 0.46944444444444444 0.575 0.4601851851851852 0.578125 0.4583333333333333
0 0.4635416666666667 0.4527777777777778 0.475 0.4759259259259259 0.4703125 0.487962962962963 0.4703125 0.5037037037037037 0.47760416666666666 0.5212962962962963 0.4765625 0.5277777777777778 0.4703125 0.512962962962963 0.46770833333333334 0.5157407407407407 0.4666666666666667 0.5305555555555556 0.46458333333333335 0.5259259259259259 0.4635416666666667 0.49722222222222223 0.45989583333333334 0.4759259259259259 0.45989583333333334 0.4546296296296296 0.4630208333333333 0.4527777777777778
0 0.5614583333333333 0.43425925925925923 0.565625 0.43796296296296294 0.565625 0.45 0.5604166666666667 0.4787037037037037 0.5604166666666667 0.49444444444444446 0.5588541666666667 0.4962962962962963 0.5546875 0.49444444444444446 0.5557291666666667 0.4675925925925926 0.553125 0.462037037037037 0.5536458333333333 0.4388888888888889 0.5609375 0.43425925925925923
0 0.5880208333333333 0.40925925925925927 0.5895833333333333 0.4212962962962963 0.5880208333333333 0.45555555555555555 0.584375 0.4546296296296296 0.5817708333333333 0.42777777777777776 0.5833333333333334 0.4111111111111111 0.5875 0.40925925925925927
1 0.253125 0.5842592592592593 0.028125 0.07592592592592592
1 0.6761979166666666 0.4373703703703704 0.02086979166666667 0.03922222222222222
0 0.5822760416666667 0.41762962962962963 0.010609375 0.05221296296296296
3 0.2549635416666666 0.5104629629629629 0.020557291666666665 0.08596296296296296
3 0.7855260416666667 0.44292592592592595 0.010354166666666666 0.05262962962962963