1 0.24838541666666666 0.5685648148148148 0.036953125 0.13624074074074072
3 0.6489635416666667 0.5308333333333333 0.032468750000000005 0.11462037037037037
0 0.589234375 0.49271296296296296 0.03135416666666667 0.0810462962962963
0 0.5108854166666666 0.4332407407407407 0.015427083333333334 0.05112037037037037
0 0.5329427083333333 0.43175 0.016401041666666664 0.05410185185185185
0 0.5523281250000001 0.4521018518518518 0.021463541666666665 0.06501851851851852
0 0.577296875 0.42462037037037037 0.014239583333333333 0.04578703703703704
0 0.5965260416666667 0.4274074074074074 0.01165625 0.04764814814814815
0 0.607171875 0.42437037037037034 0.007401041666666667 0.040824074074074075
0 0.6150572916666667 0.4213888888888889 0.014098958333333333 0.038842592592592595
3 0.6293854166666667 0.41478703703703707 0.0080625 0.03765740740740741
0 0.669484375 0.4486574074074074 0.014421875 0.0520462962962963
1 0.67046875 0.4393240740740741 0.012911458333333332 0.02712037037037037
0 0.7220729166666667 0.43392592592592594 0.019911458333333333 0.05560185185185185