0 0.48072916666666665 0.42314814814814816 0.48489583333333336 0.44166666666666665 0.48541666666666666 0.48055555555555557 0.48072916666666665 0.48148148148148145 0.47760416666666666 0.47685185185185186 0.4765625 0.43796296296296294 0.48020833333333335 0.42407407407407405
0 0.5255208333333333 0.41759259259259257 0.528125 0.43333333333333335 0.5276041666666667 0.462037037037037 0.5255208333333333 0.4648148148148148 0.5234375 0.45185185185185184 0.5213541666666667 0.45092592592592595 0.5197916666666667 0.462037037037037 0.5166666666666667 0.46296296296296297 0.5192708333333333 0.4287037037037037 0.525 0.4185185185185185
0 0.6958333333333333 0.4787037037037037 0.6973958333333333 0.4583333333333333 0.6963541666666667 0.44166666666666665 0.6989583333333333 0.42777777777777776 0.7015625 0.42962962962962964 0.7052083333333333 0.44166666666666665 0.7072916666666667 0.4777777777777778 0.7057291666666666 0.47962962962962963 0.7052083333333333 0.46944444444444444 0.7020833333333333 0.46574074074074073 0.6963541666666667 0.4787037037037037
0 0.5947916666666667 0.4148148148148148 0.5963541666666666 0.4148148148148148 0.596875 0.4203703703703704 0.5942708333333333 0.44351851851851853 0.5927083333333333 0.44907407407407407 0.5885416666666666 0.44907407407407407 0.5890625 0.42592592592592593 0.5947916666666667 0.41574074074074074
0 0.6442708333333333 0.4351851851851852 0.6489583333333333 0.41944444444444445 0.6505208333333333 0.4166666666666667 0.6520833333333333 0.4185185185185185 0.6536458333333334 0.4305555555555556 0.653125 0.45740740740740743 0.6505208333333333 0.4722222222222222 0.6473958333333333 0.4601851851851852 0.6458333333333334 0.4666666666666667 0.6427083333333333 0.4666666666666667 0.6453125 0.4462962962962963 0.6447916666666667 0.4361111111111111
0 0.5609375 0.4166666666666667 0.5635416666666667 0.4222222222222222 0.5625 0.43333333333333335 0.5645833333333333 0.44907407407407407 0.5640625 0.45185185185185184 0.5604166666666667 0.44907407407407407 0.5572916666666666 0.4537037037037037 0.5557291666666667 0.45092592592592595 0.5567708333333333 0.425 0.5604166666666667 0.4166666666666667
0 0.6088541666666667 0.4009259259259259 0.6119791666666666 0.4083333333333333 0.6135416666666667 0.4212962962962963 0.6135416666666667 0.4324074074074074 0.609375 0.43703703703703706 0.6067708333333334 0.43425925925925923 0.6052083333333333 0.4101851851851852 0.6057291666666667 0.40185185185185185 0.6083333333333333 0.4009259259259259
0 0.5744791666666667 0.42685185185185187 0.5765625 0.4287037037037037 0.5791666666666667 0.44074074074074077 0.5776041666666667 0.4925925925925926 0.5760416666666667 0.49074074074074076 0.575 0.4740740740740741 0.5723958333333333 0.47685185185185186 0.5713541666666667 0.487962962962963 0.5677083333333334 0.49166666666666664 0.5697916666666667 0.475 0.56875 0.4425925925925926 0.5708333333333333 0.42962962962962964 0.5739583333333333 0.42685185185185187
1 0.2359375 0.5138888888888888 0.24010416666666667 0.5231481481481481 0.24427083333333333 0.5268518518518519 0.246875 0.5361111111111111 0.24635416666666668 0.5555555555555556 0.2515625 0.575 0.253125 0.6037037037037037 0.25729166666666664 0.612037037037037 0.2552083333333333 0.6175925925925926 0.25 0.6175925925925926 0.24791666666666667 0.6138888888888889 0.24114583333333334 0.6166666666666667 0.2390625 0.612037037037037 0.23645833333333333 0.5703703703703704 0.23333333333333334 0.562037037037037 0.2296875 0.5370370370370371 0.2328125 0.5166666666666667 0.23541666666666666 0.5138888888888888
0 0.582390625 0.4341481481481481 0.011177083333333334 0.03476851851851852
1 0.6685052083333333 0.4296481481481481 0.009125 0.024342592592592593
0 0.672875 0.43961111111111106 0.013692708333333333 0.050305555555555555
3 0.24708333333333332 0.5121481481481481 0.021208333333333333 0.08966666666666667
3 0.75209375 0.4344166666666667 0.011557291666666667 0.04228703703703704