1 0.245781 0.556880 0.042161 0.147269
3 0.377016 0.472231 0.021891 0.081333
2 0.608901 0.483694 0.003385 0.010000
0 0.578010 0.465194 0.032693 0.070444
0 0.652932 0.453741 0.017714 0.048074
0 0.661839 0.442556 0.013328 0.031204
0 0.656755 0.418722 0.009615 0.029546
0 0.666854 0.431741 0.005807 0.053519
0 0.672599 0.430509 0.007484 0.041074
0 0.679151 0.454889 0.019552 0.044398
1 0.686797 0.440926 0.011615 0.024380
0 0.723870 0.439056 0.014135 0.053352
0 0.744214 0.442667 0.012828 0.053278
3 0.777000 0.440630 0.016698 0.054806
0 0.647644 0.438952 0.008385 0.038137
