2 0.14099479166666665 0.7118055555555556 0.006333333333333333 0.01423148148148148
1 0.23105208333333332 0.6026111111111112 0.03266145833333333 0.06697222222222222
0 0.19606770833333334 0.663324074074074 0.06736979166666666 0.11052777777777778
0 0.18076041666666667 0.5894166666666667 0.045656249999999995 0.10458333333333333
3 0.098484375 0.5273796296296297 0.020635416666666666 0.08861111111111111
0 0.1979010416666667 0.5323888888888889 0.03403125 0.07575
0 0.25953645833333333 0.5397685185185186 0.04582291666666667 0.10766666666666667
0 0.141953125 0.6146759259259259 0.04701041666666667 0.11436111111111112
0 0.3337291666666667 0.4876944444444445 0.022109375 0.0719537037037037
0 0.37926562500000005 0.5296666666666666 0.027734375 0.09461111111111112
0 0.5454739583333333 0.7238796296296296 0.055088541666666664 0.21253703703703702
0 0.46470833333333333 0.475037037037037 0.017239583333333332 0.06795370370370371
0 0.6312916666666666 0.49536111111111114 0.034854166666666665 0.08727777777777779
1 0.6749791666666667 0.43722222222222223 0.010015625 0.030324074074074073
3 0.7129322916666666 0.4512777777777778 0.011739583333333333 0.05675925925925926