1 0.684510 0.442269 0.016698 0.034861
2 0.583255 0.463648 0.009651 0.014981
3 0.335052 0.487907 0.020531 0.086361
3 0.778937 0.439657 0.011328 0.046907
0 0.495057 0.456859 0.022784 0.068815
0 0.523808 0.482585 0.041229 0.093254
0 0.642960 0.428282 0.013381 0.053380
0 0.610049 0.435357 0.011935 0.049521
0 0.609326 0.447898 0.029294 0.052736
0 0.637173 0.450470 0.012658 0.050164
0 0.633195 0.460439 0.021338 0.071387
0 0.630302 0.496132 0.025678 0.070744
0 0.744744 0.457062 0.013079 0.053704
0 0.731071 0.465308 0.026633 0.058356
1 0.237905 0.563486 0.046465 0.139681
