0 0.513021 0.438889 0.009375 0.040741
3 0.322266 0.487130 0.018688 0.079546
3 0.756021 0.434935 0.013094 0.048648
1 0.232935 0.571253 0.044253 0.123943
1 0.679090 0.437991 0.008779 0.028186
0 0.673453 0.427731 0.008693 0.025682
0 0.670088 0.445933 0.015424 0.050117
0 0.648284 0.427607 0.013601 0.039396
0 0.631599 0.424739 0.018648 0.036154
0 0.461307 0.474866 0.022430 0.088980
0 0.542218 0.436145 0.016921 0.046226
0 0.606225 0.418919 0.014959 0.035324
0 0.604018 0.449010 0.019864 0.058001
0 0.737102 0.442362 0.018811 0.051330
