3 0.2016197916666667 0.5186203703703703 0.024770833333333336 0.09505555555555555
1 0.23407291666666669 0.5711481481481482 0.031244791666666667 0.1275925925925926
0 0.30839062500000003 0.5101388888888889 0.04575520833333333 0.0976111111111111
0 0.4811875 0.507425925925926 0.03286979166666667 0.09068518518518519
0 0.5229166666666667 0.4562407407407407 0.031229166666666665 0.062333333333333324
0 0.5590416666666667 0.4292962962962963 0.023010416666666665 0.04610185185185185
0 0.5735625 0.4897870370370371 0.025260416666666667 0.0770462962962963
0 0.5806197916666667 0.43616666666666665 0.020635416666666666 0.044694444444444446
1 0.6785781249999999 0.4384074074074074 0.005927083333333334 0.025898148148148146
0 0.6853072916666666 0.4340185185185185 0.007776041666666666 0.02677777777777778
0 0.682078125 0.46270370370370373 0.024281249999999997 0.06336111111111112
0 0.7075520833333333 0.4474074074074074 0.017942708333333335 0.05619444444444444
0 0.7422447916666666 0.47843518518518524 0.026093750000000002 0.07521296296296297
3 0.7686510416666666 0.4424722222222222 0.017411458333333334 0.06080555555555556