0 0.555448 0.420907 0.014542 0.044750
3 0.161031 0.524769 0.025979 0.090935
3 0.754943 0.433815 0.010625 0.045546
0 0.776936 0.447756 0.022459 0.055470
0 0.712886 0.458480 0.024954 0.063605
1 0.676287 0.437402 0.012477 0.031803
0 0.651332 0.460699 0.029113 0.069522
0 0.599344 0.439620 0.023291 0.058428
0 0.558528 0.459405 0.016740 0.065491
0 0.575269 0.492576 0.028219 0.097812
0 0.508069 0.456003 0.027741 0.063790
0 0.467479 0.460251 0.016446 0.070865
0 0.430792 0.473749 0.046808 0.070865
1 0.262782 0.569110 0.044910 0.136105
