2 0.1646979166666667 0.5482407407407408 0.003302083333333333 0.0069259259259259265
0 0.159109375 0.511175925925926 0.029328125 0.08378703703703703
0 0.13783333333333334 0.5539722222222222 0.019666666666666666 0.0976574074074074
1 0.2275208333333333 0.5593981481481481 0.02271875 0.11272222222222222
3 0.10161458333333333 0.5365092592592592 0.021265625 0.09377777777777778
3 0.7360625 0.4592962962962963 0.014072916666666666 0.06143518518518518
1 0.6808125 0.4390648148148148 0.009932291666666667 0.03274074074074074
0 0.6597760416666667 0.42789814814814814 0.012624999999999999 0.03083333333333333
0 0.6602760416666666 0.4377407407407407 0.011260416666666667 0.04665740740740741
0 0.43321875 0.4574907407407407 0.021062499999999998 0.06283333333333334
0 0.5023333333333333 0.45921296296296293 0.02469270833333333 0.07058333333333333
0 0.5652760416666667 0.42758333333333337 0.009682291666666667 0.04175
0 0.55740625 0.4531851851851852 0.015734375000000002 0.05938888888888889
0 0.5443333333333332 0.4766481481481481 0.0171875 0.0735925925925926
0 0.6556770833333334 0.4922314814814815 0.021458333333333336 0.08355555555555555