1 0.248901 0.585769 0.033443 0.085769
2 0.632094 0.454500 0.004849 0.008620
3 0.251151 0.506704 0.021536 0.087074
3 0.754219 0.440074 0.009104 0.048907
0 0.614757 0.435091 0.029176 0.046779
0 0.761114 0.480169 0.022480 0.068893
1 0.678131 0.438493 0.016262 0.034872
0 0.560949 0.456780 0.029654 0.059538
0 0.592756 0.493778 0.027263 0.085904
0 0.514555 0.472089 0.028697 0.064641
0 0.505228 0.480595 0.040655 0.085054
0 0.410527 0.444374 0.033461 0.068429
0 0.444824 0.499415 0.040154 0.092231
0 0.298824 0.514779 0.033552 0.094877
0 0.346677 0.526517 0.048953 0.114440
