1 0.24677604166666667 0.5855925925925927 0.030078125 0.08641666666666667
3 0.34953645833333336 0.47452777777777777 0.02440625 0.07487962962962963
2 0.5317135416666666 0.45625 0.0017135416666666666 0.005935185185185186
0 0.47475520833333335 0.4593425925925926 0.016947916666666667 0.06286111111111112
0 0.5206458333333334 0.44000925925925927 0.026432291666666666 0.05224074074074074
0 0.5500677083333334 0.4297777777777778 0.018630208333333335 0.04739814814814815
0 0.5652552083333333 0.4413518518518519 0.03279166666666667 0.05600925925925926
0 0.5868958333333333 0.4212777777777778 0.013453125 0.04237037037037037
0 0.6264791666666666 0.4209722222222222 0.011890624999999998 0.04067592592592593
0 0.6215416666666667 0.4252222222222222 0.008463541666666666 0.03341666666666667
0 0.6110364583333333 0.4346296296296296 0.015671875 0.05115740740740741
0 0.6691874999999999 0.43166666666666664 0.006609375 0.04407407407407408
0 0.6609739583333333 0.44524074074074077 0.014098958333333333 0.0525462962962963
1 0.6750208333333333 0.44178703703703703 0.009526041666666667 0.022814814814814816
3 0.7581458333333334 0.43406481481481485 0.014557291666666666 0.06194444444444445