2 0.3066875 0.5881203703703703 0.0034739583333333332 0.008916666666666668
0 0.28719791666666666 0.5479722222222222 0.042078125 0.10430555555555555
3 0.12610416666666666 0.5295277777777778 0.022208333333333333 0.09212962962962963
0 0.18286458333333336 0.5203148148148149 0.035041666666666665 0.09651851851851852
1 0.23057291666666666 0.5673148148148148 0.03425520833333333 0.11617592592592592
1 0.6798020833333334 0.43930555555555556 0.011369791666666665 0.032101851851851854
3 0.75971875 0.4466388888888889 0.012484374999999999 0.05627777777777778
0 0.45083854166666665 0.45864814814814814 0.02763541666666667 0.06387037037037037
0 0.5323645833333334 0.44075 0.010661458333333334 0.053342592592592594
0 0.5526927083333334 0.4544351851851852 0.01816145833333333 0.062462962962962956
0 0.58684375 0.49724999999999997 0.02803125 0.08492592592592592
0 0.746375 0.49568518518518523 0.023234374999999998 0.08008333333333333
0 0.6964791666666666 0.4398518518518519 0.009411458333333334 0.049435185185185186
0 0.6538958333333333 0.4367777777777778 0.028348958333333334 0.04828703703703704
0 0.7029166666666666 0.46274074074074073 0.021859375 0.05828703703703704