0 0.42916666666666664 0.5324074074074074 0.43333333333333335 0.5120370370370371 0.43125 0.5083333333333333 0.43333333333333335 0.4962962962962963 0.43072916666666666 0.46944444444444444 0.4354166666666667 0.46574074074074073 0.4375 0.47685185185185186 0.44375 0.49166666666666664 0.44427083333333334 0.5138888888888888 0.44114583333333335 0.5342592592592592 0.44583333333333336 0.562962962962963 0.4421875 0.5648148148148148 0.4390625 0.5592592592592592 0.4322916666666667 0.5611111111111111 0.434375 0.55 0.4296875 0.5333333333333333
0 0.3307291666666667 0.5888888888888889 0.3333333333333333 0.5916666666666667 0.334375 0.6 0.3296875 0.6185185185185185 0.33125 0.6342592592592593 0.3265625 0.6472222222222223 0.32916666666666666 0.6592592592592592 0.33489583333333334 0.6712962962962963 0.33489583333333334 0.674074074074074 0.33125 0.6759259259259259 0.33177083333333335 0.6861111111111111 0.33541666666666664 0.6925925925925925 0.33229166666666665 0.7074074074074074 0.3302083333333333 0.7388888888888889 0.33697916666666666 0.7453703703703703 0.3328125 0.7518518518518519 0.3234375 0.7509259259259259 0.3260416666666667 0.7175925925925926 0.32447916666666665 0.7037037037037037 0.32083333333333336 0.7037037037037037 0.3171875 0.7129629629629629 0.3067708333333333 0.7212962962962963 0.3046875 0.7194444444444444 0.3067708333333333 0.7111111111111111 0.3171875 0.7 0.3140625 0.6925925925925925 0.3098958333333333 0.6583333333333333 0.3125 0.6240740740740741 0.31666666666666665 0.6138888888888889 0.32447916666666665 0.6092592592592593 0.3229166666666667 0.5935185185185186 0.3265625 0.5888888888888889 0.3302083333333333 0.5888888888888889
0 0.29322916666666665 0.4898148148148148 0.2947916666666667 0.512962962962963 0.3 0.5157407407407407 0.29010416666666666 0.5212962962962963 0.28958333333333336 0.5370370370370371 0.2859375 0.5361111111111111 0.28125 0.525 0.28072916666666664 0.5148148148148148 0.2890625 0.49166666666666664 0.29270833333333335 0.4898148148148148
0 0.26979166666666665 0.48518518518518516 0.2734375 0.49074074074074076 0.2755208333333333 0.5101851851851852 0.27291666666666664 0.5212962962962963 0.27239583333333334 0.5425925925925926 0.26927083333333335 0.5425925925925926 0.2713541666666667 0.5398148148148149 0.26875 0.5361111111111111 0.2671875 0.5388888888888889 0.2682291666666667 0.5425925925925926 0.265625 0.5444444444444444 0.2625 0.5333333333333333 0.26145833333333335 0.5064814814814815 0.26666666666666666 0.4861111111111111 0.26927083333333335 0.48518518518518516
0 0.5432291666666667 0.42592592592592593 0.5489583333333333 0.43333333333333335 0.5473958333333333 0.45925925925925926 0.55 0.4675925925925926 0.55 0.4787037037037037 0.546875 0.46944444444444444 0.5432291666666667 0.4675925925925926 0.5416666666666666 0.4777777777777778 0.5385416666666667 0.4777777777777778 0.5390625 0.4351851851851852 0.5427083333333333 0.42685185185185187
0 0.3020833333333333 0.5601851851851852 0.3046875 0.5666666666666667 0.3046875 0.5731481481481482 0.30104166666666665 0.5842592592592593 0.3072916666666667 0.5916666666666667 0.31197916666666664 0.6027777777777777 0.31197916666666664 0.6240740740740741 0.30885416666666665 0.6416666666666667 0.3078125 0.6731481481481482 0.30520833333333336 0.6833333333333333 0.30520833333333336 0.7129629629629629 0.3067708333333333 0.7212962962962963 0.30364583333333334 0.7296296296296296 0.3 0.7287037037037037 0.296875 0.7379629629629629 0.2942708333333333 0.7203703703703703 0.29635416666666664 0.7083333333333334 0.29583333333333334 0.6712962962962963 0.28958333333333336 0.6472222222222223 0.2875 0.6564814814814814 0.28489583333333335 0.6574074074074074 0.2833333333333333 0.6416666666666667 0.28489583333333335 0.6324074074074074 0.28854166666666664 0.6268518518518519 0.28802083333333334 0.5916666666666667 0.2947916666666667 0.5805555555555556 0.29322916666666665 0.5712962962962963 0.2947916666666667 0.5638888888888889 0.3015625 0.5601851851851852
0 0.265625 0.5268518518518519 0.27239583333333334 0.5342592592592592 0.27395833333333336 0.5462962962962963 0.2786458333333333 0.5527777777777778 0.2833333333333333 0.5666666666666667 0.2833333333333333 0.5777777777777777 0.28125 0.5814814814814815 0.28020833333333334 0.6166666666666667 0.2786458333333333 0.6101851851851852 0.275 0.6101851851851852 0.2703125 0.6185185185185185 0.2713541666666667 0.6472222222222223 0.26510416666666664 0.6472222222222223 0.26666666666666666 0.6351851851851852 0.26197916666666665 0.6296296296296297 0.26145833333333335 0.6194444444444445 0.2635416666666667 0.6111111111111112 0.26510416666666664 0.5851851851851851 0.26197916666666665 0.5805555555555556 0.259375 0.5944444444444444 0.25729166666666664 0.5916666666666667 0.259375 0.5592592592592592 0.26458333333333334 0.5462962962962963 0.26510416666666664 0.5277777777777778
0 0.309375 0.5120370370370371 0.31354166666666666 0.512962962962963 0.3140625 0.5259259259259259 0.3171875 0.5324074074074074 0.3140625 0.5564814814814815 0.315625 0.5731481481481482 0.3151041666666667 0.6 0.3140625 0.6018518518518519 0.31197916666666664 0.5962962962962963 0.31145833333333334 0.5842592592592593 0.3026041666666667 0.5592592592592592 0.2989583333333333 0.5416666666666666 0.3 0.5314814814814814 0.3072916666666667 0.5231481481481481 0.309375 0.512962962962963
0 0.5640625 0.48148148148148145 0.5671875 0.4842592592592593 0.5671875 0.4962962962962963 0.5713541666666667 0.5120370370370371 0.5708333333333333 0.5268518518518519 0.5661458333333333 0.5453703703703704 0.5692708333333333 0.5722222222222222 0.5666666666666667 0.5731481481481482 0.5645833333333333 0.5592592592592592 0.5604166666666667 0.5527777777777778 0.5588541666666667 0.5564814814814815 0.5583333333333333 0.5833333333333334 0.5552083333333333 0.5824074074074074 0.5552083333333333 0.5546296296296296 0.5604166666666667 0.5324074074074074 0.5572916666666666 0.5185185185185185 0.5614583333333333 0.4981481481481482 0.5583333333333333 0.48703703703703705 0.5598958333333334 0.4824074074074074 0.5635416666666667 0.48148148148148145
0 0.7 0.4361111111111111 0.70625 0.44907407407407407 0.7015625 0.47685185185185186 0.7020833333333333 0.49537037037037035 0.6984375 0.49444444444444446 0.6989583333333333 0.48518518518518516 0.6942708333333333 0.4564814814814815 0.6973958333333333 0.4388888888888889 0.6994791666666667 0.4361111111111111
1 0.2791057291666667 0.5220722222222222 0.3095989583333333 0.5508861111111111 0.3043791666666667 0.5660259259259259 0.2895447916666667 0.5591888888888888 0.2895447916666667 0.579212037037037 0.29064375 0.5963046296296296 0.2865229166666667 0.6231657407407407 0.27828177083333333 0.6256074074074074 0.2813036458333333 0.5943518518518518 0.2760838541666667 0.5640722222222222 0.2840505208333333 0.572862962962963 0.2867979166666667 0.5650490740740741 0.27333697916666666 0.5455138888888889
1 0.6869791666666667 0.43148148148148147 0.6895833333333333 0.4351851851851852 0.6901041666666666 0.44814814814814813 0.6885416666666667 0.4527777777777778 0.6838541666666667 0.4546296296296296 0.6729166666666667 0.44907407407407407 0.675 0.44166666666666665 0.6786458333333333 0.44074074074074077 0.6864583333333333 0.43148148148148147
3 0.09235416666666667 0.5948333333333333 0.040546874999999996 0.1250648148148148
3 0.7543333333333333 0.4651018518518519 0.014432291666666668 0.06118518518518518