0 0.6619791666666667 0.41388888888888886 0.665625 0.44074074074074077 0.6645833333333333 0.4444444444444444 0.6609375 0.4398148148148148 0.6578125 0.4462962962962963 0.6552083333333333 0.4444444444444444 0.6557291666666667 0.425 0.6614583333333334 0.41388888888888886
0 0.6760416666666667 0.4222222222222222 0.6796875 0.42962962962962964 0.6796875 0.4425925925925926 0.6739583333333333 0.4675925925925926 0.671875 0.4703703703703704 0.6677083333333333 0.46944444444444444 0.6671875 0.4666666666666667 0.66875 0.45092592592592595 0.6677083333333333 0.43148148148148147 0.6703125 0.42407407407407405 0.6755208333333333 0.4222222222222222
0 0.6994791666666667 0.41944444444444445 0.7046875 0.43796296296296294 0.7026041666666667 0.45925925925925926 0.6994791666666667 0.45925925925925926 0.7 0.4537037037037037 0.6973958333333333 0.44814814814814813 0.6942708333333333 0.45 0.6921875 0.45925925925925926 0.6901041666666666 0.45740740740740743 0.6927083333333334 0.4287037037037037 0.6958333333333333 0.4203703703703704 0.6989583333333333 0.41944444444444445
0 0.6197916666666666 0.42407407407407405 0.6223958333333334 0.4398148148148148 0.6182291666666667 0.47314814814814815 0.6135416666666667 0.4759259259259259 0.6119791666666666 0.44166666666666665 0.6140625 0.4324074074074074 0.6192708333333333 0.425
0 0.5119791666666667 0.425 0.515625 0.4287037037037037 0.5197916666666667 0.44351851851851853 0.5197916666666667 0.4703703703703704 0.5166666666666667 0.47962962962962963 0.5171875 0.487962962962963 0.5151041666666667 0.49074074074074076 0.5125 0.48703703703703705 0.5140625 0.46944444444444444 0.5104166666666666 0.45 0.5119791666666667 0.42592592592592593
0 0.621875 0.4074074074074074 0.6229166666666667 0.4324074074074074 0.6192708333333333 0.4324074074074074 0.6171875 0.4287037037037037 0.6177083333333333 0.4148148148148148 0.6192708333333333 0.4083333333333333 0.6213541666666667 0.4074074074074074
0 0.6755208333333333 0.4148148148148148 0.6791666666666667 0.41388888888888886 0.6791666666666667 0.42314814814814816 0.6828125 0.43703703703703706 0.6828125 0.44537037037037036 0.6786458333333333 0.4444444444444444 0.6786458333333333 0.43148148148148147 0.6739583333333333 0.42407407407407405 0.6755208333333333 0.41574074074074074
1 0.23854166666666668 0.5138888888888888 0.240625 0.5194444444444445 0.23854166666666668 0.5324074074074074 0.24270833333333333 0.549074074074074 0.246875 0.5842592592592593 0.24375 0.6092592592592593 0.24739583333333334 0.6212962962962963 0.24427083333333333 0.6240740740740741 0.2375 0.6203703703703703 0.23541666666666666 0.6157407407407407 0.23645833333333333 0.5879629629629629 0.23020833333333332 0.549074074074074 0.2265625 0.5398148148148149 0.23229166666666667 0.5259259259259259 0.23072916666666668 0.5222222222222223 0.23125 0.5157407407407407 0.23385416666666667 0.512962962962963 0.23802083333333332 0.5138888888888888
0 0.669015625 0.4369722222222222 0.006093749999999999 0.04450925925925926
3 0.3350520833333333 0.4762407407407408 0.02084375 0.08248148148148148
3 0.7720729166666668 0.4415833333333334 0.013942708333333333 0.051805555555555556