0 0.6911458333333333 0.42592592592592593 0.6958333333333333 0.4388888888888889 0.6963541666666667 0.45185185185185184 0.703125 0.4638888888888889 0.703125 0.46944444444444444 0.6927083333333334 0.45555555555555555 0.6901041666666666 0.45925925925925926 0.6901041666666666 0.4666666666666667 0.6864583333333333 0.4675925925925926 0.6890625 0.45 0.6875 0.4305555555555556 0.690625 0.42592592592592593
0 0.55 0.41944444444444445 0.5515625 0.42777777777777776 0.55 0.46944444444444444 0.546875 0.4546296296296296 0.5432291666666667 0.46574074074074073 0.5401041666666667 0.4666666666666667 0.5421875 0.4546296296296296 0.5416666666666666 0.43148148148148147 0.5458333333333333 0.4222222222222222 0.5494791666666666 0.4203703703703704
0 0.7833333333333333 0.43333333333333335 0.7880208333333333 0.4462962962962963 0.7864583333333334 0.4842592592592593 0.7828125 0.48333333333333334 0.7807291666666667 0.4648148148148148 0.7807291666666667 0.4425925925925926 0.7828125 0.43333333333333335
0 0.6557291666666667 0.4212962962962963 0.6598958333333333 0.43148148148148147 0.6604166666666667 0.44074074074074077 0.659375 0.45092592592592595 0.6557291666666667 0.4546296296296296 0.6541666666666667 0.4546296296296296 0.653125 0.43796296296296294 0.653125 0.42314814814814816 0.6552083333333333 0.4212962962962963
0 0.6401041666666667 0.4388888888888889 0.6427083333333333 0.4388888888888889 0.646875 0.45092592592592595 0.6473958333333333 0.49444444444444446 0.6432291666666666 0.49166666666666664 0.640625 0.4824074074074074 0.6390625 0.4842592592592593 0.640625 0.4981481481481482 0.6369791666666667 0.4935185185185185 0.6401041666666667 0.4398148148148148
0 0.4739583333333333 0.42777777777777776 0.47760416666666666 0.425 0.4791666666666667 0.43148148148148147 0.4791666666666667 0.4638888888888889 0.47708333333333336 0.4648148148148148 0.4734375 0.45555555555555555 0.46979166666666666 0.46296296296296297 0.4739583333333333 0.4287037037037037
0 0.4088541666666667 0.49444444444444446 0.41458333333333336 0.49444444444444446 0.41510416666666666 0.5037037037037037 0.42291666666666666 0.5185185185185185 0.4244791666666667 0.5324074074074074 0.41822916666666665 0.5574074074074075 0.42135416666666664 0.5925925925925926 0.4171875 0.5953703703703703 0.41458333333333336 0.5814814814814815 0.4125 0.5851851851851851 0.41041666666666665 0.5842592592592593 0.4119791666666667 0.5666666666666667 0.409375 0.5518518518518518 0.409375 0.5398148148148149 0.40520833333333334 0.5231481481481481 0.40572916666666664 0.5148148148148148 0.409375 0.5055555555555555 0.4088541666666667 0.49537037037037035
0 0.4421875 0.43703703703703706 0.4427083333333333 0.487962962962963 0.4390625 0.4981481481481482 0.43854166666666666 0.5092592592592593 0.43385416666666665 0.5083333333333333 0.43333333333333335 0.4981481481481482 0.43802083333333336 0.48333333333333334 0.43645833333333334 0.4583333333333333 0.4390625 0.43796296296296294 0.44166666666666665 0.43703703703703706
0 0.5921875 0.4287037037037037 0.5973958333333333 0.44722222222222224 0.5973958333333333 0.45925925925925926 0.5953125 0.4638888888888889 0.5953125 0.49537037037037035 0.5921875 0.4935185185185185 0.5916666666666667 0.4824074074074074 0.5880208333333333 0.48055555555555557 0.5848958333333333 0.4962962962962963 0.5828125 0.4935185185185185 0.5869791666666667 0.4638888888888889 0.5859375 0.44166666666666665 0.5916666666666667 0.4287037037037037
0 0.453125 0.47314814814814815 0.4546875 0.4759259259259259 0.4546875 0.48518518518518516 0.4609375 0.4935185185185185 0.4630208333333333 0.5037037037037037 0.45989583333333334 0.5101851851851852 0.45989583333333334 0.562037037037037 0.45729166666666665 0.5583333333333333 0.45625 0.5462962962962963 0.4515625 0.5388888888888889 0.4453125 0.49907407407407406 0.4453125 0.49444444444444446 0.44947916666666665 0.4842592592592593 0.44895833333333335 0.47685185185185186 0.45260416666666664 0.47314814814814815
1 0.25267708333333333 0.5922037037037038 0.034515625 0.09906481481481481
1 0.6822916666666666 0.4074074074074074 0.6916666666666667 0.425 0.6869791666666667 0.4287037037037037 0.6822916666666666 0.4537037037037037 0.678125 0.44537037037037036 0.678125 0.42777777777777776 0.675 0.4222222222222222 0.6817708333333333 0.4083333333333333
3 0.3657239583333334 0.660324074074074 0.050994791666666664 0.19485185185185186
3 0.6043489583333332 0.4228425925925926 0.009932291666666667 0.04687037037037037