0 0.6484375 0.4111111111111111 0.6526041666666667 0.41759259259259257 0.6552083333333333 0.4287037037037037 0.6552083333333333 0.4351851851851852 0.6505208333333333 0.4537037037037037 0.6447916666666667 0.45092592592592595 0.6463541666666667 0.4388888888888889 0.6458333333333334 0.4148148148148148 0.6479166666666667 0.4111111111111111
0 0.5833333333333334 0.41759259259259257 0.5822916666666667 0.4361111111111111 0.5744791666666667 0.44814814814814813 0.5713541666666667 0.44907407407407407 0.571875 0.4425925925925926 0.5765625 0.4351851851851852 0.5765625 0.4212962962962963 0.5807291666666666 0.41388888888888886 0.5828125 0.41759259259259257
0 0.6645833333333333 0.4222222222222222 0.6703125 0.46111111111111114 0.6671875 0.462037037037037 0.6645833333333333 0.4537037037037037 0.6630208333333333 0.4638888888888889 0.6651041666666667 0.4666666666666667 0.6614583333333334 0.46574074074074073 0.6578125 0.47129629629629627 0.6572916666666667 0.45925925925925926 0.6598958333333333 0.44537037037037036 0.6588541666666666 0.4287037037037037 0.6609375 0.4212962962962963 0.6640625 0.4222222222222222
0 0.6890625 0.4064814814814815 0.6927083333333334 0.4101851851851852 0.6953125 0.44907407407407407 0.6921875 0.45185185185185184 0.6885416666666667 0.4462962962962963 0.6890625 0.4074074074074074
0 0.6817708333333333 0.40925925925925927 0.6859375 0.4148148148148148 0.6869791666666667 0.4351851851851852 0.684375 0.4527777777777778 0.6817708333333333 0.4527777777777778 0.6817708333333333 0.4101851851851852
0 0.5885416666666666 0.41203703703703703 0.5916666666666667 0.41388888888888886 0.5927083333333333 0.4203703703703704 0.5895833333333333 0.4462962962962963 0.5916666666666667 0.44814814814814813 0.5932291666666667 0.4564814814814815 0.5895833333333333 0.4564814814814815 0.5848958333333333 0.44351851851851853 0.5869791666666667 0.43425925925925923 0.5864583333333333 0.4148148148148148 0.5880208333333333 0.412962962962963
0 0.55 0.41759259259259257 0.553125 0.4324074074074074 0.5489583333333333 0.46296296296296297 0.546875 0.46574074074074073 0.5458333333333333 0.46296296296296297 0.5442708333333334 0.42777777777777776 0.5463541666666667 0.4203703703703704 0.5494791666666666 0.4185185185185185
0 0.5848958333333333 0.41574074074074074 0.5880208333333333 0.41944444444444445 0.5895833333333333 0.42685185185185187 0.5890625 0.44537037037037036 0.5859375 0.4564814814814815 0.58125 0.46111111111111114 0.5796875 0.45925925925925926 0.5822916666666667 0.44166666666666665 0.5802083333333333 0.4222222222222222 0.584375 0.4166666666666667
1 0.3 0.5194444444444445 0.3026041666666667 0.5287037037037037 0.30104166666666665 0.5388888888888889 0.30364583333333334 0.5703703703703704 0.30572916666666666 0.5824074074074074 0.309375 0.5898148148148148 0.296875 0.5981481481481481 0.29322916666666665 0.5925925925925926 0.2942708333333333 0.5648148148148148 0.28958333333333336 0.5444444444444444 0.2875 0.5166666666666667 0.28854166666666664 0.5009259259259259 0.29375 0.49907407407407406 0.2994791666666667 0.5194444444444445
1 0.6729166666666667 0.42407407407407405 0.675 0.425 0.6770833333333334 0.4351851851851852 0.6770833333333334 0.44907407407407407 0.6755208333333333 0.45185185185185184 0.6703125 0.44907407407407407 0.6697916666666667 0.4324074074074074 0.6723958333333333 0.42407407407407405
3 0.4414427083333334 0.4620462962962963 0.01509375 0.07222222222222222
3 0.7410833333333334 0.4340833333333333 0.011713541666666666 0.04317592592592593