3 0.180625 0.539917 0.026000 0.105593
2 0.356896 0.511759 0.003167 0.008917
1 0.677083 0.437009 0.012177 0.037880
3 0.746755 0.444380 0.014167 0.053639
0 0.633771 0.429806 0.016438 0.053046
0 0.444687 0.522000 0.036281 0.104250
0 0.473651 0.497361 0.030927 0.082889
0 0.472641 0.448407 0.024146 0.045889
0 0.523312 0.446926 0.014630 0.060694
0 0.535031 0.473111 0.032042 0.069519
0 0.555130 0.455861 0.019302 0.062620
0 0.579708 0.458333 0.025870 0.066870
0 0.380471 0.483195 0.047559 0.070619
0 0.384156 0.465646 0.019737 0.054127
1 0.245903 0.578552 0.040712 0.092760
