0 0.664265 0.525393 0.036492 0.102454
1 0.238664 0.641094 0.033669 0.121198
0 0.549682 0.515052 0.031592 0.083505
0 0.419881 0.554931 0.058101 0.137851
3 0.223988 0.724910 0.072639 0.288046
0 0.311354 0.602438 0.074519 0.158486
0 0.637131 0.495297 0.017889 0.052449
3 0.754461 0.486830 0.020750 0.061502
1 0.816434 0.498533 0.015181 0.034870
0 0.820546 0.506969 0.034790 0.071989
0 0.877621 0.531969 0.026618 0.121294
0 0.893009 0.500905 0.019963 0.065085
0 0.636517 0.504896 0.033291 0.054973
2 0.601553 0.520087 0.010392 0.018479
0 0.580696 0.588430 0.051153 0.145739
