1 0.230566 0.394071 0.031817 0.067522
0 0.440096 0.328549 0.033247 0.086867
0 0.371906 0.272886 0.019080 0.091788
0 0.256685 0.269158 0.019524 0.075133
1 0.688982 0.241141 0.013335 0.036054
0 0.279250 0.338684 0.022934 0.120218
0 0.351342 0.401351 0.029918 0.141666
0 0.413307 0.356190 0.023720 0.116352
0 0.603353 0.282253 0.027450 0.079244
3 0.068627 0.305774 0.028769 0.097619
0 0.304509 0.340786 0.017774 0.110428
0 0.480093 0.375757 0.035720 0.123975
0 0.232358 0.235632 0.082874 0.146674
0 0.468860 0.503466 0.044501 0.156001