0 0.336547 0.373839 0.040861 0.111474
1 0.694019 0.239000 0.014064 0.035822
1 0.239392 0.398610 0.039204 0.085146
3 0.155187 0.659344 0.068080 0.251061
0 0.575350 0.231499 0.016526 0.067181
3 0.515962 0.212870 0.016887 0.059649
0 0.353360 0.290422 0.028509 0.086308
0 0.388250 0.431314 0.079047 0.170167
0 0.585572 0.344829 0.032709 0.090669
0 0.584129 0.384176 0.043291 0.128305
0 0.614913 0.429510 0.074075 0.153966
0 0.650508 0.296073 0.035595 0.082115
0 0.353395 0.247728 0.036055 0.083238
0 0.161835 0.318822 0.035971 0.120495
