1 0.245072 0.583011 0.031156 0.076921
0 0.389901 0.543694 0.024475 0.098764
0 0.317941 0.500287 0.025228 0.069577
0 0.492585 0.496120 0.014761 0.079751
0 0.715036 0.469551 0.010506 0.061505
1 0.678207 0.437195 0.010342 0.034569
3 0.147193 0.537857 0.024426 0.093568
3 0.741314 0.451570 0.018344 0.059616
0 0.607950 0.471218 0.027832 0.079863
0 0.523190 0.441723 0.024231 0.054023
0 0.277263 0.496938 0.035768 0.068782
0 0.371571 0.475657 0.013673 0.059328
0 0.373622 0.488544 0.019416 0.070513
0 0.436382 0.475900 0.032816 0.083157
