1 0.251169 0.371111 0.028447 0.081242
3 0.588397 0.471442 0.039320 0.174638
0 0.485189 0.303222 0.039961 0.090835
0 0.339532 0.242628 0.014218 0.066466
0 0.674259 0.262346 0.016360 0.064307
0 0.582242 0.213064 0.015778 0.045618
0 0.632066 0.277182 0.017576 0.063926
0 0.618564 0.242940 0.016552 0.059876
0 0.461306 0.244538 0.024607 0.071995
0 0.547900 0.238210 0.018472 0.063859
1 0.690765 0.238502 0.016636 0.031803
0 0.680424 0.252811 0.009512 0.052435
0 0.742049 0.339584 0.022875 0.090970
3 0.654085 0.215701 0.014973 0.045855
