1 0.259598 0.606039 0.030317 0.069280
0 0.629958 0.524448 0.021444 0.089118
3 0.104360 0.303861 0.160551 0.433973
0 0.603296 0.602402 0.027142 0.101733
0 0.633836 0.631434 0.035527 0.106702
0 0.447493 0.489395 0.017406 0.075833
0 0.383810 0.546442 0.029674 0.099360
0 0.486116 0.518791 0.027288 0.108971
0 0.496485 0.512333 0.019336 0.112229
0 0.365229 0.543290 0.027540 0.103587
0 0.600668 0.452963 0.013625 0.048059
0 0.588911 0.521289 0.016237 0.079399
1 0.679894 0.442385 0.009884 0.025934
3 0.188778 0.532705 0.025393 0.099469