1 0.202560 0.612692 0.042214 0.180228
0 0.489905 0.615006 0.044256 0.166345
0 0.598826 0.507904 0.027237 0.074703
0 0.831301 0.497776 0.014663 0.061621
0 0.686476 0.497691 0.015922 0.069383
0 0.439191 0.526224 0.026057 0.085895
3 0.141963 0.605026 0.038688 0.158158
0 0.878584 0.501135 0.021452 0.069216
0 0.661942 0.532545 0.052205 0.102337
1 0.807532 0.497416 0.016256 0.044586
2 0.258124 0.599144 0.008318 0.014792
0 0.247726 0.571409 0.031609 0.092450
0 0.730151 0.531965 0.039698 0.087605
3 0.712074 0.484340 0.013309 0.049553
0 0.492456 0.517760 0.020077 0.071404
