1 0.248075 0.581705 0.024589 0.083233
0 0.545818 0.445638 0.009980 0.046077
0 0.632239 0.456451 0.015734 0.054725
0 0.310483 0.519598 0.028022 0.090910
0 0.492787 0.466811 0.015603 0.071611
3 0.148707 0.538234 0.028244 0.095874
0 0.682635 0.455623 0.011122 0.053428
0 0.382625 0.573318 0.020852 0.109603
3 0.748465 0.444197 0.013710 0.055615
1 0.676993 0.435982 0.018806 0.034086
0 0.518381 0.473689 0.029176 0.078249
0 0.439395 0.504506 0.023915 0.092708
0 0.414285 0.501954 0.033959 0.094410
0 0.379150 0.511518 0.035394 0.073146
