1 0.236652 0.375565 0.030434 0.136582
1 0.695652 0.237184 0.013492 0.048906
0 0.608796 0.241096 0.010971 0.060943
0 0.268511 0.267063 0.019763 0.084962
0 0.173940 0.382751 0.030276 0.141910
0 0.589556 0.260661 0.013262 0.069481
0 0.344208 0.262296 0.018481 0.077994
0 0.159087 0.295885 0.020823 0.082390
0 0.129162 0.337016 0.025847 0.106504
0 0.347352 0.364391 0.037627 0.132942
0 0.467674 0.310380 0.026501 0.106744
3 0.082280 0.341343 0.031755 0.123254
0 0.213217 0.255794 0.056011 0.084081
3 0.759746 0.287516 0.021750 0.074380
