1 0.251054 0.384691 0.027542 0.093847
1 0.700094 0.243873 0.014536 0.040261
0 0.682657 0.345294 0.017598 0.066743
0 0.457361 0.265854 0.019887 0.084418
0 0.761275 0.322823 0.019514 0.066227
0 0.626635 0.259624 0.014190 0.066350
0 0.521698 0.379368 0.023604 0.121031
0 0.743221 0.300067 0.016255 0.061755
0 0.628860 0.367639 0.089821 0.102360
0 0.639613 0.226473 0.011386 0.049493
0 0.485250 0.256081 0.036557 0.080404
0 0.738031 0.286763 0.013743 0.062383
3 0.800236 0.280010 0.008680 0.061740
3 0.387134 0.235008 0.018344 0.076489
