1 0.225175 0.379036 0.030685 0.083134
0 0.597444 0.283721 0.019542 0.083397
0 0.610390 0.219845 0.010675 0.054370
0 0.643407 0.239244 0.014320 0.054839
0 0.270061 0.269227 0.021772 0.083822
0 0.507310 0.270202 0.018534 0.090123
1 0.688052 0.238680 0.013762 0.035757
0 0.509006 0.201276 0.012091 0.047389
3 0.166031 0.266968 0.034351 0.095023
3 0.739977 0.253839 0.018404 0.055041
0 0.494396 0.197203 0.012436 0.047630
0 0.588141 0.191250 0.013392 0.051032
0 0.385824 0.216766 0.018175 0.062940
0 0.551802 0.275879 0.040736 0.085375
