1 0.228925 0.647481 0.049894 0.150987
0 0.818449 0.517395 0.019144 0.093635
0 0.690759 0.494020 0.020402 0.063975
0 0.504214 0.607118 0.058725 0.170156
3 0.544770 0.696746 0.070214 0.279013
0 0.940815 0.532079 0.026394 0.080103
1 0.820637 0.497140 0.015913 0.034729
3 0.748306 0.480098 0.017360 0.049521
0 0.859877 0.490066 0.018445 0.056595
0 0.877056 0.503572 0.016636 0.074603
0 0.872897 0.493925 0.035081 0.060454
0 0.848123 0.500999 0.013020 0.069458
0 0.902553 0.507430 0.032187 0.092610
0 0.577052 0.539612 0.042838 0.105023
