1 0.677558 0.437762 0.010858 0.032635
0 0.355185 0.531166 0.027136 0.087912
1 0.240357 0.579942 0.031282 0.071729
0 0.562766 0.470036 0.013983 0.060822
3 0.073608 0.321647 0.122394 0.432384
0 0.541836 0.465344 0.013976 0.065750
0 0.304787 0.497207 0.014446 0.062641
0 0.496536 0.484511 0.019578 0.073445
0 0.613171 0.432748 0.011698 0.044792
0 0.404063 0.523389 0.015777 0.088579
0 0.485780 0.484961 0.043912 0.084921
0 0.315203 0.493790 0.027854 0.065665
3 0.137656 0.544805 0.024651 0.106536
0 0.419192 0.459779 0.012983 0.055832