0 0.533381 0.453032 0.013975 0.059012
1 0.253590 0.586155 0.030608 0.072393
0 0.595358 0.432540 0.010045 0.033626
0 0.383138 0.471637 0.012579 0.071861
0 0.443291 0.524313 0.049641 0.100315
0 0.777822 0.440344 0.009656 0.048848
3 0.255994 0.512514 0.018170 0.085066
0 0.399738 0.532900 0.039927 0.108721
0 0.567087 0.456949 0.026952 0.065534
0 0.497523 0.431096 0.014105 0.048235
0 0.626603 0.425304 0.017121 0.041441
1 0.676471 0.435877 0.009298 0.029178
0 0.679616 0.450709 0.015041 0.054952
3 0.804513 0.443167 0.014781 0.046976
