1 0.249527 0.577483 0.023702 0.089238
0 0.495472 0.466818 0.012850 0.067728
0 0.429910 0.460900 0.014870 0.062103
0 0.445432 0.518952 0.018157 0.090820
3 0.555317 0.566083 0.037964 0.130078
3 0.620710 0.420669 0.014466 0.041803
0 0.630294 0.457649 0.020614 0.056595
0 0.577673 0.420991 0.010850 0.038588
0 0.590693 0.427422 0.017360 0.045019
0 0.588704 0.434497 0.014828 0.047591
1 0.670800 0.437712 0.009041 0.027011
0 0.677310 0.439320 0.017721 0.049521
0 0.696839 0.444465 0.026401 0.054666
0 0.446666 0.454274 0.016998 0.060454
