1 0.234992 0.653835 0.046796 0.127343
1 0.813717 0.495487 0.022144 0.042902
0 0.343496 0.692833 0.084884 0.218267
3 0.123105 0.834802 0.093583 0.330396
0 0.465700 0.550199 0.033357 0.086661
0 0.425536 0.628725 0.037517 0.165200
0 0.518282 0.579903 0.054656 0.121955
0 0.568044 0.525961 0.021433 0.091177
0 0.720518 0.505764 0.018025 0.077780
0 0.345193 0.559733 0.049008 0.097243
0 0.333322 0.554398 0.021414 0.081890
0 0.753140 0.588003 0.037757 0.184888
0 0.307493 0.595184 0.028554 0.119394
0 0.451435 0.560573 0.040949 0.109719