0 0.856755 0.497384 0.020004 0.060301
0 0.791028 0.507262 0.017026 0.078695
0 0.753994 0.499895 0.014977 0.069059
1 0.257666 0.610126 0.040672 0.174493
0 0.637425 0.504421 0.020852 0.075121
0 0.735932 0.483382 0.011840 0.050489
1 0.800284 0.499761 0.014030 0.029601
3 0.755817 0.478829 0.008798 0.045247
0 0.714797 0.506738 0.030438 0.080768
0 0.705693 0.530021 0.028304 0.091716
3 0.687321 0.559551 0.023915 0.135235
0 0.660776 0.489382 0.023436 0.054434
0 0.807391 0.487320 0.013317 0.042710
0 0.820588 0.492818 0.021639 0.054550
