1 0.247715 0.373493 0.031253 0.079278
0 0.703907 0.272225 0.012762 0.061557
0 0.569471 0.198641 0.012132 0.049377
0 0.539869 0.291484 0.026142 0.097976
0 0.382050 0.237213 0.017188 0.072020
3 0.525196 0.414188 0.030939 0.154716
0 0.683720 0.259775 0.013293 0.063067
0 0.620886 0.259285 0.016864 0.078698
0 0.391863 0.237528 0.021036 0.071350
1 0.692863 0.238421 0.016646 0.033406
0 0.651880 0.219121 0.014105 0.043090
3 0.634701 0.204329 0.014466 0.044376
0 0.728009 0.308838 0.013743 0.038588
0 0.551033 0.198995 0.019548 0.056949
