1 0.238343 0.583715 0.027588 0.078748
0 0.567241 0.444137 0.010539 0.048164
0 0.623934 0.455729 0.011380 0.053834
3 0.290104 0.500915 0.029279 0.096694
0 0.785234 0.453440 0.018806 0.058525
3 0.771672 0.434146 0.013381 0.044376
0 0.747622 0.437684 0.013743 0.048878
0 0.730262 0.445723 0.010850 0.028941
0 0.739123 0.445401 0.021338 0.064313
1 0.689832 0.443228 0.016722 0.023342
0 0.678684 0.438592 0.008811 0.037091
0 0.684618 0.436833 0.013486 0.049561
0 0.693249 0.452501 0.024993 0.053398
0 0.614307 0.492631 0.040473 0.079266
