1 0.253330 0.582785 0.031038 0.078718
0 0.375123 0.479911 0.014212 0.074879
0 0.591363 0.435108 0.008958 0.041313
3 0.782304 0.441006 0.008599 0.045321
0 0.777847 0.448096 0.017199 0.046711
1 0.675686 0.436784 0.010126 0.029584
0 0.683462 0.445788 0.024954 0.050164
0 0.584729 0.457043 0.036527 0.076532
0 0.642898 0.430128 0.016275 0.043090
0 0.400514 0.524522 0.041827 0.095206
0 0.455725 0.523034 0.036808 0.101156
3 0.257884 0.511133 0.017567 0.092231
0 0.525795 0.438787 0.017775 0.039390
0 0.481767 0.437085 0.013400 0.046685
