1 0.205874 0.622004 0.045446 0.179552
0 0.667516 0.504563 0.015997 0.068950
0 0.926806 0.512017 0.023558 0.083756
0 0.722857 0.495087 0.013613 0.059925
0 0.743074 0.509034 0.015721 0.072355
1 0.811545 0.497488 0.018870 0.037839
0 0.689116 0.536158 0.028646 0.084492
3 0.271571 0.576645 0.036227 0.145361
0 0.908763 0.509369 0.018024 0.074068
0 0.759554 0.690115 0.110040 0.234183
0 0.677704 0.526677 0.030949 0.090433
3 0.726434 0.474880 0.010398 0.031803
0 0.847746 0.544696 0.029529 0.095408
0 0.875612 0.546915 0.032857 0.107242
