1 0.244595 0.352440 0.020917 0.119700
0 0.597304 0.216498 0.015787 0.052960
0 0.541648 0.235019 0.018961 0.068378
3 0.356983 0.250005 0.022880 0.081799
0 0.492239 0.199089 0.018596 0.044739
0 0.514800 0.214407 0.012306 0.047171
0 0.522320 0.227051 0.018049 0.061760
0 0.648025 0.222477 0.015724 0.049213
0 0.709035 0.250159 0.011321 0.050891
0 0.678058 0.278960 0.028618 0.068227
1 0.689222 0.236458 0.015724 0.041384
0 0.747185 0.325523 0.014781 0.086682
3 0.802063 0.287774 0.018869 0.055924
0 0.462558 0.313871 0.052374 0.119007
