1 0.259684 0.591997 0.040464 0.070150
0 0.403631 0.491289 0.017144 0.085429
0 0.522063 0.449804 0.012889 0.059298
0 0.689158 0.510153 0.016549 0.084892
0 0.750890 0.492469 0.014011 0.076283
0 0.604212 0.477726 0.014617 0.078854
3 0.440063 0.636375 0.033017 0.170543
0 0.759843 0.447954 0.010230 0.041409
0 0.803460 0.470119 0.018344 0.066365
3 0.680114 0.436936 0.010753 0.040494
1 0.684858 0.427938 0.016446 0.049493
0 0.574900 0.458676 0.023707 0.064345
0 0.541212 0.524131 0.035352 0.100585
0 0.369081 0.493605 0.027832 0.096736
