1 0.229996 0.393933 0.026898 0.079148
0 0.591012 0.232623 0.015853 0.065628
0 0.705620 0.299221 0.016201 0.067866
0 0.629090 0.375021 0.034073 0.091380
0 0.256772 0.312187 0.028843 0.109577
0 0.516773 0.266116 0.023240 0.082223
1 0.693845 0.238868 0.014810 0.038415
0 0.544070 0.215065 0.014869 0.052311
0 0.743355 0.362702 0.021679 0.090961
0 0.507898 0.230071 0.017247 0.064554
0 0.650767 0.374762 0.037688 0.106829
0 0.470469 0.304542 0.016944 0.092539
0 0.571008 0.404469 0.044407 0.118032
0 0.658204 0.348900 0.013140 0.056372