0 0.728611 0.515458 0.016506 0.079901
0 0.880670 0.515547 0.017771 0.073388
0 0.802970 0.514439 0.018719 0.072173
1 0.297681 0.606152 0.038198 0.172396
0 0.691106 0.500199 0.017240 0.068916
0 0.820221 0.513379 0.018265 0.064819
3 0.747227 0.527871 0.018329 0.083763
0 0.849481 0.491014 0.012946 0.058194
0 0.849930 0.492293 0.029309 0.052439
1 0.816217 0.491653 0.010069 0.028138
0 0.794943 0.504569 0.010476 0.056999
0 0.779946 0.504471 0.029808 0.066136
0 0.744142 0.490596 0.022591 0.059624
3 0.711960 0.486744 0.015095 0.050891
