1 0.238667 0.650744 0.048948 0.140668
0 0.731875 0.529004 0.043956 0.093514
1 0.810131 0.496092 0.016822 0.034069
0 0.500749 0.609483 0.069852 0.167868
0 0.929097 0.516171 0.023297 0.086828
0 0.434719 0.536115 0.036621 0.101799
3 0.142685 0.729827 0.099009 0.291996
0 0.477863 0.512032 0.028139 0.080993
0 0.868110 0.606076 0.066346 0.179079
0 0.372395 0.734800 0.070133 0.300558
0 0.601605 0.515698 0.028933 0.065431
0 0.609625 0.541143 0.060695 0.101782
2 0.669012 0.527996 0.009098 0.014341
0 0.660488 0.504991 0.030379 0.065599
3 0.743669 0.491807 0.013743 0.058525
