0 0.719712 0.527192 0.021668 0.092412
0 0.687009 0.560646 0.058998 0.144856
1 0.226173 0.635336 0.043597 0.135032
1 0.808892 0.497377 0.017814 0.042645
0 0.578749 0.520091 0.026282 0.088685
0 0.321915 0.618455 0.046899 0.159828
0 0.291077 0.659248 0.049471 0.195333
0 0.608260 0.642108 0.061414 0.224796
0 0.700818 0.532851 0.022470 0.095923
0 0.489324 0.540192 0.018687 0.099618
0 0.479509 0.551181 0.033767 0.123848
0 0.372675 0.569980 0.029617 0.126410
3 0.045587 0.759394 0.089032 0.300493
0 0.230962 0.563248 0.028393 0.090795