3 0.133088 0.822837 0.111675 0.354327
1 0.819682 0.494978 0.016451 0.043618
0 0.395037 0.624217 0.047706 0.178789
1 0.230085 0.637413 0.050882 0.103395
0 0.351961 0.563259 0.027821 0.092296
0 0.266586 0.624602 0.035600 0.162030
0 0.692310 0.544789 0.035308 0.141973
0 0.324992 0.597832 0.057137 0.165588
0 0.072149 0.651609 0.068437 0.176992
0 0.204465 0.592492 0.025052 0.081880
0 0.537855 0.559607 0.047125 0.140023
0 0.126354 0.821402 0.107050 0.357195
0 0.650150 0.499420 0.023952 0.071719
0 0.331590 0.578008 0.021735 0.123661
0 0.468928 0.540226 0.026595 0.108666