1 0.247416 0.568693 0.027370 0.107824
0 0.692564 0.497201 0.014905 0.066573
0 0.658691 0.446036 0.008340 0.037842
0 0.452467 0.473707 0.015284 0.060189
0 0.370437 0.485080 0.015809 0.071847
0 0.566340 0.443980 0.008629 0.046360
0 0.526346 0.464016 0.013132 0.065442
3 0.770309 0.442812 0.011381 0.054404
0 0.671151 0.449488 0.016646 0.044824
0 0.673885 0.472957 0.024969 0.057933
1 0.684824 0.443357 0.009274 0.024949
0 0.517830 0.447544 0.017228 0.053979
0 0.542715 0.449003 0.025979 0.067595
3 0.263505 0.508538 0.022126 0.092465
