1 0.243026 0.583388 0.030106 0.078931
0 0.548778 0.436918 0.010873 0.051243
1 0.676776 0.435919 0.011143 0.035385
0 0.378035 0.466296 0.009765 0.050519
0 0.308548 0.505923 0.016420 0.082869
0 0.754611 0.479777 0.010304 0.058514
3 0.164122 0.524887 0.030534 0.113122
3 0.739789 0.445571 0.018913 0.058210
0 0.629484 0.481793 0.029176 0.083353
0 0.517413 0.539657 0.050025 0.119751
0 0.439490 0.539657 0.042329 0.106065
2 0.371531 0.497844 0.007956 0.016078
0 0.393411 0.475013 0.026401 0.056595
0 0.442054 0.484660 0.023869 0.082320
0 0.212287 0.506348 0.035595 0.076983
