0 0.717412 0.514722 0.034920 0.091549
3 0.525591 0.664162 0.062942 0.245885
0 0.397363 0.602976 0.067115 0.187544
1 0.224301 0.647480 0.050921 0.137170
0 0.806929 0.517901 0.024721 0.086737
0 0.920675 0.501045 0.020071 0.058212
0 0.893991 0.552313 0.027361 0.118004
0 0.507401 0.534368 0.027684 0.108857
1 0.812308 0.497837 0.011007 0.033554
0 0.846115 0.488889 0.025788 0.048095
0 0.871745 0.487211 0.021070 0.040265
0 0.886212 0.491965 0.019184 0.050891
3 0.753028 0.479941 0.011321 0.048095
0 0.662301 0.489455 0.025349 0.061239
