3 0.429948 0.544632 0.050131 0.231500
1 0.225326 0.367083 0.029322 0.073771
0 0.473592 0.218264 0.015431 0.062218
0 0.508647 0.215950 0.015500 0.056954
0 0.323328 0.327111 0.043645 0.105618
0 0.516704 0.217403 0.013929 0.062167
0 0.692336 0.260007 0.012397 0.061602
0 0.768908 0.295554 0.015627 0.062315
0 0.565497 0.267499 0.018188 0.078105
0 0.329734 0.249780 0.022851 0.074779
2 0.283720 0.312968 0.009351 0.015650
0 0.290320 0.277267 0.033552 0.085096
0 0.454231 0.361874 0.057754 0.125199
1 0.690903 0.235633 0.013309 0.034761
3 0.536602 0.197174 0.018300 0.049553
