1 0.819127 0.495896 0.017098 0.042709
1 0.211592 0.654105 0.051081 0.124379
0 0.738474 0.513531 0.028089 0.084587
3 0.062537 0.760817 0.116888 0.299693
0 0.268798 0.543680 0.042328 0.098292
0 0.285952 0.620916 0.060047 0.170127
0 0.553704 0.507103 0.022159 0.072278
0 0.348245 0.556838 0.035148 0.120378
0 0.605926 0.588025 0.087684 0.168980
0 0.473405 0.533153 0.026941 0.101497
2 0.106276 0.608442 0.016501 0.021519
0 0.150554 0.558558 0.045653 0.093899
0 0.160454 0.586923 0.054453 0.111505
0 0.634198 0.572509 0.050603 0.149603
3 0.696819 0.496021 0.021506 0.073114
