0 0.384099 0.573777 0.050820 0.118944
0 0.487827 0.675664 0.079816 0.244183
0 0.424792 0.638133 0.054731 0.177972
1 0.813658 0.495404 0.022144 0.042540
1 0.235869 0.648037 0.046381 0.146097
3 0.241773 0.824893 0.108457 0.349361
0 0.597704 0.516891 0.020236 0.084301
0 0.617539 0.565855 0.031015 0.124411
0 0.460005 0.551823 0.033669 0.111181
0 0.525751 0.550103 0.035138 0.102659
0 0.712635 0.584705 0.060936 0.159425
0 0.306010 0.606667 0.033973 0.145127
0 0.589125 0.521690 0.041860 0.105928
0 0.718830 0.503394 0.035623 0.088235
3 0.628445 0.493773 0.020368 0.063384
