0 0.858034 0.492556 0.014049 0.055375
0 0.819020 0.518205 0.029092 0.072447
1 0.224404 0.647336 0.050887 0.139154
0 0.528138 0.537248 0.028497 0.112920
0 0.441639 0.604921 0.043918 0.157536
0 0.757396 0.517293 0.036219 0.097035
0 0.903645 0.546267 0.025990 0.102212
3 0.496155 0.693307 0.063098 0.278818
0 0.890168 0.487825 0.010378 0.044180
0 0.877746 0.489502 0.013837 0.053128
0 0.885922 0.503763 0.018869 0.050332
2 0.931051 0.533683 0.009120 0.013981
1 0.822082 0.499010 0.027675 0.031877
3 0.760443 0.477199 0.016353 0.039706
0 0.691850 0.488131 0.025370 0.055470
