0 0.635596 0.451161 0.010269 0.041896
3 0.773544 0.454142 0.012843 0.053655
0 0.532604 0.497053 0.018980 0.077669
0 0.439735 0.486671 0.019636 0.072405
0 0.349853 0.593855 0.023972 0.125221
0 0.564216 0.456005 0.012024 0.047960
3 0.184478 0.553167 0.040712 0.110860
1 0.681261 0.440321 0.015951 0.032278
0 0.731039 0.482380 0.028602 0.073359
0 0.687036 0.475533 0.028602 0.077271
0 0.625157 0.468687 0.024752 0.071403
0 0.615806 0.510257 0.021451 0.088031
1 0.357981 0.578850 0.042353 0.088031
0 0.388783 0.560755 0.032452 0.143783
