0 0.643742 0.438649 0.014082 0.044328
0 0.547435 0.449381 0.011460 0.053553
0 0.605280 0.438291 0.011914 0.055011
1 0.244202 0.592686 0.031733 0.075917
0 0.710615 0.476803 0.013759 0.068865
0 0.548026 0.593682 0.028912 0.129118
0 0.495213 0.449437 0.021846 0.052302
0 0.756406 0.503264 0.015402 0.076513
0 0.629813 0.508987 0.018395 0.081989
0 0.446843 0.489970 0.021678 0.081064
3 0.447213 0.700247 0.043251 0.215193
0 0.259797 0.529058 0.016584 0.085939
0 0.270917 0.530569 0.041722 0.090207
1 0.683756 0.429930 0.014050 0.045707
0 0.683666 0.429287 0.015313 0.049025