1 0.237015 0.642956 0.048521 0.137398
1 0.815418 0.493405 0.019062 0.040195
0 0.678995 0.548616 0.027207 0.106613
0 0.446948 0.553916 0.041988 0.101086
3 0.290176 0.758290 0.079303 0.324200
0 0.649721 0.495649 0.017681 0.069163
2 0.523902 0.552483 0.009749 0.016218
0 0.506920 0.524521 0.040568 0.071024
0 0.605620 0.537740 0.056654 0.103680
0 0.696651 0.595937 0.079205 0.137914
0 0.703460 0.513428 0.014105 0.068815
0 0.709970 0.516965 0.034357 0.090038
3 0.737999 0.489954 0.017360 0.057881
0 0.952906 0.507266 0.021164 0.073156
0 0.945625 0.540165 0.034279 0.106815
