1 0.238167 0.585807 0.028126 0.078391
0 0.586045 0.443621 0.010502 0.042790
0 0.610259 0.441388 0.010479 0.040835
0 0.752203 0.448727 0.012557 0.051620
3 0.344353 0.495373 0.024669 0.089987
3 0.777259 0.438377 0.009512 0.042287
0 0.771790 0.452543 0.009987 0.052013
0 0.729344 0.466709 0.024017 0.048207
0 0.708418 0.434148 0.011176 0.040595
0 0.716978 0.435205 0.008798 0.047784
0 0.674112 0.438432 0.015715 0.040448
1 0.691998 0.440454 0.010132 0.024637
0 0.690034 0.437696 0.023159 0.053686
0 0.637042 0.475982 0.028714 0.067109
