1 0.239517 0.585517 0.025053 0.073982
0 0.659957 0.475887 0.014824 0.065928
0 0.534402 0.499666 0.017633 0.084805
0 0.317082 0.529566 0.017103 0.072256
3 0.129909 0.537035 0.022213 0.097400
0 0.319763 0.612940 0.052699 0.136327
3 0.727683 0.459223 0.020077 0.065454
1 0.679582 0.440628 0.020913 0.034215
0 0.538859 0.448797 0.020567 0.059538
0 0.466159 0.448797 0.012914 0.056135
0 0.452050 0.468784 0.025828 0.062089
0 0.614430 0.466233 0.030132 0.060388
2 0.582145 0.518115 0.011479 0.021263
0 0.395813 0.498020 0.036350 0.083353
0 0.331483 0.482286 0.021523 0.080801
