0 0.768792 0.511267 0.017917 0.082285
0 0.585467 0.514644 0.023583 0.083835
0 0.811259 0.529390 0.027854 0.090968
1 0.228585 0.637880 0.059765 0.124316
0 0.793739 0.497130 0.014912 0.067411
0 0.704639 0.496518 0.020997 0.066458
0 0.404505 0.552767 0.041946 0.105812
0 0.555826 0.536953 0.029916 0.091317
0 0.361167 0.547773 0.028391 0.098306
3 0.563626 0.637150 0.057208 0.171119
0 0.462263 0.535347 0.048786 0.085904
0 0.528105 0.516219 0.042328 0.083305
1 0.812361 0.501137 0.015041 0.034041
3 0.688619 0.489466 0.013126 0.055438
