1 0.234357 0.637160 0.043755 0.123356
1 0.814165 0.495654 0.022997 0.042501
3 0.059852 0.831911 0.105471 0.333295
0 0.697503 0.504035 0.015767 0.077464
0 0.304618 0.594001 0.032111 0.110346
0 0.417035 0.530277 0.029228 0.081691
0 0.279075 0.646977 0.050300 0.170861
0 0.759833 0.577005 0.037555 0.161449
0 0.359403 0.618907 0.036501 0.151744
0 0.555457 0.520290 0.030687 0.094721
0 0.370131 0.548733 0.022518 0.083452
0 0.488709 0.582654 0.055281 0.131249
0 0.633523 0.492265 0.021144 0.071042
0 0.696844 0.509785 0.039391 0.088114