1 0.243222 0.565460 0.027198 0.109723
0 0.658273 0.436877 0.013476 0.047944
0 0.488774 0.456893 0.011653 0.051703
0 0.548890 0.445466 0.012723 0.045776
3 0.275831 0.513295 0.013473 0.070805
0 0.677964 0.451024 0.010768 0.052532
0 0.596239 0.428624 0.010426 0.038335
1 0.672923 0.438727 0.012230 0.046063
3 0.742851 0.434999 0.019610 0.052733
0 0.594515 0.434661 0.019261 0.032984
0 0.559031 0.433852 0.016636 0.038588
0 0.537151 0.432887 0.016998 0.044376
0 0.622683 0.450251 0.023869 0.058525
0 0.580369 0.462149 0.021699 0.074603
