3 0.221152 0.816582 0.092065 0.364706
0 0.587831 0.511498 0.018771 0.075496
0 0.431421 0.620130 0.056539 0.164427
1 0.257001 0.631886 0.054697 0.139564
1 0.815333 0.495681 0.017281 0.039613
0 0.352002 0.547385 0.040666 0.094105
0 0.831019 0.555192 0.055272 0.115700
0 0.621640 0.633347 0.055657 0.170448
0 0.536755 0.558257 0.039918 0.109113
0 0.734923 0.533606 0.022213 0.085681
0 0.567894 0.509922 0.016232 0.058412
0 0.365208 0.542666 0.022643 0.095498
2 0.701555 0.568136 0.007653 0.014459
0 0.735753 0.502644 0.022480 0.065491
3 0.664966 0.494564 0.024393 0.056135
