0 0.608135 0.433166 0.009738 0.041656
0 0.689289 0.444932 0.010510 0.051870
1 0.245239 0.594970 0.031196 0.077557
3 0.625878 0.536216 0.023944 0.117084
0 0.722672 0.437271 0.012414 0.043971
3 0.678212 0.415137 0.008318 0.028844
0 0.594615 0.486139 0.029945 0.067303
0 0.517672 0.433997 0.009150 0.048813
0 0.525991 0.452487 0.023291 0.060647
0 0.587753 0.433627 0.017884 0.051032
0 0.553087 0.436844 0.018701 0.054775
0 0.659686 0.425657 0.018869 0.035013
1 0.674590 0.436599 0.012032 0.029664
0 0.549610 0.427829 0.009298 0.045712
