1 0.244373 0.352334 0.020412 0.118528
0 0.566961 0.220151 0.015358 0.058966
0 0.560330 0.299233 0.029186 0.075814
3 0.373206 0.237500 0.018458 0.077791
1 0.690009 0.240394 0.011933 0.039174
0 0.426093 0.262589 0.021373 0.093812
0 0.650594 0.223988 0.013641 0.052805
0 0.705567 0.255657 0.014755 0.057531
0 0.627414 0.300646 0.043453 0.078249
0 0.739896 0.369603 0.024202 0.104658
0 0.483580 0.202346 0.022001 0.061621
0 0.659866 0.222397 0.012651 0.048906
0 0.542708 0.264945 0.036852 0.077271
3 0.802244 0.284968 0.014827 0.062940
