3 0.427593 0.707737 0.078264 0.292658
1 0.225258 0.622281 0.053625 0.185016
0 0.654853 0.499737 0.017138 0.067478
0 0.498255 0.555030 0.046536 0.138953
0 0.561538 0.587123 0.047541 0.136096
0 0.532823 0.527479 0.021487 0.091888
0 0.746717 0.497482 0.018639 0.066262
0 0.695222 0.491938 0.021256 0.063190
0 0.671917 0.532881 0.023601 0.082672
0 0.897426 0.562843 0.020944 0.119771
0 0.877668 0.561858 0.066844 0.127996
1 0.804145 0.501430 0.017440 0.044855
1 0.782833 0.486501 0.015679 0.057202
0 0.553987 0.505943 0.015464 0.066655