0 0.570643 0.514358 0.024374 0.087164
0 0.193393 0.636528 0.034364 0.145274
1 0.239302 0.600817 0.027543 0.063766
0 0.158874 0.623629 0.028390 0.123584
0 0.304998 0.602484 0.050690 0.126082
3 0.112031 0.548560 0.025042 0.101272
0 0.431532 0.488546 0.012873 0.070567
0 0.513651 0.471993 0.012681 0.066538
0 0.175867 0.559119 0.032007 0.087962
0 0.390301 0.525847 0.046555 0.109953
0 0.523840 0.474116 0.028282 0.070262
0 0.528831 0.504809 0.036600 0.087272
1 0.678597 0.442278 0.017052 0.028105
3 0.691698 0.471862 0.016636 0.075439
