1 0.241107 0.379834 0.028697 0.090937
0 0.477960 0.285280 0.031247 0.093192
0 0.651494 0.411663 0.035427 0.118927
0 0.559573 0.323463 0.030340 0.089447
0 0.692722 0.307664 0.015220 0.065123
0 0.605144 0.235983 0.017054 0.052417
0 0.596683 0.248451 0.026567 0.035995
3 0.359797 0.260262 0.025934 0.088862
3 0.812187 0.283629 0.014349 0.056986
1 0.701223 0.243228 0.018175 0.039125
0 0.686635 0.244079 0.014827 0.051032
0 0.739008 0.307019 0.019132 0.068043
0 0.711506 0.303616 0.016740 0.059538
0 0.476848 0.270299 0.025788 0.089479
