1 0.238501 0.586063 0.027619 0.074751
0 0.520607 0.452565 0.016722 0.054868
0 0.628666 0.476782 0.011444 0.064215
0 0.650255 0.439368 0.013288 0.039917
0 0.770903 0.452185 0.013217 0.048137
3 0.250106 0.513034 0.027294 0.093458
0 0.645247 0.434346 0.012169 0.045963
0 0.557042 0.522352 0.041253 0.094877
0 0.697983 0.449725 0.025353 0.049881
0 0.696185 0.462675 0.020678 0.059153
0 0.788003 0.452762 0.014268 0.043978
0 0.749956 0.463334 0.016646 0.067659
3 0.759943 0.435636 0.009987 0.047784
1 0.685394 0.441979 0.020213 0.021566
