1 0.248092 0.569889 0.021504 0.117834
0 0.451484 0.600465 0.029707 0.122159
0 0.764368 0.493843 0.013998 0.077601
0 0.584007 0.507984 0.035174 0.086840
0 0.700312 0.465218 0.012749 0.056176
2 0.448890 0.637923 0.014301 0.030322
3 0.190043 0.529958 0.027658 0.102302
3 0.766980 0.455367 0.015894 0.058016
1 0.682490 0.443466 0.019240 0.031239
0 0.474180 0.448960 0.009750 0.053281
0 0.476439 0.472218 0.031389 0.068504
0 0.540287 0.448749 0.025920 0.055396
0 0.604553 0.467326 0.017218 0.079100
0 0.619380 0.454993 0.012436 0.062940
0 0.292156 0.501397 0.037644 0.093718
