0 0.630078 0.505737 0.021378 0.075628
0 0.735745 0.497688 0.014019 0.062728
0 0.780307 0.510487 0.019351 0.083858
1 0.253720 0.614133 0.048583 0.179112
0 0.659597 0.491504 0.013630 0.060470
1 0.803509 0.495904 0.017119 0.037194
0 0.686158 0.509343 0.013274 0.061678
0 0.671008 0.512780 0.022283 0.056722
3 0.764764 0.480493 0.008806 0.048654
0 0.760990 0.491398 0.022014 0.057043
0 0.845308 0.489542 0.017218 0.050182
0 0.890267 0.496346 0.029654 0.058687
0 0.842916 0.500174 0.028697 0.062940
3 0.684366 0.583022 0.037826 0.148759
