0 0.705231 0.616122 0.122924 0.196939
1 0.810117 0.494797 0.016475 0.037178
0 0.300611 0.629170 0.054423 0.150259
0 0.364786 0.696693 0.069067 0.214385
0 0.441532 0.579877 0.069683 0.142144
0 0.327968 0.569252 0.040203 0.106398
0 0.909031 0.533558 0.028225 0.103904
3 0.707805 0.505260 0.018647 0.081202
2 0.510178 0.925339 0.015267 0.040724
0 0.435115 0.785068 0.099237 0.343891
0 0.262841 0.627277 0.022139 0.157477
1 0.221093 0.653711 0.048706 0.115858
0 0.215084 0.652023 0.045543 0.213719
0 0.520502 0.532346 0.044278 0.086612
