1 0.229578 0.608382 0.038043 0.164107
0 0.505980 0.510290 0.020114 0.079691
0 0.910725 0.520811 0.021181 0.095735
0 0.611852 0.527309 0.028293 0.099993
0 0.213427 0.582996 0.023869 0.116406
2 0.219575 0.635411 0.009403 0.016721
3 0.203662 0.599074 0.041229 0.136986
0 0.340389 0.563222 0.040483 0.109109
0 0.339440 0.624526 0.049971 0.164226
0 0.430387 0.569233 0.063218 0.131648
0 0.424980 0.591051 0.055731 0.151617
1 0.811110 0.497545 0.012893 0.034761
0 0.814645 0.511967 0.024954 0.081356
3 0.696944 0.473878 0.015804 0.028844
0 0.690289 0.497175 0.025786 0.062126
