1 0.258485 0.561651 0.029428 0.107356
0 0.659066 0.433731 0.009615 0.045914
0 0.739226 0.451349 0.014634 0.048991
0 0.696815 0.462976 0.012398 0.054416
3 0.366893 0.474898 0.017566 0.078276
3 0.765266 0.445060 0.013523 0.049213
0 0.714320 0.446458 0.015410 0.058720
1 0.681928 0.440865 0.022328 0.025166
0 0.641564 0.429804 0.014743 0.050321
0 0.627415 0.428324 0.012128 0.036367
0 0.631220 0.439530 0.016408 0.050321
0 0.603606 0.440439 0.016646 0.044824
0 0.611810 0.452068 0.029724 0.049475
2 0.540825 0.483001 0.008177 0.015659
0 0.550574 0.460911 0.030190 0.063194
