1 0.248246 0.588292 0.023602 0.085379
3 0.426147 0.737649 0.052102 0.232377
0 0.685310 0.476099 0.018383 0.061814
0 0.638395 0.486941 0.014055 0.070117
2 0.573155 0.710407 0.019084 0.031674
0 0.590967 0.640271 0.062341 0.158371
0 0.306375 0.523446 0.036808 0.104132
0 0.401740 0.500388 0.055211 0.099669
0 0.461207 0.465274 0.023707 0.068782
0 0.599080 0.458248 0.013309 0.056209
0 0.620499 0.464535 0.029529 0.064345
1 0.684824 0.425416 0.018520 0.035812
0 0.685453 0.437246 0.009350 0.035172
0 0.677002 0.452914 0.018700 0.050520
3 0.600764 0.425256 0.011508 0.038050
