1 0.241589 0.558762 0.032324 0.114550
0 0.520165 0.444447 0.011622 0.048500
0 0.424988 0.486889 0.021149 0.083434
0 0.674689 0.451363 0.012752 0.057225
0 0.655029 0.433132 0.012457 0.046162
3 0.298346 0.494344 0.026718 0.088235
3 0.764914 0.443347 0.018404 0.053553
1 0.676682 0.438739 0.013400 0.031609
0 0.580695 0.427798 0.015041 0.040849
0 0.593001 0.430716 0.016681 0.050575
0 0.615972 0.461352 0.027620 0.064191
0 0.634705 0.445791 0.010939 0.049602
0 0.645643 0.464513 0.011486 0.057869
0 0.516573 0.442023 0.010546 0.051847
