3 0.325823 0.732163 0.072752 0.307895
0 0.586125 0.519348 0.027833 0.077989
1 0.243220 0.642565 0.039066 0.117919
0 0.552267 0.594493 0.048382 0.138536
0 0.749620 0.496909 0.019125 0.066846
0 0.871483 0.544677 0.053195 0.111832
0 0.386938 0.538186 0.029482 0.094837
0 0.632554 0.511435 0.020185 0.085274
3 0.720270 0.492689 0.012601 0.054838
0 0.553078 0.514665 0.020778 0.056369
1 0.815809 0.495207 0.023404 0.039369
0 0.450279 0.526944 0.025852 0.082162
0 0.462105 0.563623 0.058304 0.110527
0 0.786134 0.518932 0.030018 0.079748
