0 0.702175 0.514330 0.020002 0.077203
1 0.231122 0.665653 0.047899 0.122551
0 0.835526 0.541100 0.051231 0.111041
0 0.646269 0.514509 0.024365 0.072121
0 0.846921 0.537021 0.022544 0.095448
0 0.869351 0.583607 0.039127 0.155325
1 0.812288 0.495574 0.021125 0.041202
0 0.614956 0.819579 0.119452 0.360842
0 0.720748 0.577887 0.021790 0.126466
0 0.747737 0.677777 0.060724 0.248200
3 0.609390 0.819234 0.100221 0.361533
0 0.737182 0.566082 0.026710 0.123403
0 0.724237 0.496995 0.015408 0.070842
0 0.606346 0.580091 0.037842 0.122678