1 0.240534 0.646611 0.050121 0.150148
0 0.654926 0.543091 0.037031 0.110762
0 0.473945 0.623892 0.055125 0.170015
0 0.321983 0.602672 0.064499 0.161107
0 0.542958 0.508668 0.026606 0.069892
3 0.743508 0.492042 0.015710 0.066480
3 0.077239 0.751622 0.077410 0.318075
0 0.807556 0.531056 0.039471 0.101696
2 0.895401 0.546354 0.010451 0.021519
1 0.809595 0.495003 0.019251 0.034234
0 0.944079 0.530215 0.027502 0.096834
0 0.832844 0.652109 0.086581 0.213842
0 0.690470 0.516500 0.032046 0.084203
0 0.626085 0.521758 0.029097 0.080988
0 0.440788 0.544582 0.043453 0.100746
