1 0.245734 0.588382 0.027873 0.083449
0 0.622043 0.433751 0.008849 0.039820
0 0.688171 0.448216 0.012944 0.051525
0 0.713147 0.485520 0.013119 0.072065
0 0.601964 0.429935 0.009950 0.042088
3 0.353839 0.490275 0.028369 0.085375
0 0.503282 0.434964 0.019548 0.051772
0 0.550487 0.470834 0.021627 0.061387
0 0.563588 0.461589 0.021211 0.051772
0 0.584175 0.452714 0.023291 0.053251
0 0.649101 0.436303 0.013400 0.047171
0 0.642811 0.440680 0.019416 0.047171
1 0.678135 0.441020 0.011645 0.029584
3 0.769186 0.443113 0.010814 0.052511
