1 0.327637 0.560441 0.026573 0.116354
3 0.103987 0.306492 0.166058 0.432340
0 0.601902 0.462174 0.010958 0.066708
0 0.383396 0.600459 0.025970 0.129482
0 0.426852 0.468118 0.015253 0.064514
0 0.566569 0.516561 0.024586 0.089483
0 0.530404 0.457497 0.011161 0.053585
0 0.402026 0.521771 0.019800 0.097205
0 0.694455 0.460967 0.013422 0.062241
0 0.493288 0.483818 0.010354 0.066851
0 0.633836 0.447073 0.014015 0.042824
0 0.775127 0.449461 0.013653 0.056999
0 0.483174 0.484596 0.031314 0.071615
0 0.328984 0.560044 0.034438 0.127071
3 0.776224 0.447249 0.013224 0.056360