1 0.238121 0.584660 0.028100 0.078384
0 0.544815 0.490306 0.027904 0.077437
0 0.615425 0.439415 0.012040 0.048888
0 0.685212 0.470029 0.021457 0.066532
3 0.199093 0.521646 0.029152 0.095855
0 0.455168 0.562018 0.062621 0.112483
0 0.453903 0.454034 0.024669 0.071989
0 0.577769 0.429676 0.014973 0.045855
0 0.574025 0.452603 0.036600 0.054730
0 0.593781 0.468135 0.032857 0.078397
2 0.782898 0.484061 0.007732 0.016307
0 0.774447 0.462158 0.022476 0.053718
0 0.745048 0.458641 0.018340 0.047323
3 0.754578 0.442813 0.012227 0.052758
1 0.686089 0.442667 0.019689 0.026260
