1 0.256733 0.590136 0.026473 0.065491
0 0.570429 0.488531 0.017254 0.082020
0 0.651730 0.473790 0.012911 0.056824
3 0.748397 0.444781 0.011506 0.048787
2 0.711185 0.549651 0.007902 0.015532
0 0.722830 0.520437 0.038679 0.082835
0 0.698707 0.481608 0.022875 0.064345
1 0.679992 0.442779 0.012893 0.028105
0 0.640481 0.443149 0.018716 0.051032
0 0.592028 0.458680 0.016636 0.053991
0 0.595771 0.477170 0.026618 0.065824
0 0.550155 0.533386 0.045100 0.103485
0 0.472072 0.501332 0.044253 0.085537
0 0.421085 0.491923 0.038481 0.070140
3 0.252680 0.520636 0.023423 0.087768
