0 0.728410 0.558666 0.049539 0.118783
1 0.229334 0.679518 0.050079 0.108529
0 0.789260 0.572579 0.062596 0.153158
1 0.810260 0.493409 0.014814 0.035777
0 0.584536 0.552833 0.050668 0.108600
0 0.354475 0.661024 0.094468 0.203343
0 0.451220 0.611441 0.046588 0.168913
0 0.561847 0.519404 0.022936 0.090276
0 0.672793 0.734151 0.116582 0.274380
0 0.157427 0.581683 0.026494 0.124340
3 0.710934 0.496738 0.016425 0.075381
0 0.617085 0.856394 0.116559 0.287211
2 0.576297 0.808026 0.014301 0.028365
0 0.879297 0.569637 0.040154 0.145784
