3 0.447976 0.741906 0.077889 0.327435
0 0.783411 0.520605 0.015651 0.082077
1 0.821403 0.494469 0.016570 0.037176
0 0.734632 0.491757 0.013101 0.057128
1 0.250818 0.659710 0.059611 0.123708
0 0.802079 0.569050 0.035264 0.126588
0 0.623487 0.541476 0.051668 0.119435
0 0.758794 0.502928 0.021387 0.064534
2 0.886160 0.550723 0.007653 0.016160
0 0.914857 0.492036 0.014349 0.051883
0 0.929206 0.512874 0.024871 0.071445
0 0.900030 0.508622 0.032524 0.068043
0 0.909835 0.558803 0.046394 0.120776
3 0.764632 0.483445 0.011373 0.051479
0 0.760909 0.491902 0.025020 0.034565
