0 0.507078 0.475673 0.011653 0.061940
0 0.564464 0.522312 0.018186 0.092903
0 0.175431 0.585647 0.041052 0.109383
0 0.542286 0.517261 0.013849 0.080199
0 0.212433 0.619587 0.037971 0.109928
1 0.251671 0.605610 0.029056 0.056080
0 0.376824 0.595823 0.025749 0.111625
0 0.455064 0.499880 0.015491 0.082373
0 0.405792 0.528368 0.029484 0.107443
0 0.122367 0.548406 0.021173 0.105994
3 0.070507 0.319620 0.096258 0.433561
0 0.526576 0.487673 0.012569 0.077220
0 0.692348 0.471232 0.014667 0.062065
0 0.531668 0.506760 0.020710 0.095027