1 0.226497 0.367264 0.031883 0.099634
0 0.354357 0.344592 0.024132 0.110359
1 0.690393 0.242258 0.013500 0.035784
0 0.314869 0.300656 0.034740 0.108258
0 0.174639 0.298834 0.027641 0.085322
0 0.297402 0.449236 0.037260 0.151018
0 0.274651 0.336574 0.026758 0.134268
0 0.570614 0.262673 0.016472 0.075087
0 0.412830 0.216166 0.019616 0.058183
0 0.330147 0.240546 0.022771 0.062991
0 0.438628 0.331657 0.038585 0.114733
0 0.165180 0.278616 0.024260 0.077355
3 0.059442 0.321830 0.032709 0.102644
3 0.701106 0.301301 0.023088 0.078694
