1 0.248851 0.603137 0.026999 0.077384
0 0.301621 0.564962 0.042771 0.105098
0 0.403572 0.560763 0.029944 0.105864
0 0.482727 0.605975 0.041336 0.122957
3 0.089973 0.313796 0.133023 0.430726
0 0.537314 0.632321 0.027598 0.147272
0 0.730821 0.455070 0.010676 0.050448
0 0.463985 0.487989 0.020307 0.068603
1 0.683768 0.441411 0.014643 0.025158
0 0.358712 0.487642 0.011040 0.064123
0 0.550763 0.632174 0.064279 0.160723
0 0.584958 0.485480 0.015417 0.068969
0 0.745357 0.448415 0.013702 0.053189
0 0.318666 0.558134 0.021359 0.110457
0 0.364111 0.488805 0.025237 0.071671
3 0.156473 0.539968 0.023540 0.101126