1 0.348905 0.594177 0.036246 0.154358
3 0.719880 0.542802 0.028147 0.113081
0 0.686286 0.501660 0.016057 0.059304
0 0.729360 0.512656 0.017342 0.065182
1 0.813880 0.501830 0.019813 0.035232
2 0.813880 0.528114 0.007862 0.013981
3 0.718591 0.481418 0.009749 0.045858
0 0.827185 0.489473 0.009664 0.056673
0 0.833970 0.493312 0.014598 0.053383
0 0.841783 0.504464 0.014598 0.058136
0 0.866868 0.517444 0.036804 0.068739
0 0.778250 0.474847 0.009252 0.018647
0 0.781231 0.502818 0.020561 0.047532
0 0.782979 0.525122 0.028169 0.082633
0 0.807960 0.503733 0.028786 0.059598
