0 0.361440 0.294647 0.022732 0.075343
0 0.483374 0.231289 0.021873 0.066449
0 0.237474 0.271732 0.028680 0.070310
0 0.174388 0.274127 0.025920 0.081474
0 0.221617 0.485346 0.034134 0.164492
1 0.693894 0.239456 0.014139 0.035699
0 0.303795 0.289647 0.025278 0.068383
0 0.501142 0.210816 0.013520 0.059161
0 0.584802 0.293937 0.017084 0.078261
0 0.261048 0.350443 0.030910 0.113525
0 0.393086 0.364510 0.027828 0.115856
0 0.488828 0.316247 0.026659 0.115163
3 0.184911 0.835407 0.093218 0.307659
0 0.492501 0.224204 0.025579 0.070488