1 0.247675 0.373283 0.031321 0.078900
3 0.562335 0.439227 0.042452 0.159213
0 0.644818 0.257197 0.016026 0.069804
1 0.694359 0.238760 0.014118 0.037077
0 0.658785 0.258055 0.015039 0.063998
0 0.423882 0.235226 0.015386 0.065416
0 0.589434 0.204662 0.013148 0.046555
0 0.686198 0.228025 0.015314 0.035013
0 0.712587 0.240912 0.016134 0.041335
3 0.670610 0.212221 0.012579 0.040363
0 0.596998 0.201373 0.010463 0.042287
0 0.520237 0.235618 0.033002 0.072296
0 0.550369 0.281122 0.040655 0.100363
0 0.806754 0.311318 0.018716 0.071741
