1 0.247773 0.374086 0.031356 0.078807
3 0.518248 0.454183 0.041788 0.170167
0 0.453383 0.237232 0.016249 0.069113
0 0.616468 0.259527 0.020710 0.074366
0 0.640957 0.261999 0.021858 0.062398
0 0.494721 0.221006 0.013821 0.057474
0 0.568352 0.205163 0.013243 0.059621
1 0.686227 0.234080 0.013924 0.041659
0 0.765584 0.341982 0.029851 0.082005
0 0.506226 0.291305 0.047351 0.108018
0 0.594949 0.207527 0.011479 0.047630
0 0.658383 0.218510 0.011573 0.039231
0 0.673392 0.231372 0.016275 0.046948
3 0.677732 0.216902 0.009765 0.039874
