1 0.278800 0.624516 0.048511 0.193570
1 0.812730 0.494953 0.019868 0.041670
0 0.246407 0.558133 0.031543 0.101501
0 0.595321 0.512152 0.022253 0.089493
0 0.696429 0.507600 0.020460 0.080733
0 0.331527 0.548050 0.036615 0.102145
3 0.714491 0.495900 0.016133 0.061415
0 0.360411 0.727129 0.092353 0.244635
0 0.519310 0.546017 0.020351 0.095855
0 0.528385 0.552374 0.030802 0.120308
0 0.882831 0.595626 0.049356 0.191900
0 0.776163 0.503458 0.027450 0.065085
0 0.769092 0.554490 0.045750 0.124252
3 0.010900 0.821553 0.046729 0.371961
