0 0.459760 0.558655 0.027871 0.120986
0 0.424128 0.569824 0.028991 0.118910
0 0.564731 0.447621 0.010745 0.052104
3 0.324743 0.706480 0.052443 0.206253
0 0.468208 0.475024 0.013066 0.070190
0 0.652137 0.464607 0.014842 0.062678
0 0.753968 0.468622 0.012019 0.059513
1 0.254449 0.592913 0.028199 0.074639
0 0.487852 0.458585 0.012773 0.055931
0 0.787117 0.460275 0.013548 0.061116
1 0.682280 0.430143 0.013600 0.048852
3 0.606546 0.421202 0.011573 0.032800
0 0.614683 0.470079 0.032911 0.080391
0 0.712331 0.444354 0.019891 0.043090
