3 0.125653 0.807906 0.084217 0.357887
0 0.682412 0.506976 0.016947 0.073237
1 0.225612 0.651400 0.050443 0.146114
0 0.703931 0.512924 0.019718 0.075791
0 0.720795 0.494480 0.013124 0.055440
0 0.923215 0.494181 0.013152 0.051285
0 0.464075 0.564077 0.029920 0.130339
0 0.317692 0.628546 0.086341 0.183509
0 0.737699 0.592797 0.063268 0.168322
0 0.799514 0.530290 0.029204 0.108756
1 0.757748 0.482666 0.015366 0.049253
0 0.295778 0.628577 0.037747 0.166348
1 0.819853 0.495808 0.016063 0.039387
0 0.934717 0.544967 0.020802 0.108808