1 0.253396 0.582913 0.031097 0.079512
0 0.689199 0.447990 0.010425 0.049187
0 0.603671 0.426156 0.010017 0.043776
0 0.466658 0.517852 0.016216 0.096035
0 0.366108 0.487614 0.025856 0.083508
0 0.349869 0.522091 0.014247 0.092682
0 0.755965 0.443931 0.014879 0.054980
3 0.255520 0.511584 0.021823 0.084081
0 0.505997 0.442985 0.015389 0.048813
0 0.566953 0.458420 0.029569 0.072807
0 0.565713 0.435805 0.010959 0.045964
1 0.676226 0.436355 0.011645 0.031063
3 0.785335 0.441731 0.013392 0.052733
0 0.565727 0.419205 0.010249 0.032934
