1 0.373314 0.569978 0.052697 0.100127
0 0.274063 0.603044 0.028862 0.124548
0 0.623820 0.523990 0.016327 0.085406
0 0.414552 0.541911 0.035312 0.095667
0 0.454031 0.572057 0.033788 0.119152
3 0.753272 0.459967 0.015914 0.069626
0 0.691771 0.471134 0.012801 0.062281
0 0.486022 0.490472 0.039402 0.082649
3 0.120223 0.588310 0.027181 0.104972
1 0.681298 0.442308 0.021628 0.033937
2 0.580783 0.544969 0.012018 0.020247
0 0.560542 0.453295 0.032260 0.061866
0 0.421383 0.484228 0.052501 0.067490
0 0.305041 0.515173 0.054525 0.086755
0 0.336033 0.610008 0.070560 0.159108
