0 0.490971 0.626650 0.037276 0.148048
3 0.301180 0.813846 0.073997 0.251821
1 0.263446 0.589333 0.027026 0.080137
0 0.513352 0.495570 0.021074 0.073348
0 0.603884 0.469027 0.014928 0.058105
0 0.356249 0.568855 0.034732 0.122834
0 0.711065 0.458082 0.012838 0.057862
0 0.524141 0.579665 0.023859 0.105270
0 0.669158 0.490909 0.013654 0.068102
0 0.558388 0.470188 0.016730 0.055763
0 0.301002 0.811218 0.076603 0.249841
0 0.680447 0.435894 0.011807 0.058615
0 0.426118 0.497508 0.026578 0.061884
0 0.503377 0.597915 0.024767 0.101573