1 0.819258 0.494847 0.016795 0.036414
1 0.232276 0.646444 0.055839 0.137862
0 0.748962 0.500730 0.015272 0.065337
0 0.689256 0.508481 0.024011 0.080427
0 0.773516 0.493950 0.018446 0.058059
0 0.774881 0.580702 0.040273 0.117951
0 0.623800 0.522042 0.024433 0.078442
0 0.615031 0.562422 0.038125 0.138189
0 0.674938 0.509125 0.022896 0.071100
0 0.597845 0.507011 0.014840 0.063066
0 0.566184 0.539626 0.033748 0.080700
0 0.537619 0.539217 0.031270 0.088433
0 0.742617 0.509020 0.036144 0.079215
0 0.737252 0.493526 0.015563 0.059477