0 0.270226 0.283701 0.043827 0.091138
0 0.655185 0.259192 0.015291 0.063395
1 0.689299 0.235810 0.011540 0.051392
0 0.537454 0.282895 0.022833 0.090846
0 0.388963 0.248273 0.017815 0.080947
0 0.575329 0.243909 0.016662 0.071194
0 0.433415 0.303890 0.021878 0.110835
1 0.219007 0.357015 0.031521 0.134062
0 0.154012 0.337464 0.023859 0.108962
3 0.084650 0.322102 0.031788 0.108594
0 0.132750 0.282681 0.027606 0.089256
0 0.346625 0.219163 0.016740 0.060388
0 0.352604 0.238300 0.023915 0.073146
3 0.760122 0.291814 0.010753 0.075364
