1 0.247912 0.371923 0.031029 0.077994
0 0.652744 0.276406 0.018032 0.066553
0 0.536765 0.294755 0.023974 0.100325
0 0.439988 0.237931 0.027023 0.075305
0 0.398109 0.239175 0.022386 0.071626
0 0.631977 0.263503 0.017549 0.069536
3 0.526237 0.415021 0.032278 0.154193
0 0.554273 0.214788 0.014310 0.051428
0 0.744911 0.360860 0.024173 0.110860
0 0.675333 0.255430 0.021639 0.058356
1 0.689125 0.234498 0.015457 0.038481
3 0.660022 0.212496 0.013743 0.043733
0 0.637961 0.214425 0.015190 0.041160
0 0.544111 0.194810 0.011935 0.050807
