1 0.228045 0.398652 0.026137 0.084118
0 0.626258 0.496233 0.035937 0.132830
0 0.555293 0.268894 0.018028 0.080765
1 0.693659 0.238979 0.013626 0.037574
0 0.465878 0.310400 0.022621 0.090541
0 0.665132 0.380134 0.020130 0.104804
0 0.753170 0.350246 0.020739 0.083698
0 0.734283 0.318073 0.017324 0.067193
3 0.353549 0.737268 0.059417 0.255970
0 0.290792 0.339290 0.043645 0.133237
0 0.577033 0.511980 0.069105 0.150053
2 0.483559 0.605117 0.016003 0.028458
3 0.555126 0.211770 0.015784 0.056986
0 0.587889 0.230907 0.013392 0.061239
0 0.584780 0.259825 0.015784 0.076548
