1 0.266630 0.603262 0.029805 0.063020
0 0.571575 0.560049 0.020927 0.090055
0 0.514813 0.546266 0.021778 0.083970
0 0.438165 0.504229 0.022215 0.080135
0 0.546357 0.500982 0.032402 0.099689
3 0.116877 0.307375 0.192190 0.410776
0 0.640249 0.461305 0.014644 0.058726
0 0.423848 0.465135 0.013620 0.061794
0 0.487087 0.508216 0.020887 0.083059
0 0.503753 0.461779 0.011003 0.055267
1 0.682548 0.441601 0.013151 0.026296
3 0.759144 0.445062 0.012453 0.056178
0 0.758756 0.445154 0.013851 0.059199
0 0.554527 0.445046 0.013127 0.052376