1 0.209239 0.620578 0.046687 0.186601
0 0.718477 0.494563 0.017404 0.057621
3 0.338179 0.567220 0.036506 0.124328
0 0.843622 0.515708 0.033131 0.077970
0 0.831225 0.518908 0.024637 0.072197
0 0.545638 0.534400 0.027814 0.090818
0 0.664748 0.551192 0.044842 0.118472
0 0.798848 0.505218 0.016637 0.069779
1 0.815158 0.502552 0.017218 0.032320
3 0.714238 0.484691 0.013392 0.051032
0 0.918914 0.509838 0.029729 0.073114
0 0.764098 0.492333 0.011414 0.058778
0 0.775631 0.510939 0.025920 0.068927
0 0.850560 0.507602 0.020858 0.048282
