0 0.554046 0.456404 0.009958 0.059061
0 0.266657 0.547492 0.022672 0.098004
0 0.743933 0.498196 0.012598 0.078679
0 0.585115 0.494783 0.017960 0.075725
0 0.454703 0.462628 0.012955 0.054282
0 0.532371 0.442445 0.010193 0.054255
0 0.706013 0.459150 0.010406 0.059720
3 0.070983 0.316192 0.099529 0.431189
0 0.660638 0.434887 0.009754 0.043460
1 0.228604 0.567896 0.029434 0.109445
0 0.278300 0.547677 0.052274 0.106412
0 0.680221 0.439048 0.011038 0.034053
3 0.122630 0.530262 0.026578 0.095970
3 0.757204 0.444451 0.012928 0.049926
0 0.174147 0.518272 0.018725 0.093948