1 0.253051 0.575308 0.023482 0.086491
0 0.460477 0.519313 0.016468 0.089497
0 0.663655 0.472128 0.011767 0.058994
3 0.218830 0.519231 0.022901 0.088235
3 0.735050 0.449914 0.023423 0.060991
1 0.674401 0.438757 0.019240 0.029752
2 0.439044 0.474928 0.010044 0.018712
0 0.451241 0.454515 0.035394 0.054434
0 0.467264 0.456641 0.013870 0.058687
0 0.489026 0.456216 0.026784 0.056135
0 0.512462 0.435378 0.022958 0.048481
0 0.563878 0.458342 0.025349 0.063790
0 0.629404 0.440056 0.022480 0.047630
0 0.594967 0.528086 0.025349 0.102915
0 0.357790 0.481318 0.040703 0.082162
