1 0.257144 0.584291 0.024112 0.076108
1 0.675864 0.438089 0.011796 0.031188
0 0.770640 0.490795 0.015222 0.061014
0 0.719808 0.445958 0.010891 0.042735
0 0.434815 0.477128 0.026636 0.083275
0 0.577995 0.439041 0.009168 0.050101
0 0.737584 0.463994 0.032441 0.038459
3 0.791860 0.443655 0.014557 0.049553
0 0.576068 0.418661 0.010126 0.030870
0 0.554911 0.473327 0.032911 0.075889
0 0.563771 0.470111 0.020253 0.073317
0 0.528953 0.524686 0.040990 0.101156
3 0.315637 0.509810 0.029279 0.089256
0 0.479065 0.457538 0.025828 0.054434
