1 0.257082 0.607359 0.035349 0.065368
3 0.101844 0.304325 0.154409 0.435495
0 0.613253 0.468321 0.012982 0.067749
0 0.481625 0.472890 0.012466 0.062780
1 0.683254 0.441434 0.014007 0.024871
0 0.390235 0.534588 0.015208 0.083661
0 0.509986 0.465132 0.023530 0.060986
0 0.454807 0.580971 0.036082 0.103128
0 0.370130 0.528738 0.018446 0.096408
0 0.524607 0.612322 0.032683 0.100267
3 0.180192 0.534739 0.022248 0.103085
3 0.752904 0.443210 0.010237 0.050067
0 0.385194 0.470868 0.012011 0.060324
0 0.463574 0.507181 0.014642 0.062107