1 0.247177 0.586913 0.029013 0.081760
1 0.672901 0.435753 0.010451 0.037162
0 0.520807 0.438967 0.010699 0.051916
0 0.528238 0.441500 0.011110 0.048800
0 0.658344 0.426730 0.009374 0.036874
0 0.620208 0.490086 0.031103 0.081034
0 0.711527 0.458251 0.025678 0.062383
0 0.757276 0.440243 0.013743 0.039231
3 0.639376 0.414197 0.010850 0.032156
0 0.639557 0.425452 0.009041 0.043090
0 0.648779 0.446353 0.025316 0.056595
0 0.609540 0.423201 0.017721 0.039874
0 0.595435 0.418699 0.015551 0.041160
3 0.646571 0.544305 0.040712 0.119910
