1 0.238941 0.371420 0.031140 0.082483
3 0.451907 0.508855 0.049611 0.198932
0 0.482161 0.224339 0.017103 0.056524
0 0.631337 0.237431 0.019176 0.058810
0 0.565703 0.219776 0.011076 0.054315
0 0.547486 0.210425 0.012366 0.055980
1 0.686267 0.235427 0.014630 0.037756
0 0.440985 0.319646 0.027592 0.111778
0 0.556309 0.273452 0.018691 0.085396
0 0.498783 0.203676 0.013730 0.050155
0 0.348303 0.291566 0.026114 0.102599
0 0.718572 0.278116 0.021523 0.063790
3 0.555714 0.192637 0.011479 0.042527
0 0.468270 0.225922 0.031134 0.056483
