1 0.233623 0.380453 0.032102 0.089956
0 0.419681 0.265208 0.023843 0.084318
0 0.337686 0.364091 0.058999 0.136276
1 0.690117 0.241759 0.013016 0.035773
0 0.287422 0.337562 0.025691 0.117254
0 0.460378 0.222170 0.013107 0.062794
3 0.105968 0.297274 0.029744 0.102938
0 0.277881 0.269499 0.012228 0.075368
0 0.368646 0.287584 0.021835 0.113342
0 0.317294 0.246252 0.017672 0.069954
3 0.727735 0.288462 0.027990 0.056561
0 0.605787 0.260724 0.033959 0.071445
0 0.586177 0.267953 0.034915 0.079100
0 0.456800 0.202867 0.019132 0.049553
