0 0.175921 0.585527 0.027468 0.109178
0 0.218634 0.642431 0.034887 0.136987
0 0.604813 0.503795 0.017106 0.077924
0 0.522330 0.467095 0.019581 0.073485
0 0.417798 0.496229 0.017135 0.084052
0 0.557712 0.495291 0.013765 0.076798
0 0.303424 0.561859 0.026828 0.098022
0 0.219554 0.535077 0.017483 0.071656
0 0.425880 0.518982 0.030163 0.089791
0 0.236804 0.585671 0.025320 0.078287
1 0.680166 0.441028 0.010954 0.029231
0 0.106144 0.545311 0.021795 0.100024
3 0.701625 0.469048 0.013093 0.061764
0 0.509383 0.470176 0.050502 0.072941