0 0.306626 0.608948 0.041509 0.123174
1 0.250124 0.607527 0.026976 0.059676
0 0.460582 0.591892 0.036627 0.114755
0 0.482490 0.510647 0.025068 0.081271
0 0.322610 0.573812 0.030309 0.094983
0 0.421505 0.531360 0.033960 0.124736
0 0.500944 0.479033 0.015517 0.067040
0 0.528395 0.496063 0.012722 0.083907
0 0.429804 0.530787 0.015126 0.112008
0 0.570832 0.538324 0.020672 0.107900
1 0.680827 0.443327 0.011993 0.026319
3 0.125679 0.560021 0.024721 0.115023
0 0.227161 0.543270 0.021886 0.078527
3 0.700818 0.475655 0.017091 0.060887