0 0.427649 0.636175 0.077565 0.195700
0 0.613766 0.565055 0.063871 0.108862
1 0.240215 0.643789 0.052471 0.130090
0 0.479091 0.515060 0.025942 0.078342
0 0.700639 0.499368 0.021833 0.069935
3 0.116956 0.822472 0.083881 0.355055
0 0.377499 0.535670 0.024044 0.088592
0 0.360939 0.620581 0.049139 0.166376
0 0.523218 0.518593 0.021435 0.074176
0 0.275148 0.559811 0.032514 0.103399
1 0.817586 0.494186 0.016618 0.037240
0 0.799122 0.579024 0.059069 0.143603
0 0.644482 0.490813 0.019432 0.067093
0 0.400588 0.561133 0.027507 0.105192