1 0.272406 0.606676 0.057510 0.188380
1 0.802792 0.505426 0.007922 0.025593
0 0.814302 0.492333 0.017766 0.056074
0 0.797729 0.507213 0.015151 0.083889
0 0.783557 0.477593 0.004844 0.034759
0 0.773406 0.502444 0.025146 0.068491
3 0.735234 0.463370 0.006807 0.017481
0 0.738604 0.483213 0.016417 0.042519
0 0.712568 0.492713 0.016099 0.022889
0 0.725026 0.497880 0.016505 0.069907
0 0.692917 0.499815 0.014990 0.039981
0 0.667286 0.485324 0.012823 0.068935
0 0.630911 0.496991 0.033464 0.085519
3 0.693234 0.554981 0.035115 0.123769
