3 0.171370 0.768204 0.080271 0.337769
1 0.235260 0.639611 0.061646 0.154509
0 0.429151 0.549269 0.031906 0.109343
0 0.517224 0.523537 0.021094 0.075556
0 0.535969 0.528204 0.025948 0.101880
0 0.644292 0.489648 0.011141 0.051083
0 0.631000 0.529759 0.025630 0.101593
0 0.663115 0.515046 0.026187 0.061972
0 0.661802 0.582250 0.057943 0.149981
0 0.713635 0.510491 0.021599 0.080315
0 0.755990 0.542111 0.031766 0.115454
0 0.819906 0.568213 0.060917 0.143056
3 0.741380 0.493417 0.015245 0.071778
1 0.816167 0.498565 0.017010 0.032380
