1 0.306734 0.628222 0.024177 0.105046
0 0.325703 0.673963 0.045250 0.211509
0 0.229354 0.565731 0.057417 0.115787
0 0.306099 0.543046 0.043901 0.083130
0 0.396677 0.570046 0.026562 0.123565
0 0.418427 0.567639 0.023938 0.137426
2 0.773286 0.652361 0.007161 0.021139
0 0.560562 0.527139 0.038865 0.122500
0 0.777057 0.548704 0.021130 0.124102
0 0.796630 0.508824 0.021250 0.081917
0 0.766781 0.582472 0.054620 0.134981
0 0.635198 0.509944 0.034292 0.102083
3 0.706229 0.495194 0.017964 0.069667
1 0.815630 0.498333 0.017964 0.032417
3 0.110552 0.821222 0.149339 0.357546
