1 0.225911 0.653935 0.052083 0.129630
0 0.385417 0.610537 0.082031 0.177083
0 0.498698 0.538194 0.036458 0.122685
3 0.563479 0.638889 0.061849 0.212963
2 0.825849 0.506324 0.002193 0.004630
0 0.875318 0.494139 0.026036 0.056269
0 0.820094 0.486954 0.018911 0.046287
1 0.805573 0.497796 0.016990 0.041167
0 0.782552 0.483056 0.022198 0.050667
0 0.846953 0.492556 0.022198 0.052620
0 0.843047 0.554917 0.035490 0.120343
0 0.765078 0.516435 0.035214 0.087213
3 0.745005 0.475630 0.014797 0.051398
0 0.641854 0.490250 0.015771 0.058556
0 0.673594 0.511361 0.032938 0.088009
