1 0.203870 0.625444 0.041667 0.186509
3 0.309276 0.575620 0.053073 0.139769
0 0.452219 0.540333 0.045578 0.134787
2 0.711344 0.556370 0.004365 0.011167
0 0.629474 0.522056 0.022396 0.083667
0 0.652958 0.531852 0.016359 0.092065
0 0.695036 0.533250 0.013906 0.073093
0 0.681344 0.542972 0.024318 0.104037
0 0.695865 0.491102 0.017672 0.060963
0 0.714323 0.507278 0.015745 0.076509
0 0.730859 0.494843 0.017318 0.064074
3 0.716557 0.473222 0.011286 0.028926
0 0.852620 0.503000 0.016193 0.074157
0 0.871536 0.517833 0.029156 0.086370
1 0.809675 0.495981 0.022604 0.043408
