3 0.311630 0.572370 0.030766 0.111741
3 0.716839 0.470481 0.009203 0.027648
1 0.199367 0.622990 0.049729 0.194534
0 0.435805 0.543408 0.028933 0.106109
1 0.810127 0.496785 0.019892 0.045016
0 0.843580 0.516881 0.014467 0.053055
0 0.852170 0.510450 0.018987 0.078778
0 0.735986 0.491961 0.021700 0.073955
0 0.705244 0.487942 0.014467 0.046624
0 0.721067 0.513666 0.037071 0.078778
0 0.669078 0.490354 0.018083 0.028939
0 0.679476 0.540193 0.022604 0.080386
0 0.671338 0.551447 0.044304 0.090032
0 0.641049 0.538585 0.027125 0.077170
