3 0.138349 0.605907 0.047526 0.165509
2 0.271781 0.594769 0.004104 0.009389
0 0.249781 0.571037 0.030505 0.096472
1 0.202516 0.620046 0.036865 0.173630
0 0.448250 0.523593 0.028370 0.085111
0 0.482115 0.621935 0.047875 0.164546
0 0.491870 0.513500 0.021984 0.063676
0 0.591521 0.506880 0.031208 0.080694
3 0.710318 0.483241 0.017729 0.054852
0 0.675391 0.496796 0.025885 0.068093
0 0.644359 0.537454 0.043266 0.106546
0 0.721313 0.534935 0.033333 0.092676
0 0.881802 0.500676 0.015208 0.069361
1 0.808667 0.498185 0.014208 0.038769
0 0.829776 0.495870 0.014807 0.058333
