3 0.243359 0.698167 0.058859 0.273065
1 0.251849 0.646954 0.053198 0.111481
0 0.520344 0.548417 0.030495 0.122750
0 0.556021 0.555111 0.037026 0.112444
2 0.762807 0.520278 0.003797 0.010241
0 0.640375 0.520972 0.031557 0.096843
0 0.694911 0.491417 0.029854 0.065648
0 0.700313 0.606991 0.076406 0.182269
0 0.752266 0.542917 0.042427 0.108593
0 0.945781 0.531111 0.030792 0.110176
0 0.900781 0.501046 0.024474 0.079528
0 0.854005 0.536833 0.031182 0.117426
0 0.809995 0.675435 0.075000 0.235556
3 0.757458 0.485824 0.015005 0.056944
1 0.810573 0.497361 0.015901 0.039204
