1 0.231448 0.643519 0.043620 0.138889
0 0.473307 0.531833 0.029948 0.105324
0 0.534182 0.527204 0.041016 0.119213
0 0.571292 0.599537 0.043620 0.159722
0 0.712010 0.503750 0.019339 0.064074
2 0.704792 0.529315 0.004646 0.007593
0 0.726078 0.513352 0.011052 0.080593
0 0.735307 0.497389 0.009922 0.066083
0 0.741271 0.489685 0.013057 0.056481
0 0.746167 0.523843 0.023359 0.090861
0 0.765005 0.498167 0.014318 0.063620
0 0.792453 0.504528 0.020771 0.082935
1 0.811740 0.501741 0.019781 0.033407
3 0.517188 0.672685 0.057292 0.243519
3 0.725354 0.473750 0.006521 0.021444
