1 0.353292 0.593565 0.046224 0.158722
1 0.816453 0.506676 0.024583 0.020759
0 0.887589 0.518426 0.029807 0.078667
0 0.852406 0.510639 0.038104 0.061454
0 0.829437 0.492065 0.009984 0.052167
0 0.839807 0.489741 0.011370 0.058454
0 0.812073 0.500259 0.013979 0.068556
0 0.761557 0.491167 0.008245 0.061926
0 0.770932 0.497213 0.012573 0.057157
0 0.787937 0.516639 0.031740 0.088667
0 0.750839 0.507843 0.018135 0.077676
0 0.688286 0.497398 0.022880 0.061926
3 0.715182 0.482194 0.013604 0.060093
3 0.733115 0.536426 0.025557 0.103324
