0 0.222214 0.566944 0.019823 0.091324
0 0.208224 0.582528 0.024839 0.117324
1 0.218979 0.666648 0.055901 0.112167
0 0.303255 0.822361 0.138594 0.350287
0 0.326552 0.688111 0.095161 0.225685
0 0.337505 0.614750 0.063771 0.188481
0 0.383510 0.603694 0.055083 0.181111
0 0.453990 0.591769 0.077589 0.196556
0 0.551422 0.540167 0.049750 0.114426
0 0.868198 0.585620 0.056661 0.168120
0 0.678568 0.618093 0.140568 0.184620
2 0.762474 0.672491 0.009870 0.023870
3 0.642833 0.507528 0.033563 0.098278
1 0.809562 0.504019 0.031786 0.049139
