1 0.190109 0.600306 0.030734 0.140426
1 0.814099 0.495759 0.007391 0.026278
0 0.778208 0.517250 0.019042 0.080843
0 0.807651 0.538741 0.022802 0.127833
0 0.679620 0.499991 0.019042 0.077500
0 0.565672 0.530639 0.027161 0.108120
0 0.419531 0.534574 0.026573 0.093954
0 0.332583 0.621963 0.043990 0.156407
0 0.298187 0.598611 0.024208 0.136991
0 0.300109 0.546120 0.021552 0.074009
0 0.194266 0.535620 0.010630 0.045667
0 0.228068 0.585491 0.018010 0.130694
3 0.215500 0.592231 0.019911 0.140741
3 0.685490 0.475231 0.010563 0.035019
