3 0.194792 0.788426 0.058333 0.367593
1 0.240885 0.653241 0.052604 0.141667
1 0.815885 0.496759 0.013021 0.036111
0 0.805990 0.481481 0.007812 0.029630
3 0.734896 0.482870 0.015625 0.056481
0 0.815365 0.527778 0.032813 0.088889
0 0.960938 0.518519 0.017708 0.109259
0 0.446094 0.553704 0.033854 0.116667
0 0.485938 0.547685 0.031250 0.110185
0 0.551042 0.593056 0.056250 0.152778
0 0.500521 0.610185 0.056250 0.168519
0 0.599219 0.499537 0.035937 0.065741
2 0.671615 0.518981 0.003646 0.006481
0 0.653385 0.530556 0.039062 0.107407
0 0.706771 0.507870 0.026042 0.071296
