3 0.187484 0.827759 0.083906 0.344472
1 0.222693 0.649185 0.058823 0.114991
0 0.319240 0.528111 0.019453 0.025815
0 0.309156 0.553509 0.013297 0.046944
0 0.340271 0.589398 0.053750 0.125565
0 0.298651 0.629713 0.067896 0.154491
0 0.484615 0.541583 0.055307 0.096435
0 0.499589 0.643685 0.083417 0.188083
0 0.584182 0.522000 0.034604 0.097741
0 0.675073 0.557824 0.051792 0.181519
0 0.747870 0.591009 0.061469 0.165333
0 0.855214 0.534852 0.058964 0.127083
1 0.811276 0.498222 0.014797 0.034398
3 0.719979 0.491343 0.024818 0.069213
