2 0.962026 0.543620 0.004177 0.010852
3 0.517188 0.673148 0.057292 0.324074
3 0.760766 0.481417 0.011021 0.047009
0 0.943910 0.515670 0.022436 0.074074
0 0.924679 0.509972 0.028846 0.074074
0 0.886218 0.500000 0.022436 0.094017
0 0.844551 0.498575 0.022436 0.068376
0 0.858974 0.555556 0.044872 0.125356
1 0.820513 0.495726 0.019231 0.039886
0 0.781250 0.512821 0.024038 0.091168
0 0.744391 0.487179 0.017628 0.062678
0 0.715545 0.491453 0.027244 0.065527
0 0.769231 0.566952 0.064103 0.131054
0 0.643429 0.531339 0.043269 0.111111
1 0.241987 0.660969 0.067308 0.119658
