3 0.069693 0.832889 0.121526 0.334213
3 0.626490 0.488981 0.035714 0.085537
2 0.413057 0.570620 0.002755 0.009046
1 0.231078 0.631074 0.058750 0.129963
1 0.813927 0.498935 0.018995 0.042315
0 0.705068 0.506398 0.027385 0.071880
0 0.755682 0.583157 0.045771 0.170065
0 0.553099 0.525546 0.035708 0.099750
0 0.466880 0.587046 0.056917 0.125769
0 0.413740 0.542509 0.022661 0.087759
0 0.382344 0.536157 0.039589 0.063546
0 0.336505 0.552935 0.024870 0.093037
0 0.377625 0.626583 0.076896 0.168176
0 0.323005 0.602167 0.040891 0.121519
0 0.282802 0.654250 0.047453 0.209398
