3 0.634885 0.686861 0.072625 0.261000
0 0.560797 0.601824 0.061495 0.186722
0 0.588714 0.535537 0.025964 0.116620
0 0.657630 0.497009 0.034948 0.077046
3 0.730156 0.483130 0.021865 0.078435
1 0.822589 0.501713 0.005651 0.026111
0 0.814073 0.511491 0.020917 0.077926
0 0.831375 0.506083 0.010766 0.064667
0 0.836583 0.479769 0.007573 0.032537
0 0.858271 0.523380 0.044948 0.100065
0 0.856964 0.499870 0.020646 0.071083
0 0.915677 0.522667 0.020646 0.094269
2 0.942354 0.537620 0.002083 0.006065
0 0.950932 0.497111 0.016729 0.051574
1 0.227848 0.636656 0.059675 0.144695
