3 0.059375 0.839815 0.108333 0.320370
3 0.705208 0.498148 0.020833 0.077778
0 0.116490 0.598315 0.034260 0.141870
0 0.254177 0.601741 0.040401 0.120296
0 0.297865 0.582194 0.028406 0.094917
0 0.284089 0.626231 0.054250 0.166741
0 0.331484 0.619250 0.041688 0.107611
0 0.337693 0.563667 0.031266 0.108111
1 0.221057 0.653639 0.056677 0.117509
0 0.523219 0.519824 0.019062 0.084546
0 0.619078 0.549907 0.061266 0.147759
0 0.872375 0.542343 0.054698 0.124370
1 0.812271 0.497870 0.018443 0.048991
0 0.238698 0.597267 0.032550 0.130225
