2 0.282167 0.627463 0.005318 0.008537
1 0.220432 0.650259 0.058510 0.098713
0 0.143661 0.593620 0.060000 0.136481
0 0.185214 0.664843 0.067078 0.195444
0 0.248385 0.612833 0.052547 0.135157
0 0.301302 0.595935 0.031677 0.157019
0 0.312484 0.591630 0.068943 0.155028
0 0.372479 0.564463 0.051802 0.106000
0 0.514766 0.539157 0.055500 0.105676
3 0.680578 0.477333 0.011484 0.034278
0 0.685089 0.501398 0.021333 0.065639
0 0.677193 0.531481 0.037948 0.076944
0 0.669807 0.551352 0.051896 0.102833
1 0.811146 0.498435 0.019339 0.034380
