2 0.820984 0.730435 0.009047 0.024796
0 0.377057 0.886472 0.212172 0.227046
0 0.255526 0.844435 0.213240 0.311120
0 0.128880 0.621093 0.068594 0.159815
0 0.187995 0.578296 0.029609 0.133306
1 0.217927 0.653852 0.052406 0.132167
0 0.357464 0.554565 0.025417 0.121046
0 0.404526 0.569083 0.085344 0.129259
0 0.525760 0.555528 0.048677 0.141037
0 0.601474 0.509648 0.042052 0.110093
0 0.707073 0.617824 0.095198 0.204843
0 0.754823 0.537037 0.028036 0.118852
1 0.815979 0.498833 0.015406 0.047380
3 0.695901 0.494731 0.031271 0.078602
