1 0.247396 0.644398 0.070682 0.145065
1 0.812219 0.497259 0.019948 0.044306
0 0.783078 0.507194 0.019667 0.065361
0 0.795568 0.518759 0.023411 0.093269
0 0.745589 0.499639 0.019781 0.069333
3 0.713682 0.492343 0.016984 0.055324
0 0.648031 0.497204 0.022464 0.066250
0 0.490672 0.523352 0.022417 0.070259
0 0.590563 0.535981 0.035078 0.100787
3 0.343865 0.762426 0.073833 0.341602
0 0.548944 0.522184 0.032630 0.064846
0 0.523033 0.562287 0.038388 0.066553
0 0.516795 0.590444 0.052783 0.122867
0 0.554702 0.591297 0.046065 0.127986
