1 0.809552 0.497759 0.013250 0.038324
3 0.133333 0.607870 0.047917 0.149074
3 0.709505 0.483222 0.008568 0.050759
1 0.200723 0.620579 0.047016 0.170418
2 0.393309 0.645498 0.012658 0.014469
0 0.359403 0.598875 0.093128 0.139871
0 0.437613 0.540193 0.032550 0.112540
0 0.548373 0.506431 0.035262 0.077170
0 0.660488 0.512862 0.046112 0.083601
0 0.622966 0.642283 0.077758 0.210611
0 0.736890 0.473473 0.012658 0.033762
0 0.711121 0.512862 0.031646 0.096463
0 0.737794 0.536174 0.034358 0.120579
0 0.847197 0.497588 0.037975 0.072347
0 0.889693 0.505627 0.032550 0.091640
