1 0.232099 0.376157 0.035807 0.094907
1 0.685547 0.235537 0.013021 0.047454
0 0.359349 0.292028 0.030932 0.116806
0 0.447859 0.225389 0.014677 0.050981
0 0.464453 0.236028 0.023484 0.047370
2 0.448990 0.256102 0.003839 0.008028
0 0.458583 0.328148 0.030708 0.120019
0 0.505547 0.205528 0.012578 0.058139
0 0.546370 0.208370 0.007776 0.050009
0 0.552661 0.226065 0.010292 0.068306
0 0.577016 0.282370 0.020125 0.092296
0 0.654318 0.243750 0.013266 0.067083
0 0.743359 0.288991 0.018292 0.081620
3 0.475521 0.483333 0.051042 0.203704
3 0.559745 0.192296 0.011354 0.044380
