2 0.796109 0.342194 0.003240 0.004852
0 0.798839 0.286278 0.009719 0.028796
0 0.800714 0.319611 0.016880 0.059102
3 0.819380 0.279148 0.011932 0.040009
0 0.721177 0.269759 0.018411 0.046676
1 0.707625 0.251111 0.019266 0.025759
0 0.696542 0.239444 0.016198 0.034556
0 0.653578 0.226259 0.015854 0.042130
0 0.643948 0.228083 0.012276 0.040315
0 0.737630 0.344926 0.019948 0.081833
0 0.668240 0.310972 0.023698 0.086083
0 0.620760 0.262333 0.025234 0.066981
0 0.558021 0.243593 0.023453 0.064926
3 0.480083 0.232241 0.020781 0.062287
1 0.220163 0.374598 0.035262 0.128617
