2 0.655563 0.404417 0.002651 0.006426
3 0.528286 0.635963 0.062391 0.216463
1 0.254437 0.384139 0.027271 0.081343
0 0.280094 0.317991 0.024495 0.098602
0 0.323536 0.343056 0.057313 0.113389
0 0.428083 0.292556 0.028839 0.097519
0 0.526057 0.356889 0.057964 0.110583
0 0.549807 0.446620 0.044391 0.154315
0 0.497641 0.498139 0.102922 0.177944
1 0.692484 0.239935 0.013229 0.036528
3 0.605688 0.215157 0.016031 0.053787
0 0.563010 0.250481 0.023255 0.069843
0 0.615958 0.260315 0.017161 0.060611
0 0.615734 0.330157 0.048318 0.089519
0 0.647120 0.348620 0.041094 0.089519
