0 0.181906 0.330907 0.036260 0.102065
0 0.263490 0.290620 0.037469 0.098843
0 0.290083 0.363944 0.036260 0.133759
3 0.383932 0.552333 0.072443 0.203194
0 0.504682 0.195611 0.013641 0.056102
0 0.471198 0.218759 0.024943 0.064676
0 0.439021 0.242278 0.031141 0.080352
3 0.529073 0.198917 0.013917 0.052426
0 0.434542 0.368315 0.043682 0.127630
0 0.546943 0.267630 0.028432 0.080870
0 0.676536 0.269491 0.030229 0.066509
0 0.759589 0.296889 0.023344 0.072361
1 0.691896 0.237667 0.010677 0.033537
1 0.238246 0.387460 0.056962 0.070740
