3 0.069943 0.335759 0.041667 0.141537
2 0.474531 0.561880 0.013714 0.030037
0 0.176755 0.478981 0.059260 0.181278
0 0.284854 0.299157 0.025339 0.074472
0 0.279849 0.369093 0.045979 0.159843
0 0.331443 0.329491 0.040052 0.128602
0 0.360255 0.403787 0.048635 0.156574
0 0.185339 0.260472 0.039641 0.090815
0 0.436375 0.320407 0.047615 0.175824
0 0.513005 0.284444 0.048839 0.116972
1 0.680667 0.231407 0.015120 0.076287
3 0.749943 0.317139 0.028609 0.086463
1 0.226744 0.405075 0.047569 0.092105
0 0.521670 0.561090 0.085624 0.167293
