3 0.119786 0.291102 0.021245 0.099426
3 0.738599 0.310509 0.012229 0.074639
1 0.690094 0.238769 0.011411 0.037685
0 0.598479 0.243667 0.017323 0.067750
0 0.580750 0.252537 0.024661 0.065222
0 0.460708 0.227139 0.017365 0.070481
0 0.475464 0.260065 0.033568 0.078713
2 0.510193 0.293759 0.005786 0.009259
0 0.413828 0.287333 0.050354 0.105463
0 0.331219 0.232963 0.023490 0.072185
0 0.307391 0.281583 0.028859 0.085907
0 0.292292 0.339759 0.030875 0.116333
0 0.341281 0.353472 0.047651 0.121111
0 0.467807 0.200426 0.010318 0.044630
1 0.236786 0.377820 0.046512 0.120301
