2 0.146771 0.312148 0.006391 0.008361
3 0.081880 0.308815 0.025141 0.092630
3 0.666604 0.259491 0.017729 0.068926
0 0.130550 0.287594 0.049683 0.109023
1 0.208774 0.356203 0.049683 0.137218
1 0.685518 0.230263 0.022199 0.062030
0 0.289641 0.242481 0.029598 0.078947
0 0.303911 0.309211 0.030655 0.114662
0 0.278541 0.381579 0.091966 0.127820
0 0.512156 0.206767 0.015856 0.063910
0 0.524841 0.219925 0.022199 0.048872
0 0.519027 0.286654 0.048626 0.103383
0 0.601480 0.246241 0.029598 0.067669
0 0.574524 0.265038 0.041226 0.090226
