3 0.156010 0.277000 0.032063 0.092454
1 0.219349 0.375704 0.040661 0.099398
1 0.690276 0.241657 0.010521 0.037407
3 0.755042 0.266037 0.016297 0.056843
0 0.725547 0.332231 0.029906 0.085074
0 0.679651 0.238537 0.024339 0.061972
0 0.590615 0.238954 0.030016 0.072981
0 0.516677 0.197167 0.025161 0.060815
0 0.497474 0.237972 0.032224 0.074157
0 0.490635 0.334935 0.040224 0.134241
0 0.405635 0.238130 0.031875 0.080954
0 0.335437 0.233065 0.023526 0.074880
0 0.356307 0.299852 0.037188 0.103213
0 0.389130 0.348083 0.044396 0.125472
