1 0.233906 0.365713 0.042224 0.116259
0 0.315010 0.299769 0.042010 0.118037
0 0.346453 0.360454 0.045484 0.132213
3 0.359063 0.580889 0.056427 0.225787
3 0.533104 0.194454 0.010828 0.050556
1 0.685854 0.237009 0.021062 0.046889
0 0.439229 0.211685 0.016526 0.051519
0 0.461557 0.212815 0.027281 0.065259
0 0.484208 0.209593 0.012432 0.060269
0 0.504589 0.221833 0.017865 0.055935
0 0.482510 0.283380 0.037297 0.088583
0 0.555724 0.248019 0.023500 0.070861
0 0.587740 0.234157 0.020448 0.075000
0 0.641031 0.283157 0.031276 0.099602
