2 0.662068 0.280528 0.002823 0.005796
1 0.689807 0.240704 0.011281 0.034194
0 0.673458 0.261787 0.027052 0.064056
0 0.657240 0.291537 0.033849 0.083880
3 0.754786 0.279454 0.014042 0.067454
0 0.741479 0.358287 0.015521 0.102491
0 0.471365 0.195741 0.027083 0.067065
0 0.521500 0.247037 0.032563 0.085972
0 0.516661 0.306074 0.055776 0.118074
0 0.435255 0.279426 0.030307 0.094574
0 0.343786 0.275722 0.029859 0.090917
0 0.377193 0.361991 0.056365 0.140019
0 0.305151 0.356352 0.039943 0.132722
1 0.240573 0.386880 0.039193 0.108833
3 0.121141 0.285769 0.027026 0.096083
