1 0.249062 0.371639 0.037698 0.075259
3 0.584958 0.423278 0.034609 0.144481
3 0.666557 0.209713 0.008260 0.039574
1 0.689396 0.238380 0.014703 0.035028
2 0.663078 0.254972 0.002646 0.006537
0 0.673958 0.231843 0.010880 0.036074
0 0.657859 0.231056 0.012792 0.038157
0 0.644995 0.250657 0.010583 0.051231
0 0.637057 0.250139 0.011760 0.060120
0 0.581188 0.217593 0.012646 0.046787
0 0.770281 0.308556 0.018604 0.057278
0 0.549495 0.198833 0.020828 0.043074
0 0.482708 0.226778 0.021828 0.066213
0 0.507641 0.270028 0.036047 0.088648
0 0.408417 0.221565 0.023073 0.055926
