3 0.217969 0.744907 0.073438 0.278704
3 0.504839 0.210685 0.013729 0.060074
1 0.694846 0.239550 0.020796 0.045016
1 0.244575 0.362540 0.026221 0.088424
0 0.241410 0.445338 0.034358 0.163987
0 0.285262 0.242765 0.051537 0.093248
0 0.281646 0.351286 0.055154 0.104502
0 0.338156 0.245177 0.034358 0.081994
0 0.521248 0.245177 0.029837 0.072347
0 0.572785 0.278939 0.037071 0.085209
0 0.495027 0.274920 0.029837 0.090032
0 0.397378 0.264469 0.033454 0.094855
0 0.368897 0.306270 0.032550 0.110932
0 0.449367 0.318328 0.048825 0.106109
