1 0.245099 0.362787 0.043380 0.154880
1 0.688823 0.236676 0.014042 0.034120
0 0.640620 0.220685 0.012198 0.045722
0 0.650349 0.249556 0.017146 0.064769
0 0.658427 0.209546 0.008245 0.037509
0 0.669964 0.214380 0.007583 0.024324
0 0.669802 0.231824 0.016813 0.041620
0 0.700297 0.250870 0.015495 0.056852
0 0.743078 0.255417 0.013354 0.053046
0 0.759453 0.290787 0.014172 0.077602
0 0.789094 0.311120 0.016750 0.075306
0 0.800365 0.282917 0.009667 0.053833
3 0.533599 0.227583 0.019339 0.078528
3 0.812922 0.281889 0.008349 0.065250
