3 0.164484 0.848639 0.126714 0.293676
0 0.157479 0.285556 0.045693 0.102889
0 0.218891 0.287352 0.025448 0.089444
0 0.343802 0.288380 0.025448 0.074028
0 0.286120 0.320509 0.048286 0.096130
0 0.255323 0.364204 0.037589 0.128000
1 0.216286 0.373204 0.031229 0.082250
0 0.214698 0.501204 0.056385 0.175806
0 0.371151 0.393269 0.057026 0.139833
0 0.479052 0.231157 0.024089 0.058556
0 0.485938 0.332972 0.043750 0.125843
0 0.576391 0.292769 0.022120 0.094389
3 0.499703 0.217176 0.014255 0.062046
1 0.695354 0.242519 0.015240 0.037583
