3 0.073896 0.309028 0.033203 0.101852
3 0.721354 0.302083 0.019531 0.069444
2 0.498125 0.438657 0.010505 0.013731
1 0.686932 0.242537 0.019156 0.036806
0 0.603635 0.270324 0.033552 0.081769
0 0.493375 0.304713 0.028411 0.093796
0 0.534234 0.343676 0.027328 0.095722
0 0.514479 0.372296 0.036526 0.118324
0 0.472135 0.347046 0.023807 0.112074
0 0.445490 0.329009 0.032740 0.094278
0 0.426682 0.350417 0.069266 0.146704
0 0.379875 0.274176 0.024891 0.088509
0 0.296661 0.268463 0.040984 0.086315
0 0.302021 0.355333 0.045396 0.115454
1 0.236786 0.395677 0.054968 0.103383
