2 0.148010 0.314528 0.003339 0.007796
3 0.109807 0.300241 0.031313 0.096491
0 0.137047 0.282426 0.026094 0.094269
0 0.286000 0.249213 0.039245 0.082759
0 0.312823 0.309889 0.030687 0.107630
0 0.351245 0.382750 0.042359 0.129352
0 0.398198 0.209648 0.028938 0.057102
0 0.452458 0.221222 0.017651 0.064824
0 0.541880 0.243083 0.015917 0.069454
0 0.481109 0.259546 0.022859 0.072537
0 0.462589 0.343407 0.029807 0.113694
1 0.685964 0.233889 0.012000 0.055361
3 0.620396 0.252176 0.024854 0.066537
1 0.223573 0.358083 0.047569 0.133459
