2 0.524729 0.625917 0.003464 0.010556
3 0.447531 0.679472 0.038625 0.194139
1 0.242958 0.595120 0.030995 0.086472
0 0.269661 0.530694 0.045302 0.088167
0 0.539802 0.583676 0.039104 0.126315
0 0.477099 0.492120 0.049115 0.085620
1 0.685224 0.429333 0.018599 0.047370
3 0.609583 0.424898 0.007771 0.045398
0 0.601255 0.440194 0.019984 0.047370
0 0.630958 0.438463 0.023875 0.046880
0 0.553370 0.451046 0.020266 0.049352
0 0.527833 0.445870 0.034146 0.057741
0 0.642479 0.523102 0.045245 0.074028
0 0.704656 0.479917 0.029703 0.069583
0 0.748792 0.507306 0.021927 0.069093
