2 0.140995 0.711806 0.006333 0.014231
1 0.231052 0.602611 0.032661 0.066972
0 0.196068 0.663324 0.067370 0.110528
0 0.180760 0.589417 0.045656 0.104583
3 0.098484 0.527380 0.020635 0.088611
0 0.197901 0.532389 0.034031 0.075750
0 0.259536 0.539769 0.045823 0.107667
0 0.141953 0.614676 0.047010 0.114361
0 0.333729 0.487694 0.022109 0.071954
0 0.379266 0.529667 0.027734 0.094611
0 0.545474 0.723880 0.055089 0.212537
0 0.464708 0.475037 0.017240 0.067954
0 0.631292 0.495361 0.034854 0.087278
1 0.674979 0.437222 0.010016 0.030324
3 0.712932 0.451278 0.011740 0.056759
