1 0.245521 0.588398 0.038828 0.092981
2 0.405859 0.478046 0.006073 0.008454
3 0.192557 0.520157 0.022167 0.095852
3 0.746542 0.446528 0.012776 0.057065
0 0.257697 0.511570 0.030361 0.076178
0 0.319459 0.507132 0.043254 0.096887
0 0.392867 0.461277 0.023707 0.059907
0 0.448218 0.465102 0.029176 0.059538
0 0.549895 0.435012 0.020567 0.051883
0 0.489152 0.476688 0.033959 0.082502
0 0.492261 0.542179 0.054525 0.114822
0 0.612161 0.548108 0.062621 0.123732
0 0.682689 0.490742 0.034157 0.087737
0 0.765868 0.478931 0.023404 0.073114
1 0.683638 0.434500 0.023404 0.040494
