0 0.582391 0.434148 0.011177 0.034769
1 0.668505 0.429648 0.009125 0.024343
0 0.672875 0.439611 0.013693 0.050306
3 0.247083 0.512148 0.021208 0.089667
3 0.752094 0.434417 0.011557 0.042287
0 0.700265 0.454985 0.030819 0.060398
0 0.649005 0.446316 0.016982 0.062076
0 0.608436 0.422549 0.013208 0.040265
0 0.594599 0.432335 0.016982 0.040825
0 0.561578 0.433174 0.016982 0.044739
0 0.573371 0.462534 0.016668 0.074379
0 0.522727 0.442051 0.020241 0.052867
0 0.485090 0.457237 0.024669 0.058491
1 0.241838 0.564123 0.037952 0.118352
