2 0.420839 0.509630 0.003219 0.004843
3 0.131740 0.537102 0.027224 0.098361
1 0.235370 0.583157 0.028104 0.087435
0 0.327755 0.509120 0.041896 0.073370
0 0.340885 0.473546 0.015630 0.063731
0 0.413833 0.479102 0.022302 0.060769
0 0.437385 0.474472 0.016464 0.054472
0 0.471042 0.475713 0.034750 0.069278
0 0.500594 0.525074 0.047089 0.104500
0 0.523651 0.438769 0.015266 0.058889
0 0.565870 0.464454 0.029552 0.065241
0 0.627734 0.441944 0.019484 0.050231
0 0.610359 0.475713 0.018510 0.070435
1 0.677255 0.436167 0.014615 0.028287
3 0.727755 0.455509 0.016240 0.061194
