1 0.301432 0.544565 0.027344 0.119213
3 0.477615 0.453972 0.014453 0.059639
3 0.723589 0.423074 0.007859 0.032509
0 0.727604 0.435833 0.011109 0.052565
2 0.616521 0.444639 0.002224 0.006380
0 0.624125 0.428083 0.013672 0.040713
1 0.674542 0.440389 0.009229 0.030685
0 0.667703 0.432639 0.009229 0.035852
0 0.654974 0.428537 0.008375 0.034935
0 0.639078 0.427630 0.010427 0.037981
0 0.646771 0.437500 0.011109 0.042537
0 0.663687 0.443120 0.011448 0.042843
0 0.660354 0.456944 0.013672 0.052861
0 0.638568 0.468648 0.031276 0.057426
0 0.695307 0.439481 0.009401 0.050130
