1 0.252437 0.588185 0.027958 0.079417
3 0.504234 0.632176 0.030854 0.157111
0 0.469365 0.441352 0.015745 0.046278
0 0.469625 0.475157 0.017984 0.072157
0 0.574109 0.441583 0.012578 0.044093
0 0.571807 0.465046 0.031714 0.052602
0 0.572161 0.508037 0.029589 0.083148
0 0.756188 0.451750 0.010245 0.052620
0 0.740755 0.459620 0.009484 0.052620
0 0.746135 0.513583 0.018214 0.071056
0 0.728490 0.498630 0.026687 0.079824
0 0.612964 0.425889 0.012318 0.041815
3 0.651719 0.419519 0.010078 0.038630
1 0.675797 0.437639 0.015229 0.034250
