0 0.556771 0.450000 0.010417 0.044444
3 0.335620 0.491954 0.018901 0.086074
3 0.687036 0.411241 0.010526 0.021444
1 0.272265 0.552036 0.038168 0.117647
1 0.679045 0.442525 0.012841 0.025795
0 0.687963 0.442314 0.011652 0.049898
0 0.673219 0.437874 0.015457 0.049475
0 0.655028 0.433645 0.012365 0.046092
0 0.628395 0.430473 0.009512 0.044824
0 0.633745 0.437451 0.008323 0.044401
0 0.640642 0.459440 0.012128 0.059624
0 0.609134 0.440834 0.016170 0.043555
0 0.611393 0.445062 0.024017 0.046092
0 0.532042 0.449262 0.021523 0.059538
