1 0.238281 0.570028 0.019531 0.119213
3 0.313719 0.483389 0.013964 0.076722
3 0.774000 0.444435 0.012271 0.046398
1 0.671083 0.438593 0.011406 0.027343
0 0.684083 0.438194 0.005964 0.037574
0 0.687682 0.440324 0.004604 0.042065
0 0.693453 0.435546 0.008104 0.035269
0 0.697443 0.454731 0.015948 0.051981
0 0.650693 0.432065 0.015250 0.034778
0 0.635276 0.430889 0.010943 0.041259
0 0.584714 0.434426 0.012932 0.051278
0 0.599219 0.437222 0.012766 0.049222
0 0.605521 0.456083 0.013760 0.056880
0 0.488651 0.467472 0.030474 0.070954
