0 0.263542 0.491667 0.018750 0.068519
0 0.384375 0.469907 0.009375 0.041667
0 0.514104 0.435250 0.017844 0.049491
2 0.359714 0.494398 0.003698 0.006019
3 0.457224 0.621333 0.041068 0.165037
3 0.605443 0.421843 0.008964 0.039593
0 0.371834 0.472120 0.022480 0.056986
0 0.414163 0.464891 0.022958 0.062940
0 0.358920 0.531233 0.037785 0.100363
1 0.249870 0.580139 0.053090 0.091007
0 0.459362 0.481902 0.026306 0.093559
0 0.558016 0.516348 0.033002 0.093899
0 0.577267 0.458639 0.022001 0.070424
0 0.664790 0.449280 0.028697 0.065491
1 0.682248 0.429293 0.016740 0.047630
