3 0.111729 0.579148 0.046380 0.157407
2 0.327807 0.959713 0.011010 0.019880
0 0.307120 0.856491 0.086792 0.264852
0 0.327979 0.667639 0.087734 0.134870
0 0.306047 0.578944 0.039396 0.144657
0 0.348021 0.587889 0.027698 0.115759
0 0.393781 0.495907 0.021161 0.066676
0 0.378297 0.509676 0.018062 0.088694
0 0.372620 0.544611 0.029417 0.117287
0 0.482464 0.587046 0.016859 0.133343
0 0.450635 0.610676 0.054016 0.153991
0 0.506849 0.469148 0.020729 0.071870
1 0.679557 0.441639 0.014854 0.034509
3 0.734656 0.457130 0.019432 0.072481
1 0.248192 0.612540 0.040687 0.083601
