2 0.726005 0.545370 0.003714 0.006602
1 0.679703 0.440287 0.013177 0.027380
3 0.751802 0.446065 0.010021 0.050806
0 0.637854 0.436657 0.020042 0.041898
0 0.645557 0.471463 0.012063 0.056083
0 0.707078 0.474935 0.016703 0.057074
0 0.728604 0.508583 0.023385 0.066972
0 0.596005 0.455796 0.010578 0.052463
0 0.602688 0.470806 0.018375 0.057407
0 0.584219 0.483343 0.033036 0.072583
0 0.478984 0.492333 0.034078 0.070259
0 0.543422 0.532815 0.034651 0.097241
0 0.419990 0.491065 0.033505 0.079935
3 0.265495 0.516009 0.025604 0.088046
1 0.258755 0.587593 0.026281 0.077870
