0 0.328125 0.486111 0.010417 0.068519
3 0.127630 0.534870 0.025078 0.096435
3 0.725698 0.458880 0.012427 0.059139
1 0.680288 0.438746 0.024038 0.039886
1 0.241987 0.582621 0.041667 0.088319
0 0.658654 0.474359 0.028846 0.076923
0 0.613782 0.468661 0.032051 0.082621
0 0.540064 0.445869 0.019231 0.054131
0 0.532051 0.505698 0.028846 0.111111
0 0.467147 0.448718 0.020833 0.059829
0 0.451923 0.471510 0.022436 0.082621
0 0.393429 0.502849 0.033654 0.099715
0 0.313301 0.535613 0.024038 0.091168
0 0.321314 0.621083 0.062500 0.165242
