1 0.234281 0.567046 0.025708 0.119407
3 0.254849 0.499343 0.014781 0.086843
0 0.389667 0.495917 0.020245 0.089130
0 0.628896 0.451194 0.013828 0.033361
0 0.624042 0.451639 0.024854 0.052380
0 0.693005 0.437444 0.007078 0.043889
1 0.676630 0.437741 0.008229 0.030435
0 0.680167 0.435102 0.015635 0.048574
0 0.678109 0.468315 0.025677 0.057056
0 0.694323 0.494944 0.017609 0.075787
0 0.553516 0.465676 0.021724 0.059981
0 0.458516 0.454806 0.019974 0.055676
0 0.496609 0.450639 0.018740 0.056111
3 0.763927 0.444537 0.011339 0.051315
