1 0.245495 0.592954 0.028078 0.076426
0 0.774771 0.453500 0.017531 0.052972
0 0.761266 0.463046 0.020214 0.043435
0 0.759536 0.474620 0.018109 0.052287
1 0.684901 0.441241 0.019260 0.027083
3 0.654240 0.421157 0.012224 0.043713
0 0.615276 0.426963 0.009583 0.041981
0 0.623193 0.464870 0.020417 0.060009
0 0.602427 0.449306 0.011115 0.050130
0 0.568812 0.429676 0.012781 0.041981
0 0.477260 0.441944 0.018010 0.048287
0 0.536307 0.466093 0.035724 0.075583
0 0.590188 0.497583 0.036021 0.082926
3 0.556089 0.597574 0.032771 0.148537
