1 0.237193 0.583648 0.027771 0.083491
3 0.258984 0.510796 0.014453 0.093528
2 0.519510 0.495259 0.003875 0.008037
0 0.406417 0.465417 0.013557 0.065426
0 0.530807 0.466380 0.023885 0.066574
0 0.559969 0.453750 0.023672 0.052796
0 0.555016 0.472880 0.025823 0.061213
3 0.766672 0.440389 0.009057 0.046250
1 0.677448 0.437481 0.011755 0.037685
0 0.762047 0.460778 0.015995 0.060981
0 0.704812 0.449981 0.015995 0.055157
0 0.624938 0.440389 0.008094 0.042824
0 0.620313 0.432685 0.013104 0.047963
0 0.640932 0.444500 0.010792 0.048991
0 0.642953 0.447583 0.025245 0.053102
