0 0.265656 0.563046 0.029177 0.119657
3 0.144245 0.542157 0.028547 0.103093
3 0.740318 0.451111 0.009990 0.061167
2 0.163403 0.570933 0.010753 0.015748
1 0.252591 0.602991 0.028464 0.079863
0 0.289594 0.559685 0.027832 0.125981
0 0.349369 0.492194 0.033525 0.078738
0 0.421795 0.488258 0.018976 0.077614
0 0.437293 0.502318 0.030994 0.092236
0 0.415470 0.559685 0.067049 0.125981
0 0.510351 0.599616 0.054398 0.147353
0 0.543559 0.624362 0.066417 0.149603
0 0.554945 0.501193 0.039850 0.083238
0 0.732027 0.463443 0.014557 0.062866
1 0.685862 0.442364 0.022043 0.031063
