2 0.785104 0.487611 0.002859 0.005185
0 0.789880 0.459333 0.015505 0.057880
0 0.746536 0.447278 0.010755 0.052491
0 0.758604 0.477009 0.025172 0.067870
1 0.683719 0.430130 0.017286 0.048296
3 0.641370 0.434778 0.013656 0.053972
0 0.603427 0.487306 0.015776 0.078296
0 0.563167 0.449324 0.019391 0.063102
0 0.551339 0.488472 0.024651 0.089981
0 0.423167 0.460509 0.020828 0.065713
0 0.453823 0.546037 0.039313 0.108481
0 0.380630 0.504056 0.041948 0.090222
0 0.325922 0.562870 0.024818 0.129472
3 0.320208 0.715852 0.058458 0.206685
1 0.256036 0.590731 0.033964 0.074898
