1 0.248385 0.568565 0.036953 0.136241
3 0.648964 0.530833 0.032469 0.114620
0 0.589234 0.492713 0.031354 0.081046
0 0.510885 0.433241 0.015427 0.051120
0 0.532943 0.431750 0.016401 0.054102
0 0.552328 0.452102 0.021464 0.065019
0 0.577297 0.424620 0.014240 0.045787
0 0.596526 0.427407 0.011656 0.047648
0 0.607172 0.424370 0.007401 0.040824
0 0.615057 0.421389 0.014099 0.038843
3 0.629385 0.414787 0.008063 0.037657
0 0.669484 0.448657 0.014422 0.052046
1 0.670469 0.439324 0.012911 0.027120
0 0.722073 0.433926 0.019911 0.055602
