1 0.242839 0.595491 0.037760 0.098380
3 0.556318 0.582176 0.035807 0.138889
0 0.393932 0.487204 0.024891 0.088500
0 0.598698 0.536583 0.039641 0.102083
0 0.528156 0.462741 0.023318 0.068398
0 0.567802 0.440454 0.016323 0.052852
0 0.615896 0.432685 0.019823 0.049750
0 0.644312 0.470250 0.016615 0.066843
3 0.674729 0.422759 0.011068 0.047009
1 0.688812 0.441889 0.021771 0.027111
0 0.805786 0.450935 0.009297 0.029296
0 0.797318 0.443657 0.013714 0.044185
0 0.733865 0.438537 0.014526 0.050352
0 0.709656 0.438972 0.029776 0.043463
