3 0.198849 0.506778 0.021937 0.081852
1 0.237474 0.570778 0.039865 0.115361
0 0.409130 0.520241 0.043880 0.102176
0 0.581495 0.426556 0.007656 0.036870
0 0.569370 0.435769 0.008932 0.044528
0 0.564901 0.494333 0.037651 0.087352
0 0.603031 0.457889 0.027760 0.068917
0 0.630547 0.491074 0.025365 0.081398
0 0.647302 0.433639 0.014516 0.043676
0 0.667479 0.442861 0.014036 0.051898
1 0.675776 0.438463 0.010531 0.029500
3 0.760547 0.440667 0.010594 0.053694
0 0.490411 0.435593 0.009760 0.051380
0 0.540000 0.424389 0.011021 0.040296
