1 0.673438 0.439352 0.012500 0.026852
3 0.330740 0.493685 0.017292 0.083176
3 0.745750 0.438074 0.011115 0.047509
1 0.241730 0.561086 0.050891 0.122172
0 0.636668 0.425696 0.012579 0.043280
0 0.654169 0.428370 0.013673 0.040849
0 0.655127 0.450497 0.016134 0.052034
0 0.636804 0.451956 0.013947 0.062732
0 0.618209 0.429343 0.018869 0.043767
0 0.624225 0.463870 0.023791 0.064191
0 0.592366 0.442959 0.026800 0.055438
0 0.523956 0.439783 0.008323 0.043132
0 0.509821 0.453607 0.020471 0.054789
0 0.532859 0.442177 0.022818 0.049298
