1 0.265432 0.551509 0.038667 0.162731
3 0.341375 0.479833 0.018292 0.084194
3 0.753333 0.441306 0.015193 0.056602
1 0.678812 0.439389 0.010620 0.028454
0 0.680990 0.470407 0.014333 0.057954
0 0.667901 0.442574 0.009536 0.050787
0 0.652891 0.444241 0.019776 0.051556
0 0.450083 0.441991 0.013193 0.050769
0 0.460271 0.450694 0.013870 0.046676
0 0.489380 0.434769 0.021031 0.053824
0 0.558922 0.432231 0.025042 0.047704
0 0.582693 0.443972 0.018589 0.062102
0 0.619307 0.427083 0.010984 0.055500
0 0.602682 0.439991 0.023057 0.053889
