0 0.472135 0.436574 0.007812 0.047222
1 0.677349 0.434611 0.017641 0.038370
3 0.211120 0.525778 0.020193 0.100296
2 0.712641 0.502352 0.003109 0.010194
3 0.723068 0.447426 0.014953 0.060213
0 0.568109 0.438746 0.024038 0.068376
0 0.540064 0.450142 0.019231 0.068376
0 0.717949 0.472934 0.022436 0.062678
0 0.689103 0.487179 0.038462 0.079772
0 0.502404 0.478632 0.027244 0.085470
0 0.382212 0.481481 0.020833 0.091168
0 0.409455 0.552707 0.036859 0.119658
0 0.505609 0.596866 0.052885 0.150997
1 0.265086 0.572797 0.047414 0.111111
