3 0.247880 0.520565 0.020516 0.096380
2 0.621344 0.565167 0.003750 0.008824
0 0.477891 0.454500 0.010385 0.055593
0 0.482297 0.481491 0.025740 0.077074
0 0.539589 0.450981 0.016370 0.054593
0 0.573922 0.520500 0.034198 0.076213
0 0.581307 0.481537 0.031630 0.070222
0 0.593031 0.453278 0.023281 0.057657
0 0.718318 0.444000 0.017380 0.051806
1 0.685724 0.441954 0.019172 0.027722
0 0.662203 0.451269 0.013547 0.054537
0 0.630250 0.483759 0.035021 0.084981
0 0.631786 0.528981 0.028375 0.093620
3 0.766630 0.445361 0.012781 0.057259
1 0.266026 0.601140 0.038462 0.096866
