0 0.521615 0.461111 0.009896 0.055556
0 0.422656 0.472685 0.017188 0.063889
1 0.236687 0.587370 0.048115 0.071926
2 0.257969 0.550019 0.006010 0.011333
3 0.106672 0.546176 0.033604 0.104546
3 0.708823 0.467574 0.014729 0.068963
0 0.626603 0.491453 0.035256 0.099715
0 0.571314 0.490028 0.036859 0.085470
0 0.496795 0.471510 0.038462 0.071225
0 0.450321 0.519943 0.035256 0.128205
0 0.254808 0.519943 0.044872 0.071225
0 0.323718 0.542735 0.064103 0.105413
0 0.205128 0.566952 0.038462 0.108262
0 0.241186 0.632479 0.020833 0.153846
1 0.677885 0.440171 0.025641 0.042735
