0 0.688802 0.449537 0.009896 0.049074
0 0.622396 0.435185 0.008333 0.040741
0 0.593563 0.424685 0.009323 0.032389
0 0.579203 0.418778 0.010609 0.041917
3 0.255250 0.515194 0.015417 0.091361
3 0.756979 0.433352 0.011109 0.049796
1 0.283715 0.544118 0.045802 0.124434
1 0.677791 0.437880 0.011950 0.032995
0 0.567564 0.425018 0.013523 0.039706
0 0.498628 0.445828 0.020351 0.036190
0 0.513215 0.458814 0.017697 0.068893
0 0.534738 0.435424 0.018653 0.047630
0 0.606721 0.453710 0.017218 0.055285
0 0.731077 0.437125 0.018175 0.047630
