2 0.688411 0.508694 0.003448 0.006685
3 0.217188 0.843519 0.080208 0.227778
3 0.612682 0.427537 0.011120 0.049139
1 0.253270 0.550313 0.039443 0.118041
1 0.683771 0.430561 0.025012 0.056454
0 0.637782 0.442867 0.022115 0.047784
0 0.657400 0.448364 0.019975 0.054550
0 0.704542 0.487318 0.036795 0.060398
0 0.711303 0.490114 0.042141 0.053687
0 0.577445 0.501105 0.044003 0.079100
0 0.457152 0.506879 0.029824 0.107365
0 0.424418 0.514640 0.037098 0.117714
0 0.268484 0.634953 0.064885 0.160633
0 0.349909 0.644003 0.077608 0.165158
0 0.438968 0.788799 0.113232 0.255656
