3 0.771609 0.442694 0.013578 0.049630
3 0.254422 0.512556 0.019109 0.085611
1 0.253911 0.585037 0.031339 0.077463
1 0.675526 0.436972 0.010521 0.033250
0 0.700745 0.429259 0.012187 0.034435
0 0.705839 0.451519 0.015365 0.050463
0 0.691057 0.462954 0.018536 0.062639
0 0.596464 0.422130 0.008016 0.040963
0 0.606063 0.438019 0.017865 0.050167
0 0.568495 0.466361 0.028885 0.074213
0 0.610656 0.515787 0.022375 0.086389
0 0.501417 0.471259 0.017703 0.058722
0 0.524505 0.532093 0.046354 0.107713
0 0.402385 0.478806 0.017859 0.082556
