1 0.224473 0.651681 0.049749 0.129483
1 0.809494 0.496244 0.017565 0.037777
0 0.281626 0.614864 0.035104 0.157774
0 0.378327 0.555496 0.026021 0.109417
0 0.468985 0.557966 0.040392 0.107254
3 0.031841 0.758942 0.063682 0.310969
0 0.246579 0.561515 0.033984 0.102374
0 0.600238 0.565973 0.040201 0.114494
0 0.407159 0.537506 0.031044 0.084973
2 0.440397 0.576335 0.007902 0.014792
0 0.347650 0.538246 0.016220 0.086533
0 0.333301 0.550450 0.042422 0.103544
0 0.342035 0.569679 0.049077 0.125731
0 0.672026 0.505452 0.022043 0.066564
3 0.684919 0.492509 0.013725 0.061387
