1 0.247979 0.371775 0.031072 0.077779
0 0.521375 0.297282 0.030587 0.098079
1 0.690325 0.238463 0.011464 0.035676
0 0.615270 0.261627 0.016242 0.062947
0 0.631348 0.264141 0.014983 0.064195
0 0.471369 0.240286 0.018785 0.074083
3 0.525588 0.414743 0.033363 0.152871
0 0.444520 0.233941 0.018288 0.077816
0 0.734840 0.372113 0.023075 0.107486
3 0.667587 0.219276 0.013673 0.046685
0 0.666493 0.242375 0.024065 0.053006
0 0.635591 0.216115 0.016408 0.042308
0 0.539260 0.194782 0.018806 0.044376
0 0.550291 0.210217 0.027124 0.049521
