0 0.825506 0.563228 0.035022 0.134570
0 0.717372 0.497201 0.013626 0.063287
1 0.229319 0.608922 0.034841 0.170940
3 0.658118 0.584141 0.039331 0.139155
0 0.650180 0.511321 0.024068 0.069800
0 0.805904 0.478918 0.022480 0.036573
1 0.810447 0.499331 0.024871 0.036573
3 0.750526 0.465781 0.010007 0.017517
0 0.750683 0.486356 0.017199 0.049769
0 0.759829 0.493585 0.027987 0.050882
0 0.764520 0.497756 0.015166 0.062003
0 0.785315 0.489136 0.011101 0.050326
0 0.779686 0.492473 0.016417 0.054774
0 0.555787 0.511535 0.037251 0.075246
