1 0.217705 0.365178 0.023677 0.134239
0 0.553540 0.231421 0.010835 0.060348
0 0.361902 0.242918 0.030108 0.071855
0 0.622977 0.212301 0.012032 0.046659
0 0.654904 0.305775 0.018407 0.081664
0 0.428145 0.249110 0.026827 0.087146
0 0.580500 0.219622 0.014260 0.058754
0 0.521156 0.396547 0.048010 0.138411
3 0.136068 0.321729 0.037644 0.121983
0 0.713256 0.313296 0.015488 0.045249
0 0.666714 0.251766 0.026402 0.069446
3 0.769020 0.280621 0.013201 0.060643
1 0.690090 0.230248 0.013751 0.053796
0 0.415006 0.429223 0.061954 0.159355
