1 0.225661 0.650317 0.042737 0.133890
0 0.785771 0.512338 0.016154 0.078979
0 0.437809 0.536797 0.030899 0.102871
0 0.741703 0.499042 0.017767 0.064667
0 0.362653 0.609262 0.039988 0.158411
0 0.581217 0.535570 0.030868 0.094055
0 0.632897 0.495858 0.018367 0.062197
3 0.540975 0.617816 0.069273 0.202991
1 0.804685 0.497448 0.020567 0.042527
3 0.703048 0.484265 0.018175 0.056986
0 0.616550 0.499920 0.023518 0.063219
0 0.601783 0.506971 0.019143 0.063705
0 0.520238 0.549181 0.047853 0.124221
0 0.563094 0.519933 0.034104 0.089491
