0 0.490971 0.626650 0.037276 0.148048
1 0.263446 0.589333 0.027026 0.080137
0 0.513352 0.495570 0.021074 0.073348
0 0.356249 0.568855 0.034732 0.122834
0 0.711065 0.458082 0.012838 0.057862
0 0.669158 0.490909 0.013654 0.068102
0 0.558388 0.470188 0.016730 0.055763
0 0.426118 0.497508 0.026578 0.061884
2 0.623508 0.586584 0.014430 0.030793
0 0.532298 0.577601 0.064741 0.107365
0 0.602130 0.474763 0.024005 0.075026
0 0.679487 0.445736 0.014141 0.049553
1 0.680943 0.428355 0.018716 0.048813
3 0.609199 0.427986 0.011645 0.049553
3 0.299876 0.815309 0.081425 0.233032
