1 0.254600 0.601742 0.030299 0.062076
0 0.488463 0.584121 0.024937 0.119220
1 0.686259 0.442045 0.015630 0.026112
0 0.595927 0.618682 0.031347 0.143829
3 0.130347 0.544057 0.030549 0.107365
0 0.232991 0.546358 0.016915 0.087623
0 0.268379 0.549686 0.037402 0.115418
0 0.322008 0.496867 0.028052 0.082162
0 0.355835 0.492955 0.030802 0.088031
0 0.388837 0.506648 0.029702 0.093899
0 0.399013 0.542350 0.039052 0.120308
0 0.482986 0.516566 0.046203 0.099768
3 0.728004 0.447414 0.013725 0.044376
0 0.727796 0.470342 0.019963 0.069522
