0 0.570624 0.545418 0.018664 0.108309
1 0.219412 0.655843 0.049154 0.138495
0 0.865569 0.519708 0.023151 0.075786
0 0.749333 0.523520 0.020690 0.095862
0 0.832434 0.548380 0.023293 0.103059
0 0.531039 0.530937 0.046555 0.087962
3 0.592506 0.616959 0.040008 0.174631
3 0.761995 0.485663 0.018186 0.049155
2 0.934843 0.544577 0.009566 0.014792
0 0.927772 0.516103 0.027034 0.067303
0 0.846878 0.491696 0.031609 0.056949
1 0.825205 0.496150 0.013647 0.029785
0 0.817175 0.501256 0.018197 0.043022
0 0.818622 0.497579 0.012407 0.069497
0 0.873317 0.497421 0.022125 0.050744
