1 0.222017 0.644255 0.053094 0.114780
0 0.265732 0.591748 0.033409 0.130706
0 0.415073 0.637899 0.069543 0.191324
3 0.236283 0.832596 0.120627 0.334808
0 0.838230 0.542264 0.027431 0.119376
0 0.641020 0.551712 0.025169 0.136298
0 0.295840 0.629815 0.045920 0.138942
0 0.441188 0.549477 0.031388 0.108499
1 0.809209 0.494003 0.014090 0.037075
0 0.296369 0.560748 0.037785 0.067192
0 0.292064 0.545438 0.016740 0.060388
0 0.610866 0.573501 0.061103 0.142292
0 0.572676 0.520465 0.025460 0.080201
3 0.716524 0.499406 0.019801 0.066512
