0 0.581337 0.591640 0.072485 0.171594
0 0.869329 0.564531 0.063301 0.139393
0 0.523063 0.524576 0.042369 0.094792
1 0.809037 0.496786 0.017935 0.042719
0 0.225178 0.587295 0.031153 0.125079
0 0.419693 0.571824 0.035615 0.135409
0 0.195586 0.593179 0.030590 0.124001
3 0.649978 0.509448 0.026157 0.091891
0 0.358248 0.580379 0.046545 0.131885
0 0.200809 0.794558 0.157097 0.310840
0 0.277698 0.719799 0.118376 0.204604
1 0.213378 0.671243 0.033335 0.101782
0 0.311497 0.626783 0.073589 0.168332
2 0.480224 0.833882 0.023088 0.054743
