1 0.327637 0.560441 0.026573 0.116354
0 0.601902 0.462174 0.010958 0.066708
0 0.383396 0.600459 0.025970 0.129482
0 0.426852 0.468118 0.015253 0.064514
0 0.402026 0.521771 0.019800 0.097205
0 0.483174 0.484596 0.031314 0.071615
3 0.776224 0.447249 0.013224 0.056360
3 0.187873 0.530617 0.024732 0.098311
0 0.525032 0.460700 0.026618 0.068782
0 0.565042 0.519346 0.029824 0.109953
1 0.680938 0.441126 0.015205 0.024858
0 0.688418 0.452900 0.011036 0.056257
0 0.697491 0.465547 0.014469 0.058001
0 0.631117 0.444368 0.022733 0.051866
