0 0.820836 0.509836 0.017825 0.081261
1 0.299598 0.606511 0.041363 0.175325
0 0.621821 0.504391 0.018059 0.076202
0 0.736938 0.497860 0.016147 0.067054
0 0.704387 0.497379 0.018240 0.015100
3 0.728131 0.478644 0.009749 0.044739
0 0.705803 0.483398 0.016668 0.040825
0 0.662246 0.487313 0.015724 0.054246
0 0.694953 0.523663 0.024530 0.085564
3 0.718796 0.565678 0.029654 0.134385
1 0.799904 0.502971 0.017775 0.029178
0 0.788556 0.487896 0.010939 0.055438
0 0.796487 0.489863 0.012047 0.056595
0 0.799094 0.498656 0.011148 0.069066
