3 0.603395 0.611318 0.045901 0.182357
0 0.388689 0.609689 0.075093 0.179602
1 0.224169 0.646425 0.049938 0.132782
0 0.481339 0.534192 0.031594 0.108345
0 0.604658 0.494865 0.025460 0.060797
0 0.625753 0.516856 0.029824 0.091843
0 0.687983 0.488374 0.027034 0.049553
0 0.683408 0.513520 0.029529 0.076178
0 0.681952 0.553088 0.049077 0.118335
1 0.806996 0.496599 0.018049 0.036959
3 0.719214 0.483226 0.010392 0.046198
0 0.709369 0.488332 0.023518 0.048630
0 0.787990 0.489548 0.013400 0.059815
0 0.796331 0.500976 0.018596 0.060301
