1 0.693702 0.236173 0.012783 0.049734
0 0.542367 0.235980 0.020761 0.071236
0 0.628203 0.229987 0.012364 0.055403
0 0.443933 0.221451 0.015331 0.071305
0 0.309739 0.328351 0.039066 0.113097
0 0.656626 0.238493 0.014367 0.057214
0 0.580756 0.239474 0.015579 0.067201
0 0.601385 0.224547 0.012908 0.057016
0 0.211240 0.266735 0.021303 0.070046
0 0.564198 0.280676 0.023209 0.090568
1 0.225257 0.352297 0.023658 0.125655
3 0.130389 0.319156 0.035924 0.099758
3 0.785623 0.289593 0.016539 0.058824
0 0.481174 0.202433 0.022139 0.055117
