0 0.497260 0.528783 0.032721 0.090515
0 0.468198 0.478950 0.013575 0.066831
0 0.382529 0.665166 0.032774 0.172554
0 0.476336 0.748963 0.043711 0.192355
0 0.690661 0.502732 0.018299 0.080648
0 0.340425 0.549743 0.035524 0.130765
0 0.147813 0.628742 0.029288 0.144863
0 0.535201 0.561122 0.052108 0.121004
3 0.124682 0.530543 0.027990 0.088235
0 0.262585 0.554934 0.037785 0.115673
1 0.247758 0.601288 0.043525 0.082502
0 0.225518 0.511557 0.041133 0.074847
3 0.703263 0.459666 0.015058 0.058016
1 0.675240 0.437352 0.014221 0.034215
