0 0.491572 0.503729 0.029930 0.086494
0 0.353489 0.504209 0.046965 0.098204
0 0.305692 0.559752 0.025058 0.104805
0 0.261767 0.610842 0.027074 0.116719
0 0.414368 0.456830 0.012425 0.050529
0 0.270123 0.519788 0.017790 0.090189
0 0.637514 0.480056 0.015307 0.070327
3 0.112500 0.524825 0.028442 0.089256
3 0.686135 0.462602 0.017458 0.067265
1 0.676315 0.432850 0.013821 0.038807
0 0.248046 0.490744 0.019801 0.067490
0 0.267022 0.490744 0.013751 0.061621
0 0.292599 0.492211 0.020901 0.050862
1 0.242545 0.586599 0.042903 0.085096
