1 0.819272 0.495438 0.017164 0.042091
1 0.209417 0.652041 0.044055 0.124078
0 0.727750 0.521394 0.036723 0.093120
0 0.359478 0.548313 0.031294 0.100802
0 0.569345 0.509351 0.020968 0.068996
0 0.296211 0.569964 0.062387 0.140605
0 0.066173 0.622795 0.045104 0.151052
0 0.116407 0.594070 0.066363 0.146194
0 0.474624 0.544124 0.045416 0.116080
3 0.685735 0.495061 0.017524 0.077500
2 0.203066 0.960571 0.032188 0.049434
0 0.122595 0.839587 0.181425 0.291403
0 0.278416 0.810967 0.115585 0.343439
0 0.585173 0.615891 0.067341 0.177916
