1 0.819221 0.493882 0.018319 0.039359
3 0.697371 0.495955 0.015475 0.059718
0 0.239397 0.680814 0.064102 0.181845
0 0.553108 0.524935 0.029872 0.085710
0 0.720680 0.506575 0.019064 0.077189
0 0.520316 0.543777 0.035711 0.122672
0 0.645976 0.532220 0.047974 0.114784
0 0.241559 0.570337 0.039812 0.085006
0 0.164308 0.611087 0.030688 0.141078
1 0.218874 0.647503 0.054249 0.081677
0 0.300404 0.641415 0.071287 0.173337
3 0.194696 0.798132 0.101781 0.330317
0 0.435598 0.527718 0.024393 0.086755
0 0.418380 0.549832 0.043525 0.100363
