0 0.547435 0.449381 0.011460 0.053553
0 0.605280 0.438291 0.011914 0.055011
1 0.244202 0.592686 0.031733 0.075917
0 0.756406 0.503264 0.015402 0.076513
0 0.446843 0.489970 0.021678 0.081064
3 0.447213 0.700247 0.043251 0.215193
0 0.270917 0.530569 0.041722 0.090207
1 0.683756 0.429930 0.014050 0.045707
2 0.529551 0.631096 0.013821 0.023284
0 0.540462 0.598110 0.048737 0.143585
0 0.498806 0.447822 0.032524 0.056986
0 0.635631 0.516755 0.039281 0.087962
0 0.703271 0.480156 0.034104 0.066564
0 0.639845 0.440217 0.028697 0.050293
3 0.610142 0.425978 0.012196 0.046433
