1 0.235296 0.638928 0.049983 0.134872
0 0.699094 0.522911 0.036716 0.092060
3 0.281727 0.807112 0.087776 0.363312
1 0.813680 0.494826 0.022102 0.042851
0 0.389776 0.603964 0.036058 0.136044
0 0.618351 0.503447 0.016592 0.077234
3 0.678197 0.497261 0.017172 0.061101
0 0.316307 0.613724 0.043301 0.132150
0 0.557452 0.588872 0.041088 0.164320
0 0.424274 0.577281 0.036747 0.118269
0 0.419524 0.539763 0.027606 0.083305
2 0.471039 0.564161 0.008867 0.016188
0 0.460601 0.537079 0.032911 0.081677
0 0.731645 0.497680 0.025852 0.066512
0 0.723394 0.543162 0.036852 0.096834
