1 0.819319 0.494448 0.016510 0.039255
1 0.233557 0.645471 0.058754 0.149320
0 0.655634 0.577413 0.067354 0.144462
0 0.346219 0.591540 0.090658 0.169989
3 0.705462 0.495514 0.019249 0.072190
0 0.496889 0.551801 0.031063 0.102969
0 0.509314 0.613404 0.038235 0.159924
0 0.558579 0.572724 0.031304 0.138500
3 0.267990 0.782509 0.081333 0.320670
0 0.023378 0.730373 0.074618 0.278394
0 0.744153 0.536314 0.048010 0.100898
0 0.611438 0.558467 0.038996 0.101782
0 0.613954 0.527989 0.031448 0.087801
0 0.587895 0.592066 0.038263 0.169368
