1 0.223177 0.368487 0.028501 0.137122
0 0.505462 0.209975 0.014737 0.053433
0 0.520517 0.271864 0.028254 0.076790
0 0.600590 0.377417 0.024463 0.096838
0 0.202439 0.295236 0.020308 0.084321
0 0.682051 0.254719 0.015595 0.062472
2 0.440204 0.512443 0.010178 0.024887
0 0.466921 0.475113 0.053435 0.176471
0 0.372021 0.253932 0.043013 0.089987
0 0.384988 0.292176 0.060091 0.105734
0 0.458995 0.201627 0.023404 0.046118
0 0.638004 0.217375 0.012018 0.055117
1 0.688924 0.226373 0.016446 0.052867
3 0.756289 0.287677 0.015814 0.083238
3 0.076837 0.350183 0.037826 0.122888
