1 0.810121 0.495361 0.014936 0.033312
1 0.237079 0.644342 0.038325 0.127449
0 0.585181 0.516965 0.030836 0.078513
0 0.910180 0.507760 0.022606 0.081076
0 0.781867 0.522750 0.026544 0.085237
0 0.445083 0.533118 0.021214 0.097001
0 0.931573 0.550648 0.022013 0.114609
3 0.753035 0.487801 0.018186 0.056917
0 0.436103 0.528684 0.021699 0.070101
0 0.567357 0.591668 0.056884 0.144297
0 0.629453 0.710789 0.053103 0.289199
2 0.672127 0.518804 0.009982 0.015532
0 0.661729 0.496246 0.026618 0.051772
0 0.649460 0.529158 0.040343 0.096887
3 0.269088 0.697269 0.056759 0.251478
