1 0.810459 0.495382 0.018021 0.037666
1 0.242456 0.664333 0.058955 0.126767
0 0.290667 0.601105 0.065927 0.157228
3 0.073983 0.759932 0.074902 0.323364
0 0.848435 0.567859 0.050542 0.146362
0 0.590711 0.619578 0.049897 0.153488
0 0.604522 0.527240 0.020681 0.088373
0 0.486888 0.523117 0.030412 0.087681
3 0.754018 0.499115 0.019240 0.061586
2 0.668668 0.599198 0.012651 0.019562
0 0.572962 0.568876 0.042353 0.119330
0 0.665918 0.516547 0.032452 0.075315
0 0.682694 0.607023 0.062704 0.148674
0 0.908742 0.528961 0.042918 0.108659
0 0.363692 0.597987 0.074007 0.134980
