1 0.259598 0.606039 0.030317 0.069280
0 0.629958 0.524448 0.021444 0.089118
0 0.447493 0.489395 0.017406 0.075833
0 0.486116 0.518791 0.027288 0.108971
0 0.365229 0.543290 0.027540 0.103587
0 0.600668 0.452963 0.013625 0.048059
0 0.588911 0.521289 0.016237 0.079399
1 0.679894 0.442385 0.009884 0.025934
3 0.188778 0.532705 0.025393 0.099469
0 0.584375 0.609124 0.066195 0.126769
0 0.626202 0.644050 0.061103 0.147466
0 0.498809 0.487729 0.020379 0.071741
0 0.390329 0.544371 0.042918 0.116420
3 0.745524 0.453110 0.018344 0.061866
