1 0.256772 0.584596 0.024252 0.074973
0 0.537003 0.528015 0.023616 0.096510
1 0.676904 0.437048 0.010606 0.032358
0 0.755611 0.491744 0.018523 0.070076
0 0.722355 0.461010 0.011848 0.061964
3 0.281374 0.513020 0.016479 0.097992
0 0.593559 0.459573 0.014430 0.054349
0 0.454346 0.469793 0.010354 0.069530
0 0.415109 0.480667 0.020913 0.078232
3 0.767686 0.448366 0.025096 0.050578
2 0.621166 0.469628 0.009566 0.017011
0 0.578394 0.429612 0.014220 0.040849
0 0.576616 0.477998 0.024885 0.076349
0 0.601091 0.454899 0.008204 0.045712
0 0.645953 0.454109 0.025788 0.057602
