1 0.230566 0.394071 0.031817 0.067522
0 0.440096 0.328549 0.033247 0.086867
0 0.371906 0.272886 0.019080 0.091788
0 0.256685 0.269158 0.019524 0.075133
1 0.688982 0.241141 0.013335 0.036054
0 0.279250 0.338684 0.022934 0.120218
0 0.351342 0.401351 0.029918 0.141666
0 0.413307 0.356190 0.023720 0.116352
0 0.603353 0.282253 0.027450 0.079244
3 0.068627 0.305774 0.028769 0.097619
3 0.729008 0.296380 0.020356 0.054299
0 0.478404 0.489876 0.092353 0.169362
0 0.486581 0.372691 0.049063 0.123173
0 0.319190 0.341898 0.049063 0.123173
