0 0.472776 0.465298 0.012109 0.059880
0 0.582126 0.451074 0.013541 0.049944
1 0.230460 0.571047 0.021283 0.116940
3 0.318174 0.491974 0.018773 0.073887
3 0.773564 0.443115 0.011803 0.048025
0 0.598764 0.455045 0.014471 0.055768
0 0.507739 0.488875 0.034102 0.084118
0 0.595505 0.511748 0.035752 0.085096
2 0.543252 0.459908 0.008251 0.014672
0 0.560028 0.443769 0.028602 0.052818
0 0.595716 0.435826 0.018322 0.043767
0 0.627711 0.430719 0.017228 0.043280
1 0.680701 0.438934 0.015410 0.031877
0 0.725081 0.458191 0.008751 0.052034
0 0.714689 0.466215 0.022971 0.064191
