1 0.242344 0.407401 0.032051 0.086088
0 0.338036 0.319524 0.024207 0.119969
3 0.542123 0.698571 0.062157 0.256199
0 0.558900 0.253033 0.016135 0.071979
1 0.672679 0.230407 0.014482 0.049664
0 0.213868 0.346122 0.022492 0.105981
0 0.373758 0.244977 0.017821 0.071575
1 0.213975 0.346265 0.023278 0.106892
0 0.243990 0.385526 0.045653 0.140849
2 0.256090 0.279889 0.012651 0.019562
0 0.321820 0.273042 0.030802 0.058687
0 0.319344 0.300919 0.025852 0.102702
0 0.299818 0.322926 0.034102 0.138893
0 0.483563 0.348041 0.026306 0.126730
0 0.461083 0.364201 0.047351 0.138637
0 0.506895 0.198916 0.014349 0.045929
3 0.563333 0.234214 0.017218 0.072296
