3 0.613835 0.602943 0.054280 0.196085
1 0.232653 0.619916 0.046056 0.194311
1 0.830484 0.498003 0.013609 0.041876
3 0.795392 0.486525 0.018003 0.055432
0 0.879600 0.542340 0.021663 0.112559
0 0.959004 0.498016 0.013852 0.059443
0 0.758753 0.481646 0.012690 0.050491
0 0.963411 0.502212 0.019857 0.045599
0 0.940036 0.498458 0.018763 0.052550
0 0.929639 0.509719 0.024548 0.068398
0 0.931672 0.517107 0.019975 0.088802
0 0.872580 0.494060 0.015932 0.063007
0 0.740148 0.514582 0.035768 0.081356
0 0.677138 0.519759 0.037847 0.097627
