0 0.544344 0.476158 0.011636 0.061798
0 0.657046 0.493350 0.016621 0.079759
0 0.136309 0.553148 0.018812 0.096167
1 0.225538 0.554834 0.024344 0.107073
1 0.679214 0.438601 0.009781 0.029967
3 0.099416 0.533884 0.031279 0.094430
2 0.163429 0.547466 0.012366 0.018110
0 0.160155 0.519008 0.034916 0.087962
0 0.432588 0.458267 0.026402 0.063578
0 0.503804 0.456178 0.029824 0.069852
0 0.557513 0.454372 0.016998 0.053380
0 0.566373 0.432505 0.013743 0.048235
0 0.660047 0.429728 0.015932 0.035098
0 0.659690 0.436071 0.014743 0.043555
3 0.736736 0.460386 0.019024 0.060047
