1 0.212367 0.611963 0.051539 0.185418
0 0.655362 0.497148 0.023536 0.067481
0 0.384521 0.628961 0.058507 0.185984
0 0.923028 0.506486 0.016070 0.079634
0 0.540050 0.558918 0.057876 0.124920
0 0.589436 0.505465 0.017079 0.062430
0 0.425891 0.542815 0.044875 0.096316
0 0.519102 0.516769 0.023180 0.070528
0 0.825199 0.503113 0.026143 0.077225
3 0.124319 0.609048 0.043324 0.152989
0 0.226470 0.563011 0.025460 0.091843
2 0.495980 0.539727 0.011639 0.014229
0 0.578510 0.572701 0.043525 0.111420
1 0.809560 0.498472 0.016262 0.034872
3 0.703380 0.486990 0.017218 0.051032
