1 0.260299 0.584665 0.026097 0.068756
0 0.457820 0.601011 0.032924 0.130561
0 0.373396 0.474526 0.015858 0.075289
0 0.543939 0.441250 0.012507 0.040214
0 0.483471 0.484695 0.026537 0.084333
0 0.523862 0.449205 0.011339 0.052459
1 0.675788 0.437709 0.011985 0.033252
3 0.197098 0.529881 0.017202 0.083476
3 0.716051 0.449748 0.021095 0.064678
0 0.488004 0.444404 0.024530 0.054806
0 0.447593 0.442167 0.020441 0.054806
0 0.395513 0.557631 0.049356 0.117520
0 0.659439 0.497384 0.035134 0.089256
2 0.716351 0.504848 0.009845 0.016048
0 0.725922 0.488801 0.031722 0.063705
