1 0.261464 0.564606 0.030271 0.111184
0 0.745820 0.462074 0.011323 0.056688
0 0.689308 0.438152 0.010037 0.035440
0 0.515375 0.435340 0.009956 0.044612
0 0.776559 0.475235 0.012270 0.066462
3 0.333582 0.488227 0.029729 0.093361
3 0.791270 0.437544 0.017458 0.047862
0 0.761941 0.453667 0.025706 0.047657
0 0.733774 0.450506 0.017502 0.049116
0 0.675390 0.456342 0.018869 0.058842
0 0.658298 0.441753 0.016955 0.054952
1 0.685833 0.443373 0.015010 0.018907
0 0.498842 0.473507 0.035222 0.078853
0 0.547115 0.451137 0.027989 0.055365
