1 0.810033 0.496047 0.016516 0.036191
1 0.210610 0.658125 0.037872 0.126920
0 0.630203 0.551975 0.027382 0.107032
0 0.598606 0.553806 0.045912 0.112728
0 0.448158 0.546631 0.036201 0.112390
0 0.257620 0.575546 0.022559 0.101165
0 0.196802 0.565835 0.025616 0.099358
0 0.269773 0.588104 0.037461 0.144302
0 0.250303 0.647905 0.077358 0.173805
2 0.313313 0.609816 0.008734 0.017750
0 0.303747 0.558044 0.037847 0.097627
0 0.316224 0.590217 0.042838 0.133867
3 0.682252 0.495256 0.010850 0.065599
0 0.677370 0.505868 0.016275 0.076532
