1 0.689184 0.241221 0.013298 0.032631
1 0.230531 0.371462 0.027081 0.090240
0 0.617182 0.250132 0.019579 0.071215
0 0.492114 0.232590 0.013869 0.065402
0 0.302606 0.249701 0.026225 0.076085
0 0.707640 0.253571 0.014074 0.053905
0 0.375175 0.244066 0.033002 0.072381
0 0.361699 0.303242 0.032452 0.079227
0 0.360874 0.364375 0.033002 0.131068
0 0.494807 0.337476 0.054453 0.130090
3 0.148257 0.281291 0.029871 0.090498
0 0.502441 0.195108 0.019419 0.052758
0 0.752199 0.333260 0.028464 0.096736
3 0.758524 0.262958 0.015814 0.052867
