1 0.224498 0.653185 0.039241 0.121976
1 0.807259 0.496731 0.016045 0.038865
0 0.515728 0.521998 0.018992 0.079220
0 0.387750 0.549313 0.023140 0.100979
0 0.531430 0.523206 0.025907 0.077594
0 0.318823 0.605102 0.028578 0.145695
3 0.286260 0.709276 0.061069 0.228507
0 0.352727 0.567457 0.056917 0.108869
0 0.472300 0.537689 0.031089 0.110570
0 0.467996 0.544918 0.053090 0.121627
0 0.514535 0.518549 0.012613 0.062143
3 0.693182 0.489069 0.013400 0.054465
0 0.708360 0.501226 0.019689 0.068082
0 0.711094 0.534295 0.039926 0.085588
