1 0.252839 0.582370 0.031830 0.079940
0 0.689953 0.456915 0.011427 0.057497
0 0.480074 0.514105 0.016152 0.086201
0 0.523894 0.460519 0.011420 0.060111
3 0.253787 0.516246 0.024005 0.081494
0 0.385814 0.483260 0.029097 0.077614
0 0.384723 0.514952 0.035644 0.097017
0 0.553747 0.430015 0.014548 0.046568
0 0.568295 0.464294 0.036371 0.076320
0 0.575361 0.422635 0.015724 0.039147
0 0.613256 0.419000 0.013523 0.039706
1 0.677028 0.436474 0.011645 0.029584
0 0.744232 0.442752 0.028369 0.062091
3 0.799880 0.444692 0.011639 0.050449
