0 0.475843 0.288523 0.033881 0.084805
1 0.237650 0.406069 0.038555 0.082071
0 0.351959 0.547584 0.079237 0.209483
0 0.395737 0.299549 0.033440 0.105000
0 0.694405 0.305463 0.021024 0.079437
0 0.557119 0.402941 0.043055 0.128293
0 0.649951 0.296633 0.018980 0.081466
0 0.614602 0.228421 0.012659 0.050633
3 0.232009 0.288140 0.027796 0.112229
1 0.700259 0.243060 0.014067 0.044152
2 0.402292 0.497830 0.016731 0.036220
0 0.488492 0.425391 0.065468 0.116420
0 0.368104 0.355538 0.069105 0.121595
0 0.701316 0.325863 0.014548 0.050449
3 0.790788 0.288996 0.017458 0.064678
