0 0.127190 0.381820 0.033516 0.122842
1 0.217312 0.381595 0.029880 0.080504
0 0.383187 0.325159 0.031189 0.092740
1 0.680878 0.236781 0.012919 0.056542
0 0.258966 0.295061 0.022125 0.102599
0 0.350792 0.356012 0.026403 0.122023
0 0.566680 0.316378 0.021741 0.097700
0 0.397945 0.280299 0.016519 0.074124
0 0.232309 0.336315 0.024318 0.103833
2 0.152136 0.346529 0.011551 0.019562
3 0.066274 0.342568 0.027606 0.121983
3 0.748063 0.321628 0.023233 0.096400
0 0.295415 0.328444 0.041748 0.112483
0 0.137596 0.293574 0.041115 0.067490
