1 0.238370 0.409999 0.041517 0.074781
0 0.610866 0.458112 0.036907 0.152474
0 0.368463 0.408764 0.040020 0.131720
0 0.295867 0.326072 0.035123 0.103161
0 0.318665 0.297525 0.019285 0.082293
3 0.568067 0.227193 0.014673 0.072986
0 0.691329 0.301788 0.016049 0.070119
1 0.692173 0.240347 0.014430 0.041550
0 0.447309 0.549670 0.087722 0.209160
3 0.558524 0.720588 0.055980 0.233032
0 0.547710 0.595023 0.064885 0.167421
2 0.236641 0.721719 0.012723 0.027149
0 0.178753 0.626697 0.064885 0.221719
0 0.454234 0.287911 0.032734 0.087962
0 0.430956 0.296319 0.040008 0.109953
