1 0.237175 0.407330 0.031866 0.073844
0 0.341904 0.306958 0.034057 0.091014
1 0.692554 0.240704 0.015117 0.039999
0 0.311178 0.283417 0.025387 0.086587
0 0.643039 0.512134 0.027463 0.121120
0 0.693291 0.304262 0.021554 0.072020
0 0.497000 0.430012 0.035796 0.138300
0 0.200382 0.664027 0.087786 0.228507
2 0.300891 0.875566 0.021628 0.040724
0 0.592875 0.489819 0.053435 0.165158
0 0.655216 0.415158 0.030534 0.097285
0 0.464531 0.263331 0.026769 0.068429
0 0.482098 0.291595 0.035134 0.095206
3 0.577045 0.227629 0.022586 0.065454
3 0.556652 0.687810 0.085242 0.253394
