1 0.251894 0.583728 0.029420 0.090237
3 0.318056 0.701578 0.045002 0.198189
0 0.474659 0.533864 0.025702 0.094678
0 0.641613 0.495364 0.013615 0.082154
0 0.345373 0.513146 0.031886 0.082255
0 0.470285 0.473259 0.015149 0.062838
0 0.688968 0.452793 0.013262 0.058513
1 0.675410 0.438469 0.012477 0.031803
3 0.629245 0.427375 0.014973 0.045115
0 0.541281 0.461766 0.046166 0.042897
0 0.550431 0.464354 0.027034 0.071741
0 0.578695 0.469476 0.028602 0.068468
0 0.567969 0.574135 0.040153 0.125199
0 0.326426 0.480897 0.022328 0.065990
