1 0.211772 0.659403 0.047577 0.139948
0 0.252149 0.595738 0.062242 0.148040
0 0.615084 0.535020 0.029104 0.089454
0 0.354691 0.585737 0.056406 0.161293
0 0.658296 0.511474 0.024489 0.084470
0 0.636900 0.747024 0.116163 0.304176
0 0.560975 0.549167 0.046349 0.132024
0 0.423237 0.563724 0.067708 0.155048
0 0.801753 0.526736 0.027738 0.092857
3 0.707368 0.491263 0.023495 0.072945
3 0.030632 0.787101 0.061263 0.288356
0 0.784278 0.813467 0.084128 0.365034
0 0.895176 0.586348 0.062558 0.135824
1 0.821342 0.497092 0.016731 0.032339
