0 0.368776 0.228919 0.017323 0.067138
0 0.563101 0.335687 0.024978 0.113580
0 0.321887 0.257564 0.022389 0.077709
1 0.239856 0.379090 0.031436 0.081749
1 0.686588 0.236721 0.014946 0.036613
0 0.485386 0.308173 0.031565 0.099249
0 0.473415 0.271364 0.017540 0.081494
0 0.549315 0.240265 0.023284 0.060727
3 0.760806 0.280306 0.013489 0.062578
0 0.524329 0.218478 0.013053 0.060040
3 0.216284 0.283411 0.020472 0.095988
0 0.545849 0.225587 0.016353 0.050891
0 0.627143 0.248236 0.024844 0.054806
0 0.583744 0.292696 0.029247 0.082208
