0 0.468132 0.236899 0.014015 0.063880
1 0.236807 0.376991 0.030378 0.082118
0 0.488186 0.279948 0.043014 0.097057
1 0.688977 0.240970 0.012710 0.036402
3 0.121777 0.283731 0.031419 0.097228
0 0.217932 0.292291 0.020732 0.089080
0 0.645594 0.398535 0.032255 0.123017
0 0.315368 0.285021 0.040990 0.096694
0 0.388063 0.351852 0.042329 0.138569
0 0.630491 0.242365 0.032709 0.070140
0 0.475996 0.229121 0.015190 0.052736
0 0.564421 0.277356 0.036527 0.072030
3 0.734838 0.282690 0.018653 0.069744
0 0.502034 0.223100 0.022698 0.055924
