1 0.233842 0.408726 0.029656 0.073002
0 0.400027 0.290037 0.024141 0.105243
1 0.693446 0.239118 0.012936 0.035955
0 0.612286 0.357833 0.024186 0.106622
0 0.648792 0.307212 0.022183 0.083161
0 0.334063 0.285714 0.018298 0.086210
0 0.151399 0.487557 0.061069 0.151584
0 0.153944 0.559955 0.048346 0.196833
2 0.145038 0.661765 0.015267 0.024887
0 0.319975 0.538462 0.090331 0.194570
3 0.178753 0.856335 0.092875 0.264706
0 0.309341 0.328783 0.039281 0.098311
0 0.316615 0.373411 0.043645 0.125475
3 0.517758 0.213197 0.015551 0.059811
0 0.521736 0.231847 0.019891 0.063670
