1 0.259177 0.567951 0.034974 0.088952
0 0.576503 0.469897 0.013403 0.065081
0 0.547339 0.495968 0.029649 0.078452
0 0.512879 0.442647 0.013789 0.049858
0 0.598851 0.447498 0.010815 0.045913
3 0.210690 0.532353 0.028464 0.096736
0 0.423591 0.459207 0.028697 0.056986
0 0.446549 0.474516 0.040176 0.056986
0 0.546098 0.436897 0.016998 0.050807
0 0.565085 0.450081 0.015190 0.055309
0 0.577743 0.446222 0.013743 0.052736
0 0.672361 0.436452 0.016668 0.051450
1 0.679123 0.438968 0.010063 0.032995
3 0.750825 0.440367 0.013837 0.049213
