3 0.124753 0.797193 0.090191 0.357625
1 0.819522 0.496136 0.016205 0.042926
0 0.226287 0.566029 0.029391 0.082098
0 0.077231 0.690396 0.054122 0.203510
0 0.390840 0.566057 0.035231 0.126974
0 0.188691 0.565174 0.030925 0.092119
1 0.222822 0.653638 0.063807 0.126552
0 0.404414 0.540018 0.019352 0.081212
0 0.282797 0.548744 0.036371 0.080201
0 0.283888 0.612775 0.058921 0.151346
0 0.649283 0.503774 0.018555 0.063194
0 0.648812 0.539006 0.053462 0.104578
3 0.666580 0.495945 0.015410 0.058720
0 0.531824 0.599068 0.078105 0.171170
