1 0.217022 0.617941 0.036924 0.177632
0 0.741265 0.504552 0.015783 0.064379
0 0.675188 0.513964 0.023752 0.088249
3 0.620530 0.589773 0.044664 0.173701
0 0.782955 0.489929 0.016518 0.056481
1 0.824392 0.497832 0.019226 0.043534
3 0.799397 0.483716 0.013270 0.055610
0 0.858284 0.494437 0.016749 0.063246
0 0.863959 0.538339 0.023244 0.096773
0 0.887477 0.496518 0.020510 0.055924
0 0.882555 0.507946 0.021057 0.052520
0 0.898415 0.493600 0.017228 0.061760
0 0.915097 0.497004 0.017775 0.063705
0 0.902517 0.514268 0.015041 0.079753
