1 0.236199 0.573750 0.022838 0.105621
0 0.545158 0.442020 0.010688 0.044439
3 0.755989 0.438110 0.013035 0.052831
3 0.274085 0.493709 0.024037 0.084363
0 0.415774 0.482461 0.017711 0.091112
1 0.675449 0.439150 0.012061 0.026625
0 0.665051 0.459119 0.025370 0.056209
0 0.518281 0.437317 0.016998 0.045662
0 0.582837 0.436995 0.010126 0.032156
0 0.592783 0.452431 0.015551 0.045019
0 0.581571 0.463685 0.021338 0.064956
0 0.687530 0.435327 0.010850 0.040517
0 0.697476 0.437257 0.014828 0.045662
0 0.690966 0.481632 0.019891 0.075246
