0 0.260991 0.628714 0.042428 0.132912
0 0.342810 0.528112 0.051628 0.081230
0 0.640368 0.493152 0.018795 0.080175
0 0.478293 0.508158 0.028708 0.094487
0 0.429859 0.466138 0.016553 0.061937
1 0.680316 0.442166 0.010651 0.026313
0 0.527060 0.459503 0.012537 0.056249
3 0.114686 0.542479 0.026163 0.100469
1 0.238633 0.586080 0.030018 0.072673
0 0.239176 0.537524 0.025316 0.069458
2 0.269002 0.541182 0.010121 0.014623
0 0.278174 0.511936 0.029729 0.086612
0 0.480444 0.468473 0.035872 0.070595
0 0.584618 0.482064 0.032046 0.078249
3 0.714895 0.467062 0.019251 0.069446
