0 0.442315 0.221954 0.023944 0.069660
0 0.667988 0.264074 0.016425 0.060304
0 0.232426 0.322253 0.030931 0.108802
0 0.539816 0.271792 0.018118 0.078874
1 0.229344 0.398012 0.030384 0.054137
0 0.418942 0.265155 0.017808 0.088842
0 0.466391 0.406261 0.051908 0.107634
0 0.750418 0.294393 0.017292 0.064368
3 0.361323 0.581448 0.139949 0.230769
0 0.282967 0.387530 0.048519 0.135371
2 0.635984 0.545959 0.013385 0.023801
0 0.098302 0.383506 0.053103 0.106236
1 0.692947 0.233004 0.014382 0.057053
3 0.535850 0.203494 0.023233 0.060988
