1 0.234676 0.357366 0.031449 0.124181
0 0.631020 0.248139 0.013198 0.049631
0 0.568714 0.241084 0.013553 0.067676
0 0.699859 0.305587 0.019956 0.063414
0 0.809728 0.304102 0.013204 0.061078
0 0.808938 0.295354 0.011573 0.049521
0 0.748903 0.330726 0.015190 0.077818
0 0.654663 0.218899 0.009041 0.042446
0 0.661354 0.230153 0.010126 0.044376
0 0.696977 0.241730 0.013381 0.052093
0 0.723559 0.261988 0.010126 0.046305
1 0.702944 0.247839 0.018083 0.033443
3 0.818909 0.277965 0.009024 0.042308
3 0.496634 0.227992 0.020241 0.077614
