1 0.243230 0.656009 0.063606 0.146944
1 0.810285 0.494331 0.016725 0.037174
0 0.382084 0.630002 0.067758 0.176882
0 0.650061 0.542035 0.023697 0.086562
0 0.441354 0.571604 0.053652 0.139492
0 0.556539 0.550163 0.026281 0.100703
3 0.061210 0.851134 0.102524 0.297732
0 0.353331 0.536999 0.021941 0.078270
0 0.362493 0.606652 0.041758 0.128317
0 0.380883 0.535524 0.025780 0.080670
3 0.725397 0.497346 0.018915 0.068859
0 0.547045 0.564216 0.045207 0.124767
2 0.671526 0.569007 0.008223 0.014623
0 0.668048 0.555509 0.046808 0.100110
0 0.907780 0.563945 0.029097 0.116983
