1 0.247706 0.373599 0.031302 0.078452
0 0.496349 0.227007 0.019362 0.059694
3 0.579071 0.420991 0.032615 0.151720
1 0.689290 0.238436 0.013289 0.034582
0 0.423489 0.224741 0.015879 0.060297
0 0.521716 0.268283 0.019741 0.085773
0 0.653923 0.247006 0.013299 0.053118
0 0.791731 0.312193 0.015055 0.052440
0 0.646394 0.258647 0.019119 0.075776
0 0.563485 0.196644 0.012810 0.048807
0 0.582871 0.207807 0.020379 0.041417
0 0.663440 0.230258 0.013837 0.041943
0 0.683724 0.228581 0.008491 0.035232
3 0.671145 0.213481 0.010378 0.038588
