1 0.236705 0.583168 0.025692 0.084391
1 0.677190 0.437778 0.010265 0.034250
0 0.653688 0.468729 0.011480 0.060416
0 0.591765 0.512896 0.020390 0.080525
0 0.633963 0.440511 0.011164 0.041775
3 0.157680 0.529455 0.019680 0.095148
0 0.343982 0.470277 0.012749 0.064569
3 0.742183 0.452922 0.028442 0.066942
2 0.498987 0.524125 0.011001 0.022497
0 0.481111 0.496249 0.046753 0.072381
0 0.484961 0.461526 0.022551 0.063578
0 0.403281 0.489402 0.050603 0.072381
0 0.533639 0.478643 0.044003 0.060643
0 0.551240 0.436584 0.019801 0.056731
0 0.589743 0.456635 0.025302 0.061621
