2 0.1824696796875 0.7062868375 0.17750826875 0.672888015625 0.175854465625 0.6689587421875001 0.173098125 0.6768172890625 0.1708930546875 0.6689587421875001 0.1780595375 0.712180746875 0.1830209484375 0.7200392921875001 0.18963616249999998 0.7200392921875001 0.1824696796875 0.7062868375
2 0.66482910625 0.9528487234374999 0.6560088203125 0.9567779953125 0.6394707828125 0.97347740625 0.6389195156249999 0.980353634375 0.642227121875 0.9813359531250001 0.6637265718750001 0.9587426328124999 0.66482910625 0.9528487234374999
1 0.5347298781250001 0.6060903734374999 0.5347298781250001 0.6178781921875001 0.5319735390625 0.62671905625 0.539140021875 0.633595284375 0.5363836828124999 0.6434184671875001 0.5385887546875 0.646365421875 0.5446527015625 0.646365421875 0.5474090406250001 0.6434184671875001 0.542998896875 0.609037328125 0.5441014328125 0.5943025546875 0.5463065046875 0.58840864375 0.5457552375 0.5677799609374999 0.539691290625 0.546168959375 0.5347298781250001 0.5363457765625 0.5336273421875 0.52652259375 0.526460859375 0.52652259375 0.5259095921875 0.53732809375 0.5297684671875 0.56286836875 0.5303197359375 0.59037328125 0.5347298781250001 0.6060903734374999
1 0.8197353906249999 0.65324165 0.80981256875 0.6748526515625 0.8054024249999999 0.6895874265625 0.8070562296875 0.6935167 0.8109151046875 0.6935167 0.8142227125 0.6886051078125 0.8219404625 0.6630648328125 0.828004409375 0.661100196875 0.83020948125 0.6660117875 0.83020948125 0.684675834375 0.8274531421875 0.7170923375 0.8307607499999999 0.722986246875 0.8335170890624999 0.7200392921875001 0.83517089375 0.6915520625 0.83902976875 0.6817288796875001 0.8406835718749999 0.65324165 0.8484013234375001 0.6257367390625 0.8500551265625 0.6110019640625 0.83902976875 0.5795677796875001 0.83517089375 0.576620825 0.8318632859375 0.583497053125 0.8313120171874999 0.5923379171875001 0.8257993390625 0.6051080546875001 0.8230429984375001 0.622789784375 0.8241455343749999 0.6316306484374999 0.8208379265625 0.64145383125 0.8197353906249999 0.65324165
1 0.26791620781250003 0.761296659375 0.26405733124999997 0.78192534375 0.2557883125 0.7986247546875 0.25633958125 0.8035363453125001 0.26130099218749997 0.7996070734375 0.2635060640625 0.801571709375 0.2651598671875 0.8133595281250001 0.26901874375 0.8143418468749999 0.2734288859375 0.7956778 0.27287761875 0.777013753125 0.274531421875 0.7721021609375 0.2850055125 0.7652259328125 0.28941565625 0.75638506875 0.29272326406250004 0.724950884375 0.29603087031249997 0.7200392921875001 0.30154355 0.723968565625 0.3048511578125 0.723968565625 0.30595369375 0.7200392921875001 0.2982359421875 0.7062868375 0.2866593171875 0.6935167 0.2850055125 0.678781925 0.278941565625 0.6777996078124999 0.2778390296875 0.6886051078125 0.2701212796875 0.7062868375 0.26791620781250003 0.7200392921875001 0.2574421171875 0.7416502953124999 0.2590959203125 0.7455795671875001 0.26405733124999997 0.737721021875 0.26901874375 0.736738703125 0.26791620781250003 0.761296659375
1 0 0.98821218125 0.0033076078124999997 0.99901768125 0.027012128125 0.99901768125 0.030871003125 0.9774066796875 0.039691290625 0.9636542234375 0.045755237500000004 0.94891945 0.0380374859375 0.91159135625 0.031422271875000005 0.9106090375000001 0.025358323437500004 0.9194499015625001 0.0214994484375 0.9106090375000001 0.01212789375 0.9106090375000001 0.008269018749999999 0.9155206281250001 0.0077177515625 0.92436149375 0.0055126796875 0.9273084484374999 0.0077177515625 0.9390962671875001 0.0027563390625 0.94891945 0 0.9616895875000001 0 0.98821218125
1 0.12458654843750001 0.6434184671875001 0.121830209375 0.6493123765625 0.121830209375 0.659135559375 0.128445425 0.667976425 0.133958103125 0.667976425 0.1372657109375 0.6640471515625 0.136163175 0.6571709234374999 0.1378169796875 0.65324165 0.138368246875 0.6385068765625 0.1433296578125 0.6237721015625 0.15159867656249998 0.609037328125 0.15159867656249998 0.596267190625 0.1433296578125 0.570726915625 0.1416758546875 0.5677799609374999 0.136163175 0.5677799609374999 0.13175303124999999 0.576620825 0.13175303124999999 0.58840864375 0.12568908437499998 0.6021611 0.12403528125 0.6178781921875001 0.121830209375 0.622789784375 0.122381478125 0.63948919375 0.12458654843750001 0.6434184671875001
1 0.8836824703125 0.6777996078124999 0.8814773984375 0.6886051078125 0.8853362734375001 0.6944990171875001 0.882579934375 0.711198428125 0.890848953125 0.712180746875 0.8936052921875 0.711198428125 0.894707828125 0.7072691546875001 0.8919514890625001 0.6581532421875 0.8996692390625001 0.634577603125 0.8991179718750001 0.6051080546875001 0.885887540625 0.56286836875 0.8809261296875001 0.56286836875 0.8787210578125 0.5667976421875001 0.8820286656249999 0.6188605109374999 0.8820286656249999 0.6316306484374999 0.8792723265625 0.648330059375 0.8836824703125 0.6777996078124999
1 0.22160970156249998 0.99901768125 0.22160970156249998 0.97544204375 0.2205071671875 0.969548134375 0.21389195156250002 0.9616895875000001 0.21444321875 0.943025540625 0.212789415625 0.9361493125000001 0.2039691296875 0.9361493125000001 0.200661521875 0.9440078578125 0.200661521875 0.9616895875000001 0.1912899671875 0.9783889984374999 0.1912899671875 0.99901768125 0.22160970156249998 0.99901768125
1 0.12624035312499998 0.7151277015625 0.1267916203125 0.7200392921875001 0.1328555671875 0.7288801578124999 0.13506063906250002 0.7278978390625 0.1378169796875 0.710216109375 0.14718853437499999 0.6935167 0.14939360468750001 0.7062868375 0.15711135625 0.7072691546875001 0.15711135625 0.697445971875 0.15214994531249998 0.6807465625 0.1527012125 0.6620825140625 0.1642778390625 0.6571709234374999 0.1681367140625 0.65225933125 0.16482910625 0.633595284375 0.16482910625 0.610019646875 0.1664829109375 0.6021611 0.165380375 0.5943025546875 0.1604189640625 0.5933202359374999 0.1527012125 0.6060903734374999 0.1449834625 0.620825146875 0.1378169796875 0.64145383125 0.136163175 0.6640471515625 0.138919515625 0.6699410609374999 0.138368246875 0.686640471875 0.12624035312499998 0.7151277015625
1 0.1372657109375 0.9616895875000001 0.134509371875 0.9557956781250001 0.134509371875 0.9459724953125 0.138368246875 0.9361493125000001 0.1378169796875 0.923379175 0.13009922812500002 0.9194499015625001 0.12293274531250001 0.928290765625 0.12072767343749999 0.9400785859375 0.10859977968750001 0.9656188609375 0.10749724375 0.979371315625 0.10749724375 0.99901768125 0.1328555671875 0.99901768125 0.1372657109375 0.974459725 0.1372657109375 0.9616895875000001
1 0.49503858906250003 0.65225933125 0.49558985624999996 0.6650294703124999 0.50826901875 0.6660117875 0.5088202859375001 0.647347740625 0.506615215625 0.6326129671875 0.50826901875 0.5795677796875001 0.5 0.56483300625 0.49503858906250003 0.5491159140625 0.49117971406249994 0.5471512765625001 0.4884233734375 0.55009823125 0.49007717812499996 0.583497053125 0.4884233734375 0.6188605109374999 0.49117971406249994 0.6453831046875 0.49503858906250003 0.65225933125
1 0.6912899671875 0.92239685625 0.6852260203125 0.9322200390625 0.6852260203125 0.93713163125 0.6874310921875 0.943025540625 0.69404630625 0.9459724953125 0.6951488421875001 0.9518664046875 0.6819184125 0.97544204375 0.679713340625 0.995088409375 0.6808158765625001 0.99901768125 0.6912899671875 0.99901768125 0.6912899671875 0.9872298625000001 0.6934950390625 0.9833005890625 0.7028665937499999 0.9813359531250001 0.7155457546874999 0.99901768125 0.721058434375 0.99901768125 0.7221609703125 0.979371315625 0.7183020953125 0.9597249515625 0.717199559375 0.9390962671875001 0.7138919515625 0.9263261296874999 0.7122381484375 0.9066797640625 0.708930540625 0.8998035359375001 0.7083792718749999 0.8929273078125 0.700110253125 0.8791748531250001 0.69790518125 0.8634577609375 0.691841234375 0.8555992140625 0.6885336265625 0.8555992140625 0.6868798234375 0.8595284875000001 0.6868798234375 0.877210215625 0.6896361625 0.8850687625000001 0.6885336265625 0.902750490625 0.6912899671875 0.92239685625