2 0.212789415625 0.8241650296874999 0.20948180781249998 0.8222003921875001 0.20562293281250002 0.826129665625 0.192392503125 0.84577603125 0.1764057328125 0.851669940625 0.175303196875 0.8555992140625 0.1780595375 0.8595284875000001 0.1934950390625 0.8555992140625 0.212789415625 0.8241650296874999
2 0.5650496140625 0.7583497046875001 0.5771775078125 0.7406679765625 0.5771775078125 0.736738703125 0.57056229375 0.736738703125 0.5689084890625 0.7416502953124999 0.563947078125 0.74361493125 0.551819184375 0.7406679765625 0.5507166484375 0.74459725 0.5529217203125001 0.7524557953125 0.5606394703124999 0.7583497046875001 0.5650496140625 0.7583497046875001
2 0.5865490624999999 0.7200392921875001 0.5865490624999999 0.723968565625 0.5904079375 0.722986246875 0.5937155453125 0.7161100203124999 0.60363836875 0.711198428125 0.609151046875 0.699410609375 0.609151046875 0.6944990171875001 0.6052921718750001 0.6954813359375 0.599228225 0.7062868375 0.592613009375 0.712180746875 0.5915104734375001 0.71807465625 0.5865490624999999 0.7200392921875001
2 0.539691290625 0.6188605109374999 0.535281146875 0.620825146875 0.5253583234375 0.6434184671875001 0.5259095921875 0.65324165 0.5380374859375 0.6296660125 0.5402425578125001 0.622789784375 0.539691290625 0.6188605109374999
2 0.5738699 0.57563850625 0.57056229375 0.5746561890625 0.5600882031250001 0.5854616890625 0.5606394703124999 0.5923379171875001 0.5689084890625 0.5913555984375 0.5738699 0.584479371875 0.5738699 0.57563850625
1 0.8158765156250001 0.5383104125 0.816427784375 0.5618860515625 0.8197353906249999 0.56286836875 0.8224917312500001 0.5471512765625001 0.820286659375 0.520628684375 0.8241455343749999 0.493123771875 0.832414553125 0.49115913593749994 0.8434399125 0.50098231875 0.8484013234375001 0.5 0.8500551265625 0.495088409375 0.834619625 0.468565815625 0.8313120171874999 0.4332023578125 0.8252480703125 0.4184675828125 0.8180815875 0.4106090375 0.8153252484375001 0.39685658125 0.8081587656250001 0.3939096265625 0.8031973546875 0.402750490625 0.8054024249999999 0.4184675828125 0.799889746875 0.4312377203125 0.799889746875 0.4646365421875 0.807607496875 0.482318271875 0.80981256875 0.52652259375 0.8158765156250001 0.5383104125
1 0.47353914062499997 0.5795677796875001 0.47353914062499997 0.584479371875 0.476846746875 0.58840864375 0.4823594265625 0.58840864375 0.49558985624999996 0.55108055 0.5154355015625 0.5540275046875001 0.518191840625 0.55009823125 0.5214994484375 0.53732809375 0.5226019843749999 0.5127701375 0.5242557890625 0.5088408640625001 0.5220507171875 0.494106090625 0.5242557890625 0.4774066796875 0.5214994484375 0.469548134375 0.5154355015625 0.469548134375 0.509922821875 0.48526522656250004 0.5011025359375 0.4872298625 0.49834619687500004 0.495088409375 0.4928335171875 0.50098231875 0.49117971406249994 0.5402750484375 0.4840132296875 0.5559921421875 0.48070562343749995 0.5726915515625 0.47353914062499997 0.5795677796875001
1 0.32249173125 0.6237721015625 0.3208379265625 0.6365422390625 0.3131201765625 0.65225933125 0.3070562296875 0.6768172890625 0.3042998890625 0.6817288796875001 0.305402425 0.6915520625 0.3114663734375 0.6886051078125 0.319735390625 0.661100196875 0.33461962500000003 0.635559921875 0.3434399125 0.633595284375 0.3472987875 0.6110019640625 0.35611907343750004 0.58840864375 0.35777287812499997 0.5677799609374999 0.35556780625 0.5550098234374999 0.353362734375 0.55206286875 0.35611907343750004 0.5402750484375 0.35556780625 0.52652259375 0.3500551265625 0.5216110015625001 0.3434399125 0.52455795625 0.3401323046875 0.5343811390625001 0.33902976875 0.545186640625 0.33020948125 0.5550098234374999 0.32249173125 0.576620825 0.3219404625 0.584479371875 0.326901875 0.6021611 0.32579933906249997 0.616895875 0.32249173125 0.6237721015625
1 0.32414553437500004 0.7681728875 0.32469680312500004 0.78192534375 0.32635060625 0.7848722984375 0.33076075 0.7838899796875001 0.33186328593750003 0.763261296875 0.33572216093749996 0.74361493125 0.33902976875 0.735756384375 0.33902976875 0.729862475 0.3417861078125 0.723968565625 0.3434399125 0.710216109375 0.34840132343749997 0.7033398828124999 0.3522601984375 0.7033398828124999 0.3605292171875 0.712180746875 0.3605292171875 0.729862475 0.353362734375 0.776031434375 0.35777287812499997 0.78192534375 0.36659316406250003 0.7838899796875001 0.36769569999999996 0.78192534375 0.36328555625000003 0.7652259328125 0.3649393609375 0.7465618859375 0.369349503125 0.729862475 0.369349503125 0.7033398828124999 0.366041896875 0.6768172890625 0.366041896875 0.661100196875 0.3732083796875 0.64243615 0.3748621828125 0.6178781921875001 0.374310915625 0.6060903734374999 0.369349503125 0.597249509375 0.369349503125 0.5726915515625 0.36659316406250003 0.5687622796875 0.3605292171875 0.5677799609374999 0.35777287812499997 0.5746561890625 0.35556780625 0.596267190625 0.34785005468749997 0.6110019640625 0.34288864375 0.647347740625 0.33902976875 0.6571709234374999 0.3373759640625 0.7062868375 0.33020948125 0.73084479375 0.3291069453125 0.748526521875 0.32414553437500004 0.7681728875
1 0.766262403125 0.7200392921875001 0.768467475 0.7170923375 0.76901874375 0.7200392921875001 0.7701212796875 0.7151277015625 0.7761852265625 0.712180746875 0.7850055125 0.711198428125 0.7855567812500001 0.7161100203124999 0.7822491734375 0.7200392921875001 0.7822491734375 0.7328094296875001 0.7839029765625 0.7426326125 0.791069459375 0.75638506875 0.8252480703125 0.75638506875 0.8274531421875 0.750491159375 0.8274531421875 0.7416502953124999 0.8175303203125001 0.7328094296875001 0.8158765156250001 0.7269155203125 0.820286659375 0.711198428125 0.820286659375 0.699410609375 0.807607496875 0.647347740625 0.7965821390625 0.6316306484374999 0.795479603125 0.6188605109374999 0.7899669234375 0.6110019640625 0.7822491734375 0.610019646875 0.778941565625 0.6188605109374999 0.783351709375 0.6444007859374999 0.78059536875 0.6827111984374999 0.7778390296875 0.6935167 0.766262403125 0.7200392921875001
1 0.59536935 0.660117878125 0.5937155453125 0.6807465625 0.5865490624999999 0.7023575640625 0.59095920625 0.7033398828124999 0.601433296875 0.6777996078124999 0.6052921718750001 0.678781925 0.609151046875 0.6915520625 0.6085997796875 0.722986246875 0.6047409046875 0.7328094296875001 0.605843440625 0.74459725 0.621830209375 0.7573673875 0.617971334375 0.7681728875 0.6245865484374999 0.775049115625 0.625689084375 0.7838899796875001 0.6334068359375 0.7838899796875001 0.6389195156249999 0.770137525 0.6389195156249999 0.7573673875 0.6378169796875001 0.7534381140625 0.6295479609375 0.751473478125 0.6229327453125 0.7269155203125 0.6229327453125 0.719056975 0.630099228125 0.6944990171875001 0.630099228125 0.6777996078124999 0.6267916203125 0.6709233796875 0.6251378171875001 0.6561886046875001 0.6196251375 0.63948919375 0.6130099234374999 0.627701375 0.5997794921875 0.622789784375 0.59536935 0.6051080546875001 0.5898566703125 0.6041257375 0.5865490624999999 0.6070726921875 0.5865490624999999 0.622789784375 0.5904079375 0.6306483296875001 0.59095920625 0.647347740625 0.59536935 0.660117878125
1 0.1130099234375 0.6650294703124999 0.1163175296875 0.6827111984374999 0.1157662625 0.6915520625 0.10749724375 0.7033398828124999 0.10804851093750001 0.7092337921875 0.122381478125 0.711198428125 0.12458654843750001 0.7072691546875001 0.12293274531250001 0.6404715125 0.12624035312499998 0.6296660125 0.13009922812500002 0.6306483296875001 0.1328555671875 0.6365422390625 0.134509371875 0.6581532421875 0.138368246875 0.6699410609374999 0.14057331875 0.6905697453124999 0.150496140625 0.6895874265625 0.15159867656249998 0.6807465625 0.1438809265625 0.66699410625 0.1433296578125 0.646365421875 0.138919515625 0.6296660125 0.138919515625 0.59037328125 0.14057331875 0.58840864375 0.142778390625 0.5913555984375 0.1477398015625 0.5913555984375 0.1477398015625 0.5559921421875 0.1438809265625 0.5530451859375 0.138368246875 0.5422396859374999 0.13009922812500002 0.53732809375 0.128445425 0.5216110015625001 0.1251378171875 0.519646365625 0.117420065625 0.52455795625 0.113561190625 0.5412573671875001 0.100882028125 0.56483300625 0.0997794921875 0.584479371875 0.1102535828125 0.5933202359374999 0.1130099234375 0.633595284375 0.1130099234375 0.6650294703124999
1 0.5170893046875 0.698428290625 0.5198456453125 0.6944990171875001 0.5214994484375 0.6630648328125 0.5242557890625 0.6512770140625 0.5259095921875 0.627701375 0.535281146875 0.6129666015625 0.539140021875 0.6149312375 0.5402425578125001 0.620825146875 0.5463065046875 0.6296660125 0.5507166484375 0.6444007859374999 0.5529217203125001 0.6640471515625 0.5562293281249999 0.673870334375 0.55788313125 0.698428290625 0.5678059531249999 0.697445971875 0.5689084890625 0.6935167 0.56174200625 0.673870334375 0.559536934375 0.6385068765625 0.5562293281249999 0.62868369375 0.551819184375 0.596267190625 0.5523704515625 0.576620825 0.5562293281249999 0.576620825 0.5573318640625 0.571709234375 0.555678059375 0.55009823125 0.551819184375 0.5343811390625001 0.5446527015625 0.5294695484374999 0.5402425578125001 0.5216110015625001 0.5418963609375 0.5157170921875001 0.5418963609375 0.5039292734374999 0.5402425578125001 0.50098231875 0.53693495 0.49803536406250004 0.5303197359375 0.5 0.52866593125 0.5235756390625 0.5220507171875 0.533398821875 0.518191840625 0.55009823125 0.5226019843749999 0.5913555984375 0.514332965625 0.6512770140625 0.5126791625 0.697445971875 0.5170893046875 0.698428290625
1 0.5126791625 0.482318271875 0.5126791625 0.474459725 0.5198456453125 0.46561886093749993 0.518743109375 0.45284872343749993 0.509922821875 0.443025540625 0.506063946875 0.43222003906250006 0.5 0.4312377203125 0.49558985624999996 0.43811394843749996 0.49503858906250003 0.481335953125 0.5033076078125001 0.48624754374999996 0.5110253578124999 0.48526522656250004 0.5126791625 0.482318271875
1 0.22601984531250002 0.7996070734375 0.23042998906249998 0.800589390625 0.2403528109375 0.7838899796875001 0.2431091515625 0.787819253125 0.2431091515625 0.8634577609375 0.2403528109375 0.8683693515625001 0.2403528109375 0.8889980359375 0.2431091515625 0.902750490625 0.2431091515625 0.9135559921875 0.24145534687499998 0.92239685625 0.23925027499999998 0.92436149375 0.23869900781250003 0.9322200390625 0.24145534687499998 0.9361493125000001 0.24862182968750002 0.9361493125000001 0.2508269015625 0.9312377203125 0.24917309843750002 0.9214145390624999 0.2508269015625 0.8929273078125 0.24917309843750002 0.8654223968749999 0.257993384375 0.8379174859375 0.26130099218749997 0.8388998031250001 0.26460859999999997 0.84577603125 0.26901874375 0.872298625 0.27177508281249996 0.878192534375 0.2734288859375 0.8899803531250001 0.27232635 0.9066797640625 0.2739801546875 0.9135559921875 0.2822491734375 0.9145383109375 0.2816979046875 0.902750490625 0.27949283281250004 0.89685658125 0.28059536875 0.8811394890625 0.2778390296875 0.85854616875 0.2739801546875 0.84577603125 0.275082690625 0.8104125734375 0.27067254687500003 0.761296659375 0.27232635 0.7583497046875001 0.2761852265625 0.7583497046875001 0.29272326406250004 0.79469548125 0.295479603125 0.788801571875 0.2899669234375 0.7662082515625 0.274531421875 0.7328094296875001 0.2701212796875 0.724950884375 0.2568908484375 0.7141453828125 0.2568908484375 0.697445971875 0.2546857765625 0.6905697453124999 0.24751929375 0.6895874265625 0.2431091515625 0.6954813359375 0.24366041875 0.723968565625 0.2342888640625 0.7416502953124999 0.233737596875 0.7711198421875001 0.22932745312499997 0.787819253125 0.22601984531250002 0.7927308453124999 0.22601984531250002 0.7996070734375