2 0.4536934953125 0.52455795625 0.4597574421875 0.532416503125 0.4614112453125 0.5275049109375 0.46306505 0.5284872296875001 0.46306505 0.53732809375 0.4663726578125 0.53732809375 0.465270121875 0.531434184375 0.45920617343750003 0.520628684375 0.45203969062500005 0.5166994109374999 0.4492833515625 0.517681728125 0.4509371546875 0.520628684375 0.45314222656250003 0.518664046875 0.4536934953125 0.52455795625
2 0.4222712234375 0.558939096875 0.42502756406250003 0.5618860515625 0.43329658281250005 0.558939096875 0.43329658281250005 0.5550098234374999 0.42613009999999996 0.545186640625 0.419514884375 0.5294695484374999 0.4140022046875 0.52652259375 0.41289966875 0.530451865625 0.41179713281249997 0.53929273125 0.41345093750000006 0.545186640625 0.41675854531249995 0.546168959375 0.4222712234375 0.558939096875
2 0.834619625 0.65225933125 0.834619625 0.63948919375 0.83020948125 0.6375245578125 0.8296582140625001 0.6512770140625 0.8241455343749999 0.667976425 0.8291069453125001 0.6650294703124999 0.834619625 0.65225933125
2 0.1747519296875 0.6149312375 0.1742006609375 0.6178781921875001 0.1769570015625 0.6247544203125 0.1874310921875 0.6385068765625 0.1912899671875 0.6404715125 0.1922588625 0.6344287671875 0.1747519296875 0.6149312375
2 0.10529217187499999 0.56286836875 0.10529217187499999 0.570726915625 0.113561190625 0.571709234375 0.1102535828125 0.5638506875 0.10529217187499999 0.56286836875
1 0.40793825781250004 0.8300589390625 0.40407938281250005 0.8300589390625 0.402976846875 0.8339882125000001 0.40132304375 0.84774066875 0.406835721875 0.851669940625 0.4084895265625 0.8497053046874999 0.40793825781250004 0.8300589390625
1 0.369900771875 0.8614931234375 0.373759646875 0.8555992140625 0.3770672546875 0.8398821218749999 0.378169790625 0.821218075 0.3726571109375 0.8222003921875001 0.369349503125 0.826129665625 0.365490628125 0.85854616875 0.361080484375 0.872298625 0.3621830203125 0.8801571703125 0.36659316406250003 0.8801571703125 0.369349503125 0.8762278984374999 0.369900771875 0.8614931234375
1 0.382579934375 0.7593320234375 0.38478500625 0.762278978125 0.38478500625 0.7829076625 0.3809261296875 0.7956778 0.3754134515625 0.8055009828124999 0.37651598750000004 0.8172888015625001 0.3787210578125 0.82023575625 0.382579934375 0.82023575625 0.390297684375 0.8133595281250001 0.39636163125 0.800589390625 0.41289966875 0.800589390625 0.4162072765625 0.7956778 0.41675854531249995 0.7848722984375 0.4123484015625 0.75638506875 0.4123484015625 0.723968565625 0.406835721875 0.712180746875 0.40022050781249996 0.7062868375 0.39856670312500003 0.6944990171875001 0.394156559375 0.685658153125 0.390297684375 0.685658153125 0.386438809375 0.69253438125 0.3875413453125 0.710216109375 0.3792723265625 0.7278978390625 0.3754134515625 0.7416502953124999 0.3710033078125 0.774066796875 0.3704520390625 0.7829076625 0.3754134515625 0.7838899796875001 0.3809261296875 0.762278978125 0.382579934375 0.7593320234375
1 0.7822491734375 0.6552062875 0.7899669234375 0.6512770140625 0.7921719953124999 0.6571709234374999 0.791069459375 0.673870334375 0.795479603125 0.6807465625 0.7960308703125001 0.6944990171875001 0.7993384781249999 0.7023575640625 0.799889746875 0.73084479375 0.8081587656250001 0.7465618859375 0.8125689078124999 0.762278978125 0.8125689078124999 0.7671905703124999 0.8081587656250001 0.775049115625 0.8081587656250001 0.7789783890625 0.8125689078124999 0.7829076625 0.820286659375 0.7829076625 0.8252480703125 0.7779960703125 0.8263506062499999 0.7711198421875001 0.8224917312500001 0.7603143421875 0.8158765156250001 0.7161100203124999 0.8158765156250001 0.699410609375 0.8208379265625 0.6777996078124999 0.8208379265625 0.6689587421875001 0.8158765156250001 0.648330059375 0.8307607499999999 0.63948919375 0.8307607499999999 0.635559921875 0.8241455343749999 0.620825146875 0.8153252484375001 0.6110019640625 0.8081587656250001 0.6051080546875001 0.7943770671875 0.60117878125 0.7938258 0.5893909625 0.7905181921875 0.5815324171875 0.7861080484375 0.5805500984374999 0.7839029765625 0.584479371875 0.787210584375 0.609037328125 0.7822491734375 0.621807465625 0.78059536875 0.6502946953125 0.7822491734375 0.6552062875
1 0.8936052921875 0.6561886046875001 0.890297684375 0.6699410609374999 0.890297684375 0.678781925 0.8936052921875 0.684675834375 0.8936052921875 0.6895874265625 0.8869900765625 0.7023575640625 0.8869900765625 0.711198428125 0.8925027562500001 0.7200392921875001 0.8991179718750001 0.723968565625 0.915656009375 0.723968565625 0.9173098124999999 0.7161100203124999 0.9200661515625 0.7141453828125 0.927232634375 0.719056975 0.9327453140624999 0.719056975 0.93439911875 0.7161100203124999 0.93439911875 0.7033398828124999 0.9305402421875 0.6944990171875001 0.9327453140624999 0.6660117875 0.9305402421875 0.659135559375 0.9294377062500001 0.6444007859374999 0.92557883125 0.634577603125 0.923925028125 0.6237721015625 0.9173098124999999 0.6110019640625 0.9134509375000001 0.610019646875 0.9101433296874999 0.6051080546875001 0.911245865625 0.5923379171875001 0.9079382578124999 0.584479371875 0.8991179718750001 0.584479371875 0.8958103640624999 0.5893909625 0.8963616312499999 0.6041257375 0.8996692390625001 0.61394891875 0.8952590953125 0.62671905625 0.8936052921875 0.6561886046875001
1 0.1130099234375 0.6149312375 0.1124586546875 0.64243615 0.10529217187499999 0.6571709234374999 0.09867695625 0.678781925 0.09206174218749999 0.6905697453124999 0.09481808124999999 0.698428290625 0.101433296875 0.7033398828124999 0.10859977968750001 0.7023575640625 0.11135611875 0.698428290625 0.11135611875 0.6944990171875001 0.106945975 0.6886051078125 0.10859977968750001 0.6817288796875001 0.117420065625 0.6895874265625 0.12403528125 0.6886051078125 0.122381478125 0.6768172890625 0.12293274531250001 0.6620825140625 0.12624035312499998 0.65225933125 0.1334068359375 0.6434184671875001 0.134509371875 0.635559921875 0.134509371875 0.6178781921875001 0.13009922812500002 0.60314341875 0.1312017640625 0.59037328125 0.134509371875 0.5854616890625 0.1477398015625 0.58840864375 0.14718853437499999 0.583497053125 0.134509371875 0.57563850625 0.1328555671875 0.570726915625 0.1328555671875 0.544204321875 0.136163175 0.52652259375 0.136163175 0.520628684375 0.1334068359375 0.51375245625 0.121830209375 0.52455795625 0.12127894218749999 0.532416503125 0.1130099234375 0.5540275046875001 0.11135611875 0.56483300625 0.1130099234375 0.5726915515625 0.11135611875 0.5943025546875 0.1130099234375 0.6149312375
1 0.429988975 0.55009823125 0.43329658281250005 0.55009823125 0.439911796875 0.52652259375 0.4432194046875 0.520628684375 0.4509371546875 0.5166994109374999 0.45203969062500005 0.51178781875 0.4509371546875 0.5 0.44432194062499997 0.495088409375 0.439911796875 0.48624754374999996 0.44211686875 0.4774066796875 0.4415656015625 0.4616895875 0.44487320781250006 0.44499017656250006 0.44266813593750004 0.43713163125000004 0.4349503859375 0.43713163125000004 0.4266813671875 0.455795678125 0.42613009999999996 0.45972495156250004 0.42943770625 0.46267190625000004 0.42943770625 0.468565815625 0.42171995625 0.49115913593749994 0.42171995625 0.5157170921875001 0.427232634375 0.5216110015625001 0.42557883125 0.53929273125 0.429988975 0.55009823125
1 0.5711135609375 0.711198428125 0.5738699 0.7151277015625 0.5777287765625 0.7151277015625 0.5804851156249999 0.710216109375 0.58213891875 0.6895874265625 0.584895259375 0.6817288796875001 0.5876515984374999 0.6581532421875 0.59536935 0.6561886046875001 0.600882028125 0.6493123765625 0.613561190625 0.661100196875 0.6207276734375 0.678781925 0.622381478125 0.6886051078125 0.6295479609375 0.698428290625 0.6312017640625001 0.7062868375 0.6394707828125 0.7082514734375 0.6389195156249999 0.7023575640625 0.634509371875 0.6954813359375 0.6328555671875 0.685658153125 0.630099228125 0.6817288796875001 0.6289966921875 0.673870334375 0.617420065625 0.6453831046875 0.6130099234374999 0.61394891875 0.609702315625 0.6041257375 0.6085997796875 0.5893909625 0.5997794921875 0.5746561890625 0.5986769562500001 0.5550098234374999 0.5915104734375001 0.5530451859375 0.58710033125 0.5559921421875 0.5876515984374999 0.5726915515625 0.58213891875 0.584479371875 0.58213891875 0.6119842828125 0.5876515984374999 0.6296660125 0.5755237046875 0.672888015625 0.5711135609375 0.711198428125
1 0.65325248125 0.5559921421875 0.6543550171875 0.56286836875 0.6604189640625 0.5658153234375 0.6659316421875 0.5658153234375 0.6703417859374999 0.5599214140625 0.6747519296875 0.558939096875 0.6780595375 0.5687622796875 0.6780595375 0.5893909625 0.67364939375 0.60117878125 0.6681367140625001 0.62671905625 0.6692392500000001 0.647347740625 0.6764057328125 0.671905696875 0.6764057328125 0.6768172890625 0.6725468578125 0.684675834375 0.6742006609375 0.6905697453124999 0.6868798234375 0.6886051078125 0.6824696796875 0.6571709234374999 0.6769570015624999 0.633595284375 0.6879823593750001 0.6110019640625 0.6896361625 0.6110019640625 0.6990077171875 0.62868369375 0.7078280046875001 0.65225933125 0.712789415625 0.673870334375 0.7160970234375 0.6777996078124999 0.7188533625 0.673870334375 0.712789415625 0.6365422390625 0.7039691296874999 0.616895875 0.7006615218750001 0.59037328125 0.6995589859375 0.5422396859374999 0.6907386984375 0.52652259375 0.68632855625 0.504911590625 0.679713340625 0.507858546875 0.6780595375 0.530451865625 0.6703417859374999 0.5491159140625 0.663175303125 0.5550098234374999 0.65325248125 0.5559921421875
1 0.38974641718749997 0.576620825 0.3875413453125 0.570726915625 0.3875413453125 0.5599214140625 0.38974641718749997 0.5559921421875 0.40077177500000005 0.5540275046875001 0.40959206249999996 0.5412573671875001 0.4123484015625 0.5422396859374999 0.41455347343750004 0.5491159140625 0.42833517031249996 0.5677799609374999 0.43770672499999996 0.5677799609374999 0.43770672499999996 0.5638506875 0.42171995625 0.533398821875 0.4266813671875 0.520628684375 0.4228224921875 0.5147347734375 0.42116868749999997 0.49607072656250006 0.42613009999999996 0.47544204375000004 0.42943770625 0.47347740624999995 0.4288864390625 0.4616895875 0.42392502812500005 0.4616895875 0.41345093750000006 0.469548134375 0.4084895265625 0.4774066796875 0.390297684375 0.5127701375 0.38919514843749997 0.519646365625 0.382579934375 0.5294695484374999 0.382028665625 0.53732809375 0.378169790625 0.544204321875 0.37651598750000004 0.55108055 0.378169790625 0.5795677796875001 0.38864388125 0.5785854609375 0.38974641718749997 0.576620825
1 0.27232635 0.94990176875 0.27067254687500003 0.9783889984374999 0.274531421875 0.99901768125 0.28390297656249996 0.99901768125 0.2866593171875 0.995088409375 0.2877618515625 0.980353634375 0.2899669234375 0.9774066796875 0.29603087031249997 0.9459724953125 0.29988974687500003 0.9390962671875001 0.3009922828125 0.923379175 0.30981256875 0.902750490625 0.308158765625 0.8624754421875 0.30264608593750003 0.84774066875 0.2943770671875 0.840864440625 0.2949283359375 0.8133595281250001 0.291069459375 0.8084479375000001 0.282800440625 0.8113948921875 0.28059536875 0.821218075 0.2816979046875 0.8418467578125 0.27177508281249996 0.851669940625 0.266813671875 0.86051080625 0.266262403125 0.8889980359375 0.2701212796875 0.9145383109375 0.26901874375 0.93516699375 0.27232635 0.94990176875
1 0.81863285625 0.7033398828124999 0.8169790515625 0.698428290625 0.8169790515625 0.7082514734375 0.8213891953125 0.7082514734375 0.8213891953125 0.7043222 0.81863285625 0.7033398828124999
1 0.7943770671875 0.697445971875 0.791069459375 0.6935167 0.7960308703125001 0.71807465625 0.7927232640625 0.736738703125 0.799889746875 0.736738703125 0.799889746875 0.7288801578124999 0.7971334062500001 0.725933203125 0.7949283359375 0.6886051078125 0.7938258 0.6827111984374999 0.7916207281250001 0.6827111984374999 0.791069459375 0.684675834375 0.7938258 0.684675834375 0.7943770671875 0.6876227890625 0.7943770671875 0.697445971875
1 0.7839029765625 0.61394891875 0.7877618515625 0.6051080546875001 0.7916207281250001 0.6021611 0.8125689078124999 0.6051080546875001 0.8120176406249999 0.5913555984375 0.8042998890625 0.5795677796875001 0.7938258 0.571709234375 0.78941565625 0.5540275046875001 0.7866593171875 0.55009823125 0.7783902984375 0.55108055 0.7778390296875 0.5992141453125 0.7783902984375 0.6070726921875 0.7811466375 0.61394891875 0.7839029765625 0.61394891875