2 0.6240352812500001 0.621807465625 0.6201764062499999 0.6188605109374999 0.6052921718750001 0.627701375 0.6030871 0.6316306484374999 0.601433296875 0.635559921875 0.6025358328125 0.6365422390625 0.6085997796875 0.635559921875 0.6240352812500001 0.621807465625
2 0.5126791625 0.533398821875 0.5156190734375 0.533398821875 0.5176405734375 0.5294695484374999 0.5185595375000001 0.533398821875 0.5258478453125 0.5351433984375 0.5242557890625 0.5294695484374999 0.5214994484375 0.533398821875 0.52094818125 0.5294695484374999 0.5132304296875 0.5284872296875001 0.5093715546875 0.52455795625 0.49007717812499996 0.520628684375 0.4834619625 0.5088408640625001 0.481808159375 0.5108055015625 0.4823594265625 0.520628684375 0.485115765625 0.52455795625 0.49834619687500004 0.5294695484374999 0.506615215625 0.52455795625 0.504593715625 0.5294695484374999 0.5126791625 0.533398821875
2 0.064498346875 0.8379174859375 0.060088203124999996 0.8369351671875 0.06560088124999999 0.8497053046874999 0.072767365625 0.851669940625 0.0716648296875 0.84675835 0.064498346875 0.8379174859375
2 0.9994487328125 0.8889980359375 0.9994487328125 0.8811394890625 0.9911797140624999 0.8811394890625 0.9911797140624999 0.8850687625000001 0.9944873203125001 0.8889980359375 0.9994487328125 0.8889980359375
2 0.44211686875 0.737721021875 0.43880926093749995 0.736738703125 0.4349503859375 0.749508840625 0.4327453140625 0.7711198421875001 0.4371554578125 0.7711198421875001 0.4432194046875 0.74459725 0.44211686875 0.737721021875
1 0.1874310921875 0.969548134375 0.1912899671875 0.9440078578125 0.19018743124999998 0.93713163125 0.18412348437499998 0.9332023578124999 0.1764057328125 0.9361493125000001 0.17364939375 0.9410609031250001 0.1725468578125 0.9587426328124999 0.16097023125 0.969548134375 0.15711135625 0.979371315625 0.15600882031250002 0.99901768125 0.1912899671875 0.99901768125 0.1912899671875 0.9833005890625 0.1874310921875 0.969548134375
1 0.121830209375 0.9783889984374999 0.12568908437499998 0.9872298625000001 0.12403528125 0.99901768125 0.154906284375 0.99901768125 0.155457553125 0.9616895875000001 0.15214994531249998 0.9469548140624999 0.15600882031250002 0.93713163125 0.15600882031250002 0.92239685625 0.15214994531249998 0.9145383109375 0.1433296578125 0.917485265625 0.1394707828125 0.9381139484375 0.1312017640625 0.9440078578125 0.12127894218749999 0.96267190625 0.121830209375 0.9783889984374999
1 0.373759646875 0.6581532421875 0.3770672546875 0.661100196875 0.40022050781249996 0.659135559375 0.402425578125 0.65324165 0.40022050781249996 0.6385068765625 0.40022050781249996 0.61591355625 0.4035281140625 0.60117878125 0.40407938281250005 0.5815324171875 0.402425578125 0.5687622796875 0.39636163125 0.556974459375 0.3936052921875 0.53732809375 0.385887540625 0.53732809375 0.3831312015625 0.5422396859374999 0.382579934375 0.557956778125 0.3748621828125 0.5687622796875 0.369900771875 0.5864440078125 0.369900771875 0.6296660125 0.3726571109375 0.63948919375 0.37210584375 0.6502946953125 0.373759646875 0.6581532421875
1 0.981808159375 0.7023575640625 0.9691289968750001 0.724950884375 0.9658213890624999 0.736738703125 0.9685777281249999 0.770137525 0.9718853359375 0.7799607078124999 0.9718853359375 0.7848722984375 0.9691289968750001 0.788801571875 0.9691289968750001 0.7986247546875 0.9718853359375 0.800589390625 0.981256890625 0.7996070734375 0.9779492828125 0.780943025 0.97905181875 0.7534381140625 0.9807056234375 0.7534381140625 0.9829106953125001 0.761296659375 0.9867695703124999 0.7662082515625 0.9906284453125 0.7789783890625 0.9966923921875 0.787819253125 0.9994487328125 0.787819253125 0.9994487328125 0.7721021609375 0.9966923921875 0.7711198421875001 0.9911797140624999 0.7544204328124999 0.9922822484375 0.7416502953124999 0.9966923921875 0.7288801578124999 0.9994487328125 0.7269155203125 0.9994487328125 0.646365421875 0.9966923921875 0.6434184671875001 0.9950385890625 0.6188605109374999 0.9862183015625 0.6178781921875001 0.9823594265625 0.6247544203125 0.9829106953125001 0.64145383125 0.9862183015625 0.6512770140625 0.9829106953125001 0.6660117875 0.981808159375 0.7023575640625
1 0.5115766265625 0.530451865625 0.50826901875 0.5550098234374999 0.5093715546875 0.584479371875 0.5115766265625 0.597249509375 0.5088202859375001 0.6119842828125 0.5159867703125001 0.61394891875 0.5176405734375 0.620825146875 0.5214994484375 0.620825146875 0.5259095921875 0.6110019640625 0.5259095921875 0.5638506875 0.5297684671875 0.5540275046875001 0.5319735390625 0.5216110015625001 0.535281146875 0.507858546875 0.5341786109375 0.5 0.5303197359375 0.492141453125 0.5220507171875 0.48526522656250004 0.5214994484375 0.47544204375000004 0.5192943765625 0.47249508906250004 0.5126791625 0.474459725 0.51212789375 0.48624754374999996 0.50826901875 0.49607072656250006 0.50826901875 0.506876228125 0.50441014375 0.517681728125 0.50441014375 0.5235756390625 0.5115766265625 0.530451865625
1 0.39966923906249996 0.557956778125 0.40518191875 0.5667976421875001 0.4057331859375 0.5805500984374999 0.40793825781250004 0.583497053125 0.41179713281249997 0.5815324171875 0.4140022046875 0.57563850625 0.41786108125 0.5785854609375 0.42061742031250005 0.570726915625 0.4173098125 0.533398821875 0.41675854531249995 0.48330058906250006 0.4123484015625 0.474459725 0.4057331859375 0.47347740624999995 0.40022050781249996 0.4616895875 0.39525909531250003 0.4616895875 0.390848953125 0.47544204375000004 0.38974641718749997 0.4901768171875 0.3919514890625 0.506876228125 0.39856670312500003 0.532416503125 0.39966923906249996 0.557956778125
1 0.042998896875 0.8978389 0.043550165625 0.891944990625 0.0341786109375 0.883104125 0.033076074999999996 0.8634577609375 0.030319735937499998 0.8654223968749999 0.027012128125 0.8762278984374999 0.033076074999999996 0.8939096265625001 0.0402425578125 0.9007858546874999 0.042998896875 0.8978389
1 0.0137816984375 0.8555992140625 0.022601984375000002 0.8506876234374999 0.030871003125 0.8379174859375 0.0292172 0.8104125734375 0.031422271875000005 0.8045186640624999 0.03748621875 0.8045186640624999 0.0529217203125 0.83300589375 0.0606394703125 0.8379174859375 0.0606394703125 0.83300589375 0.043550165625 0.7917485265625 0.043550165625 0.7799607078124999 0.0468577734375 0.76915520625 0.047409040624999996 0.7583497046875001 0.055678059375 0.7455795671875001 0.056229328125 0.7269155203125 0.05126791562500001 0.7210216109375 0.0463065046875 0.7210216109375 0.039691290625 0.7269155203125 0.03748621875 0.74361493125 0.0176405734375 0.7671905703124999 0.003858875 0.7976424359375 0.003858875 0.8231827109375001 0.0066152156249999995 0.8310412578124999 0.008269018749999999 0.84774066875 0.0137816984375 0.8555992140625
1 0.4558985671875 0.7416502953124999 0.45644983437500003 0.7544204328124999 0.45314222656250003 0.7681728875 0.45314222656250003 0.7789783890625 0.45644983437500003 0.7868369359375 0.46416758593749996 0.79469548125 0.4707828 0.8094302546875 0.469128996875 0.8300589390625 0.4762954796875 0.8290766203125 0.4840132296875 0.8133595281250001 0.4834619625 0.8084479375000001 0.47905181875 0.80746561875 0.4746416765625 0.7986247546875 0.4740904078125 0.7838899796875001 0.48070562343749995 0.7838899796875001 0.4867695703125 0.787819253125 0.493936053125 0.7996070734375 0.4944873203125 0.8133595281250001 0.5 0.8133595281250001 0.5027563390625 0.7917485265625 0.5005512671875 0.787819253125 0.49117971406249994 0.7829076625 0.481256890625 0.770137525 0.4779492828125 0.7652259328125 0.47519294375000004 0.7544204328124999 0.47188533593750004 0.738703340625 0.47353914062499997 0.698428290625 0.4492833515625 0.6777996078124999 0.4465270125 0.660117878125 0.4393605296875 0.659135559375 0.43550165312500005 0.6650294703124999 0.43550165312500005 0.67976424375 0.443770671875 0.7141453828125 0.45203969062500005 0.7278978390625 0.4558985671875 0.7416502953124999
1 0.5964718859375 0.6660117875 0.59481808125 0.6777996078124999 0.6003307609374999 0.6777996078124999 0.60363836875 0.6689587421875001 0.606945975 0.6493123765625 0.6124586546875 0.6404715125 0.6157662625 0.64243615 0.6196251375 0.672888015625 0.6196251375 0.697445971875 0.6212789421875 0.7023575640625 0.6240352812500001 0.7023575640625 0.625689084375 0.699410609375 0.6251378171875001 0.6188605109374999 0.6295479609375 0.5982318265625 0.628445425 0.584479371875 0.6185226015625 0.5687622796875 0.6168687984375001 0.557956778125 0.6119073875 0.5540275046875001 0.6085997796875 0.558939096875 0.6085997796875 0.570726915625 0.6052921718750001 0.57563850625 0.601433296875 0.5923379171875001 0.60363836875 0.6296660125 0.601433296875 0.635559921875 0.599228225 0.660117878125 0.5964718859375 0.6660117875
1 0.2342888640625 0.9813359531250001 0.2342888640625 0.96267190625 0.24145534687499998 0.9410609031250001 0.2342888640625 0.93713163125 0.22712238125 0.9410609031250001 0.2227122375 0.94891945 0.221058434375 0.9636542234375 0.21334068281250002 0.969548134375 0.208379271875 0.980353634375 0.20562293281250002 0.99901768125 0.224917309375 0.99901768125 0.22767365 0.9891944984375 0.2342888640625 0.9813359531250001