1 0.570011025 0.6444007859374999 0.570011025 0.6650294703124999 0.5771775078125 0.6817288796875001 0.5777287765625 0.698428290625 0.58213891875 0.697445971875 0.5832414546875 0.6836935171875 0.584895259375 0.6817288796875001 0.5904079375 0.6954813359375 0.5904079375 0.7043222 0.58710033125 0.7151277015625 0.5937155453125 0.7170923375 0.5986769562500001 0.711198428125 0.59536935 0.697445971875 0.59481808125 0.6817288796875001 0.59095920625 0.6709233796875 0.5915104734375001 0.6316306484374999 0.597023153125 0.6051080546875001 0.59095920625 0.5923379171875001 0.5826901875 0.583497053125 0.57828004375 0.5677799609374999 0.5738699 0.5677799609374999 0.57056229375 0.571709234375 0.57056229375 0.61394891875 0.572216096875 0.6188605109374999 0.572216096875 0.633595284375 0.570011025 0.6444007859374999
1 0.2442116875 0.8280943031250001 0.2431091515625 0.8654223968749999 0.2348401328125 0.87328094375 0.233737596875 0.8762278984374999 0.23594266875 0.8811394890625 0.24862182968750002 0.8801571703125 0.25192943749999996 0.8349705296875 0.2546857765625 0.8300589390625 0.2590959203125 0.8339882125000001 0.26130099218749997 0.84577603125 0.2651598671875 0.84577603125 0.2651598671875 0.8398821218749999 0.26901874375 0.8300589390625 0.2701212796875 0.8143418468749999 0.2822491734375 0.80746561875 0.282800440625 0.7907662078125 0.28059536875 0.76915520625 0.27673649375 0.75638506875 0.266813671875 0.74361493125 0.26460859999999997 0.729862475 0.26074972500000004 0.7278978390625 0.2552370453125 0.7328094296875001 0.2546857765625 0.7652259328125 0.2431091515625 0.7917485265625 0.2552370453125 0.7868369359375 0.25633958125 0.7976424359375 0.2508269015625 0.8163064828125 0.2442116875 0.8280943031250001
1 0.47188533593750004 0.60117878125 0.47850055156250004 0.6021611 0.4823594265625 0.5982318265625 0.48291069531249997 0.569744596875 0.4884233734375 0.558939096875 0.493936053125 0.558939096875 0.5 0.5795677796875001 0.506615215625 0.5943025546875 0.5055126796875 0.609037328125 0.5126791625 0.610019646875 0.5115766265625 0.5943025546875 0.5038588749999999 0.5658153234375 0.5027563390625 0.5157170921875001 0.49558985624999996 0.5039292734374999 0.49228224843749996 0.5029469546875001 0.4873208375 0.48821218125000004 0.485115765625 0.4872298625 0.481256890625 0.49115913593749994 0.48070562343749995 0.5029469546875001 0.4779492828125 0.51178781875 0.47905181875 0.5540275046875001 0.47519294375000004 0.570726915625 0.4762954796875 0.5874263265625 0.47188533593750004 0.60117878125
1 0.12127894218749999 0.974459725 0.12568908437499998 0.969548134375 0.1267916203125 0.96267190625 0.1295479609375 0.9587426328124999 0.1312017640625 0.9440078578125 0.13009922812500002 0.92436149375 0.1273428890625 0.9184675828125 0.1312017640625 0.9017681734374999 0.13009922812500002 0.8889980359375 0.12568908437499998 0.8850687625000001 0.122381478125 0.88605108125 0.117971334375 0.8948919453125 0.1168687984375 0.902750490625 0.100882028125 0.9263261296874999 0.09867695625 0.93516699375 0.09867695625 0.9449901765625001 0.0997794921875 0.9557956781250001 0.10363836875000002 0.9646365421875001 0.0997794921875 0.9666011781250001 0.09481808124999999 0.9567779953125 0.09095920625000001 0.9567779953125 0.09151047343749999 0.9911591359375 0.09426681406250001 0.99901768125 0.122381478125 0.99901768125 0.12127894218749999 0.974459725
1 0.2739801546875 0.980353634375 0.27673649375 0.97347740625 0.27673649375 0.9656188609375 0.268467475 0.94793713125 0.27067254687500003 0.9361493125000001 0.26901874375 0.9194499015625001 0.26185226093749997 0.917485265625 0.2590959203125 0.9204322203125 0.2552370453125 0.9410609031250001 0.24366041875 0.953831040625 0.23869900781250003 0.9783889984374999 0.23869900781250003 0.99901768125 0.266262403125 0.99901768125 0.27287761875 0.9911591359375 0.2739801546875 0.980353634375
1 0.1289966921875 0.99901768125 0.154906284375 0.99901768125 0.15711135625 0.979371315625 0.1642778390625 0.9823182718749999 0.1681367140625 0.9911591359375 0.171995590625 0.9911591359375 0.1725468578125 0.9872298625000001 0.16482910625 0.9656188609375 0.16097023125 0.9400785859375 0.155457553125 0.928290765625 0.155457553125 0.902750490625 0.1477398015625 0.9017681734374999 0.1433296578125 0.9066797640625 0.142778390625 0.9273084484374999 0.13506063906250002 0.9361493125000001 0.13175303124999999 0.9440078578125 0.13009922812500002 0.96070726875 0.1251378171875 0.97347740625 0.12624035312499998 0.9911591359375 0.1289966921875 0.99901768125
1 0.27673649375 0.5432220046875 0.2778390296875 0.5677799609374999 0.2822491734375 0.5805500984374999 0.2822491734375 0.609037328125 0.2866593171875 0.610019646875 0.2949283359375 0.597249509375 0.291620728125 0.5559921421875 0.2943770671875 0.53929273125 0.29988974687500003 0.52455795625 0.29988974687500003 0.507858546875 0.2943770671875 0.495088409375 0.2883131203125 0.4901768171875 0.2822491734375 0.4774066796875 0.2778390296875 0.47838899843749993 0.2761852265625 0.4842829078125 0.2761852265625 0.492141453125 0.2734288859375 0.5019646359375 0.2734288859375 0.5235756390625 0.27673649375 0.5432220046875
1 0.1041896359375 0.8418467578125 0.101433296875 0.84774066875 0.1003307609375 0.85854616875 0.10749724375 0.8595284875000001 0.11466372656249998 0.851669940625 0.121830209375 0.851669940625 0.1168687984375 0.8654223968749999 0.117971334375 0.8762278984374999 0.12403528125 0.8801571703125 0.1334068359375 0.878192534375 0.13561190781250002 0.8762278984374999 0.13561190781250002 0.872298625 0.13065049687500002 0.8624754421875 0.13065049687500002 0.85756385 0.138919515625 0.8339882125000001 0.14002205 0.8143418468749999 0.138919515625 0.8094302546875 0.12458654843750001 0.7956778 0.12127894218749999 0.787819253125 0.12568908437499998 0.762278978125 0.13065049687500002 0.751473478125 0.1295479609375 0.736738703125 0.121830209375 0.7269155203125 0.12072767343749999 0.7141453828125 0.113561190625 0.712180746875 0.10915104687499999 0.7170923375 0.10859977968750001 0.736738703125 0.1041896359375 0.7416502953124999 0.101433296875 0.750491159375 0.097023153125 0.7956778 0.1047409046875 0.8104125734375 0.10529217187499999 0.827111984375 0.1041896359375 0.8418467578125
1 0.19955898593750002 0.953831040625 0.20672546875000003 0.9410609031250001 0.21003307656249998 0.9155206281250001 0.208379271875 0.9076620828124999 0.200661521875 0.9066797640625 0.1951488421875 0.9145383109375 0.1934950390625 0.928290765625 0.18357221562499998 0.9381139484375 0.179713340625 0.94891945 0.1764057328125 0.97347740625 0.1747519296875 0.97544204375 0.1742006609375 0.9901768171875001 0.179713340625 0.99901768125 0.19790518125 0.99901768125 0.19955898593750002 0.953831040625
1 0.33461962500000003 0.659135559375 0.3379272328125 0.6561886046875001 0.340683571875 0.648330059375 0.35611907343750004 0.647347740625 0.35997795 0.64243615 0.35997795 0.6306483296875001 0.35611907343750004 0.6257367390625 0.35556780625 0.58840864375 0.3395810359375 0.5550098234374999 0.33131201718750003 0.5559921421875 0.3296582140625 0.570726915625 0.3230429984375 0.5854616890625 0.3213891953125 0.597249509375 0.3213891953125 0.6316306484374999 0.319735390625 0.6434184671875001 0.32579933906249997 0.6552062875 0.33461962500000003 0.659135559375
1 0.3153252484375 0.9852652265625 0.31863285625 0.99901768125 0.33186328593750003 0.99901768125 0.33131201718750003 0.9449901765625001 0.32524807031249997 0.9361493125000001 0.31863285625 0.93713163125 0.3169790515625 0.9410609031250001 0.31587651562499997 0.96267190625 0.3092613015625 0.97347740625 0.30981256875 0.9774066796875 0.3153252484375 0.9852652265625