2 0.9162072765625 0.76915520625 0.9184123484375 0.774066796875 0.9217199562499999 0.76915520625 0.93384785 0.74459725 0.93439911875 0.7396856578125 0.929988975 0.7406679765625 0.929988975 0.749508840625 0.9266813671874999 0.7475442046875 0.918963615625 0.764243615625 0.911245865625 0.7730844796875 0.9101433296874999 0.7789783890625 0.915656009375 0.7789783890625 0.9140022046875 0.7711198421875001 0.9162072765625 0.76915520625
2 0.5027563390625 0.494106090625 0.5 0.49115913593749994 0.4944873203125 0.495088409375 0.49228224843749996 0.5039292734374999 0.4944873203125 0.507858546875 0.49724366093750005 0.507858546875 0.5027563390625 0.494106090625
2 0.5170893046875 0.7023575640625 0.5214994484375 0.6915520625 0.5176405734375 0.6905697453124999 0.5071664828125 0.7092337921875 0.49724366093750005 0.7170923375 0.49503858906250003 0.7220039296875 0.4944873203125 0.7288801578124999 0.49834619687500004 0.7318271125 0.502205071875 0.722986246875 0.5170893046875 0.7023575640625
2 0.886438809375 0.9567779953125 0.8831312015625 0.969548134375 0.882579934375 0.9783889984374999 0.8869900765625 0.9724950890624999 0.890848953125 0.9567779953125 0.886438809375 0.9567779953125
2 0.5071664828125 0.5540275046875001 0.506615215625 0.55108055 0.5088202859375001 0.5471512765625001 0.5049614109375 0.52455795625 0.502205071875 0.517681728125 0.49724366093750005 0.519646365625 0.496141125 0.5157170921875001 0.49834619687500004 0.5088408640625001 0.4944873203125 0.50098231875 0.4944873203125 0.51178781875 0.50826901875 0.558939096875 0.5093715546875 0.5530451859375 0.5071664828125 0.5540275046875001
0 0.171995590625 0.7917485265625 0.165380375 0.7927308453124999 0.1642778390625 0.8035363453125001 0.16923925 0.8045186640624999 0.171995590625 0.7976424359375 0.171995590625 0.7917485265625
1 0.8676957 0.8811394890625 0.8737596468750001 0.8683693515625001 0.8770672546875 0.8654223968749999 0.8781697906250001 0.8673870328125 0.8781697906250001 0.89685658125 0.8710033078125001 0.9106090375000001 0.8621830203125 0.94990176875 0.8665931640625001 0.974459725 0.87210584375 0.9833005890625 0.8737596468750001 0.9901768171875001 0.8737596468750001 0.99901768125 0.8814773984375 0.99901768125 0.8814773984375 0.9823182718749999 0.885887540625 0.9666011781250001 0.8831312015625 0.9597249515625 0.8836824703125 0.94891945 0.8925027562500001 0.9361493125000001 0.8952590953125 0.9361493125000001 0.902425578125 0.9273084484374999 0.9068357218750001 0.917485265625 0.90904079375 0.8958742624999999 0.911245865625 0.8929273078125 0.915656009375 0.87328094375 0.90904079375 0.8339882125000001 0.8958103640624999 0.8133595281250001 0.898566703125 0.7956778 0.8958103640624999 0.787819253125 0.890848953125 0.7838899796875001 0.8831312015625 0.7848722984375 0.882579934375 0.8143418468749999 0.869900771875 0.8310412578124999 0.8643880921875 0.8634577609375 0.8566703421874999 0.8742632609375001 0.8561190734374999 0.8821218078124999 0.857772878125 0.8850687625000001 0.8627342890625 0.8850687625000001 0.8676957 0.8811394890625
1 0.5005512671875 0.56483300625 0.4988974640625 0.597249509375 0.49117971406249994 0.6149312375 0.49173098125000003 0.622789784375 0.4994487328125 0.622789784375 0.5027563390625 0.616895875 0.5038588749999999 0.6060903734374999 0.5093715546875 0.58840864375 0.5259095921875 0.571709234375 0.5303197359375 0.5559921421875 0.5303197359375 0.520628684375 0.5259095921875 0.5108055015625 0.5253583234375 0.5 0.5220507171875 0.49115913593749994 0.5170893046875 0.49115913593749994 0.514332965625 0.49803536406250004 0.5132304296875 0.518664046875 0.50826901875 0.52455795625 0.5038588749999999 0.52455795625 0.5038588749999999 0.5294695484374999 0.5088202859375001 0.53732809375 0.50826901875 0.5530451859375 0.5005512671875 0.56483300625
1 0.93439911875 0.6944990171875001 0.9349503859375 0.7013752453125 0.9393605296875001 0.70530451875 0.9404630656249999 0.712180746875 0.937706725 0.729862475 0.9327453140624999 0.7455795671875001 0.93384785 0.774066796875 0.9228224921875 0.7868369359375 0.9283351703125 0.7917485265625 0.9366041890625001 0.7927308453124999 0.9404630656249999 0.8172888015625001 0.9415656015625 0.8133595281250001 0.9432194046875001 0.8172888015625001 0.9514884234375 0.8172888015625001 0.956449834375 0.8104125734375 0.956449834375 0.8055009828124999 0.9531422265625 0.7996070734375 0.948732084375 0.7829076625 0.9465270125 0.7603143421875 0.948180815625 0.750491159375 0.96306505 0.722986246875 0.964718853125 0.685658153125 0.960859978125 0.65225933125 0.9553472984375 0.6375245578125 0.9520396906249999 0.6149312375 0.944321940625 0.6129666015625 0.9388092609375001 0.6178781921875001 0.9388092609375001 0.635559921875 0.9437706718750001 0.646365421875 0.9432194046875001 0.6886051078125 0.93439911875 0.6944990171875001
1 0.5220507171875 0.660117878125 0.5176405734375 0.660117878125 0.51212789375 0.65324165 0.50826901875 0.65225933125 0.5088202859375001 0.659135559375 0.518191840625 0.667976425 0.5297684671875 0.6660117875 0.530871003125 0.671905696875 0.52866593125 0.6817288796875001 0.52866593125 0.6935167 0.530871003125 0.699410609375 0.5474090406250001 0.722986246875 0.5573318640625 0.7278978390625 0.5606394703124999 0.7337917484375 0.559536934375 0.74459725 0.5678059531249999 0.7455795671875001 0.5727673656250001 0.736738703125 0.5727673656250001 0.7288801578124999 0.5611907390625 0.719056975 0.5545755234375 0.7072691546875001 0.5551267921874999 0.6650294703124999 0.5441014328125 0.633595284375 0.542998896875 0.621807465625 0.5275633953125001 0.61394891875 0.5259095921875 0.6060903734374999 0.5203969125000001 0.5982318265625 0.514332965625 0.60117878125 0.5126791625 0.609037328125 0.5137816984375 0.6178781921875001 0.5214994484375 0.6296660125 0.52480705625 0.6552062875 0.5220507171875 0.660117878125
1 0.40793825781250004 0.6777996078124999 0.4162072765625 0.6660117875 0.41786108125 0.6561886046875001 0.4123484015625 0.6306483296875001 0.41289966875 0.576620825 0.41786108125 0.569744596875 0.4184123484375 0.5550098234374999 0.41124586562500004 0.5432220046875 0.40518191875 0.546168959375 0.40077177500000005 0.5530451859375 0.39966923906249996 0.5618860515625 0.39250275625 0.576620825 0.38919514843749997 0.6021611 0.386438809375 0.6110019640625 0.385887540625 0.64243615 0.3787210578125 0.647347740625 0.3748621828125 0.6581532421875 0.3748621828125 0.671905696875 0.3836824703125 0.672888015625 0.3880926125 0.6777996078124999 0.40793825781250004 0.6777996078124999
1 0.5937155453125 0.6807465625 0.5876515984374999 0.6915520625 0.5865490624999999 0.698428290625 0.59095920625 0.7033398828124999 0.599228225 0.7033398828124999 0.5997794921875 0.6748526515625 0.601433296875 0.661100196875 0.6047409046875 0.65324165 0.6130099234374999 0.6699410609374999 0.6146637265625 0.6935167 0.6168687984375001 0.6935167 0.6207276734375 0.684675834375 0.6212789421875 0.6748526515625 0.6168687984375001 0.6689587421875001 0.6157662625 0.6561886046875001 0.609702315625 0.63948919375 0.6157662625 0.6178781921875001 0.6163175296875 0.6051080546875001 0.6085997796875 0.5559921421875 0.60363836875 0.5471512765625001 0.600882028125 0.530451865625 0.5937155453125 0.5294695484374999 0.59095920625 0.5353634578124999 0.59095920625 0.5481335953124999 0.5942668140625 0.5559921421875 0.5964718859375 0.62671905625 0.5937155453125 0.6807465625
1 0.4184123484375 0.597249509375 0.4184123484375 0.5815324171875 0.4173098125 0.57563850625 0.41455347343750004 0.576620825 0.41289966875 0.5795677796875001 0.41345093750000006 0.5943025546875 0.41455347343750004 0.597249509375 0.4184123484375 0.597249509375
1 0.3969129 0.5550098234374999 0.40022050781249996 0.5550098234374999 0.410694596875 0.532416503125 0.41345093750000006 0.546168959375 0.41786108125 0.5530451859375 0.42116868749999997 0.5294695484374999 0.42061742031250005 0.504911590625 0.4228224921875 0.494106090625 0.42171995625 0.479371315625 0.4123484015625 0.4616895875 0.4084895265625 0.45972495156250004 0.40738699062499995 0.44990176875000004 0.40407938281250005 0.4440078578125 0.40022050781249996 0.4440078578125 0.39856670312500003 0.44891945 0.3980154359375 0.46070726874999995 0.3936052921875 0.47053045156250006 0.3969129 0.5088408640625001 0.3969129 0.5550098234374999