1 0.5176405734375 0.5805500984374999 0.5170893046875 0.6257367390625 0.523153253125 0.6434184671875001 0.5214994484375 0.6581532421875 0.5259095921875 0.660117878125 0.533076075 0.6512770140625 0.5275633953125001 0.6149312375 0.5341786109375 0.5923379171875001 0.5341786109375 0.583497053125 0.5253583234375 0.5550098234374999 0.5198456453125 0.55009823125 0.5154355015625 0.53732809375 0.5093715546875 0.5383104125 0.50826901875 0.55009823125 0.51212789375 0.5550098234374999 0.5132304296875 0.5658153234375 0.5176405734375 0.5805500984374999
1 0.885887540625 0.6964636546875 0.886438809375 0.7013752453125 0.890297684375 0.698428290625 0.8941565593749999 0.7013752453125 0.8958103640624999 0.7062868375 0.8941565593749999 0.7406679765625 0.8963616312499999 0.749508840625 0.894707828125 0.7544204328124999 0.8996692390625001 0.7652259328125 0.8996692390625001 0.7779960703125 0.8941565593749999 0.788801571875 0.8996692390625001 0.7907662078125 0.907386990625 0.7868369359375 0.9084895265625 0.74361493125 0.911245865625 0.736738703125 0.9101433296874999 0.7337917484375 0.915656009375 0.710216109375 0.9162072765625 0.6905697453124999 0.9128996687500001 0.6768172890625 0.911245865625 0.6561886046875001 0.9007717749999999 0.6326129671875 0.8991179718750001 0.6237721015625 0.8936052921875 0.622789784375 0.8952590953125 0.6316306484374999 0.8936052921875 0.6434184671875001 0.8952590953125 0.6699410609374999 0.885887540625 0.6964636546875
1 0.8936052921875 0.7534381140625 0.8963616312499999 0.7465618859375 0.8958103640624999 0.7062868375 0.893054025 0.7013752453125 0.886438809375 0.698428290625 0.886438809375 0.7200392921875001 0.8914002203125 0.7406679765625 0.890297684375 0.7534381140625 0.8936052921875 0.7534381140625
1 0.8787210578125 0.6512770140625 0.882579934375 0.661100196875 0.8831312015625 0.6915520625 0.8847850062499999 0.6915520625 0.8897464171875 0.686640471875 0.894707828125 0.673870334375 0.894707828125 0.634577603125 0.8914002203125 0.6178781921875001 0.886438809375 0.609037328125 0.8831312015625 0.5933202359374999 0.8748621828124999 0.5923379171875001 0.8737596468750001 0.6070726921875 0.8754134515625 0.6257367390625 0.8781697906250001 0.6365422390625 0.8787210578125 0.6512770140625
1 0.2403528109375 0.6689587421875001 0.2403528109375 0.671905696875 0.2513781703125 0.6689587421875001 0.2574421171875 0.661100196875 0.2596471890625 0.6650294703124999 0.26074972500000004 0.6827111984374999 0.26460859999999997 0.6915520625 0.2635060640625 0.711198428125 0.25192943749999996 0.736738703125 0.25192943749999996 0.74459725 0.2546857765625 0.749508840625 0.27287761875 0.7161100203124999 0.2739801546875 0.699410609375 0.2778390296875 0.685658153125 0.27949283281250004 0.6561886046875001 0.2861080484375 0.6571709234374999 0.29272326406250004 0.672888015625 0.29603087031249997 0.6777996078124999 0.29713340625 0.6748526515625 0.291620728125 0.6561886046875001 0.2778390296875 0.6306483296875001 0.2734288859375 0.62868369375 0.2695700109375 0.61394891875 0.262403528125 0.6149312375 0.26074972500000004 0.6306483296875001 0.2425578828125 0.6650294703124999 0.2425578828125 0.6699410609374999 0.2403528109375 0.6689587421875001
1 0.089305403125 0.6895874265625 0.1041896359375 0.6905697453124999 0.1130099234375 0.6768172890625 0.114112459375 0.6699410609374999 0.1130099234375 0.6571709234374999 0.10970231562499999 0.648330059375 0.106945975 0.61591355625 0.10970231562499999 0.596267190625 0.10859977968750001 0.5854616890625 0.10529217187499999 0.5815324171875 0.1003307609375 0.5815324171875 0.097023153125 0.5854616890625 0.09536934999999999 0.6041257375 0.09095920625000001 0.610019646875 0.084895259375 0.6640471515625 0.0788313125 0.6817288796875001 0.081036384375 0.685658153125 0.089305403125 0.6895874265625
1 0.4597574421875 0.9833005890625 0.4581036390625 0.994106090625 0.4597574421875 0.99901768125 0.4636163171875 0.995088409375 0.472987871875 0.995088409375 0.48070562343749995 0.9852652265625 0.4862183015625 0.9872298625000001 0.49173098125000003 0.995088409375 0.49724366093750005 0.994106090625 0.49834619687500004 0.9783889984374999 0.496141125 0.9715127703125 0.493936053125 0.9400785859375 0.49228224843749996 0.93516699375 0.49228224843749996 0.9017681734374999 0.49007717812499996 0.8899803531250001 0.4823594265625 0.878192534375 0.4823594265625 0.8624754421875 0.481256890625 0.8565815328124999 0.4779492828125 0.852652259375 0.4740904078125 0.852652259375 0.468577728125 0.86051080625 0.469128996875 0.88605108125 0.4663726578125 0.8939096265625001 0.4663726578125 0.90962671875 0.469128996875 0.9204322203125 0.465270121875 0.93516699375 0.4614112453125 0.9400785859375 0.4614112453125 0.9449901765625001 0.46802646093750006 0.9577603140625 0.46471885312500005 0.974459725 0.4597574421875 0.9833005890625
1 0.4823594265625 0.633595284375 0.47905181875 0.63948919375 0.47850055156250004 0.646365421875 0.4834619625 0.646365421875 0.485115765625 0.6493123765625 0.4867695703125 0.6748526515625 0.49228224843749996 0.6905697453124999 0.49117971406249994 0.7033398828124999 0.4928335171875 0.7151277015625 0.501653803125 0.7151277015625 0.5038588749999999 0.712180746875 0.5038588749999999 0.7072691546875001 0.502205071875 0.7003929265625 0.5027563390625 0.685658153125 0.5 0.6758349703125 0.4988974640625 0.622789784375 0.4944873203125 0.6041257375 0.48787210625000005 0.5933202359374999 0.4834619625 0.5805500984374999 0.47739801562500006 0.5815324171875 0.47739801562500006 0.5923379171875001 0.481808159375 0.60117878125 0.48291069531249997 0.616895875 0.4823594265625 0.633595284375
1 0.1857772875 0.6630648328125 0.1885336265625 0.6689587421875001 0.200110253125 0.6689587421875001 0.19900771718750002 0.6561886046875001 0.20286659375 0.6306483296875001 0.2039691296875 0.6041257375 0.1957001109375 0.583497053125 0.1957001109375 0.569744596875 0.19955898593750002 0.56286836875 0.19955898593750002 0.55108055 0.1912899671875 0.55009823125 0.1830209484375 0.5677799609374999 0.1780595375 0.5864440078125 0.1769570015625 0.61591355625 0.17861080468749999 0.620825146875 0.19018743124999998 0.6326129671875 0.1857772875 0.6630648328125
2 0.51875 0.5875 0.5203125 0.6171875 0.51875 0.61875 0.51875 0.640625 0.515625 0.65 0.515625 0.5984375 0.51875 0.5890625
2 0.3046875 0.690625 0.3078125 0.690625 0.3140625 0.696875 0.31875 0.696875 0.3203125 0.7 0.3203125 0.70625 0.3171875 0.709375 0.309375 0.703125 0.3046875 0.6921875
2 0.3046875 0.6890625 0.3140625 0.696875 0.31875 0.696875 0.3203125 0.7 0.31875 0.7078125 0.3171875 0.709375 0.3140625 0.7078125 0.30625 0.6984375 0.3046875 0.690625
2 0.4765625 0.6515625 0.471875 0.6609375 0.4609375 0.671875 0.4578125 0.671875 0.453125 0.6671875 0.4515625 0.6625 0.453125 0.659375 0.4640625 0.6609375 0.46875 0.6546875 0.475 0.6515625
0 0.225 0.6671875 0.228125 0.6671875 0.2296875 0.671875 0.2265625 0.6765625 0.225 0.66875