2 0.20507166406250002 0.8339882125000001 0.2039691296875 0.8300589390625 0.20286659375 0.8310412578124999 0.2012127890625 0.8418467578125 0.20782800468749998 0.8300589390625 0.20507166406250002 0.8339882125000001
2 0.1951488421875 0.84577603125 0.19845645 0.84675835 0.2012127890625 0.8418467578125 0.20038588750000003 0.8374263265625 0.19900771718750002 0.8447937124999999 0.19790518125 0.8418467578125 0.1957001109375 0.8428290765625001 0.18365437499999998 0.8628938125 0.1848583234375 0.8690245578125 0.18724751875 0.8647671906250001 0.1857772875 0.8595284875000001 0.18963616249999998 0.86051080625 0.1912899671875 0.8555992140625 0.1934950390625 0.8555992140625 0.1951488421875 0.84577603125
2 0.1764057328125 0.8752455796874999 0.1780595375 0.872298625 0.1824696796875 0.87328094375 0.1808158765625 0.8683693515625001 0.1823973828125 0.8649876000000001 0.1703417859375 0.8850687625000001 0.1598676953125 0.8939096265625001 0.16097023125 0.9017681734374999 0.16482910625 0.9017681734374999 0.16758544687500002 0.8880157171875 0.16979051875 0.8909626718749999 0.173098125 0.8889980359375 0.17952976874999999 0.877537328125 0.1764057328125 0.8752455796874999
1 0.8335170890624999 0.4518664046875 0.8318632859375 0.46561886093749993 0.834619625 0.481335953125 0.834619625 0.492141453125 0.8307607499999999 0.50098231875 0.83020948125 0.5108055015625 0.8252480703125 0.5275049109375 0.8175303203125001 0.5383104125 0.8169790515625 0.546168959375 0.8230429984375001 0.546168959375 0.8384785000000001 0.51375245625 0.8417861078125 0.51375245625 0.8517089312499999 0.5343811390625001 0.8500551265625 0.55009823125 0.85997795 0.55009823125 0.8605292171875 0.5422396859374999 0.8566703421874999 0.531434184375 0.853362734375 0.506876228125 0.8594266812500001 0.4518664046875 0.8511576625 0.4204322203125 0.8472987875 0.416502946875 0.8450937156249999 0.3978389 0.8428886437499999 0.3939096265625 0.8379272328124999 0.3939096265625 0.8335170890624999 0.402750490625 0.8335170890624999 0.41944990156250006 0.8313120171874999 0.4312377203125 0.832965821875 0.43516699374999995 0.8335170890624999 0.4518664046875
1 0.8180815875 0.6689587421875001 0.8241455343749999 0.6699410609374999 0.8296582140625001 0.6777996078124999 0.8263506062499999 0.6876227890625 0.8169790515625 0.7013752453125 0.8169790515625 0.711198428125 0.8197353906249999 0.7151277015625 0.8269018750000001 0.7200392921875001 0.8484013234375001 0.723968565625 0.8566703421874999 0.712180746875 0.8643880921875 0.7072691546875001 0.8660418968749999 0.7023575640625 0.8649393609375 0.6944990171875001 0.8594266812500001 0.6935167 0.857221609375 0.6895874265625 0.85997795 0.6650294703124999 0.8528114656250001 0.64145383125 0.8511576625 0.627701375 0.83902976875 0.6060903734374999 0.8379272328124999 0.5943025546875 0.834619625 0.58840864375 0.828555678125 0.5854616890625 0.8230429984375001 0.5933202359374999 0.8257993390625 0.6188605109374999 0.8213891953125 0.635559921875 0.8213891953125 0.646365421875 0.8180815875 0.6512770140625 0.8131201765625 0.65225933125 0.8087100328125001 0.6444007859374999 0.8037486218750001 0.6434184671875001 0.8031973546875 0.6502946953125 0.80595369375 0.6561886046875001 0.80981256875 0.6571709234374999 0.8180815875 0.6689587421875001
1 0.4944873203125 0.5943025546875 0.489525909375 0.63948919375 0.4867695703125 0.646365421875 0.481256890625 0.6493123765625 0.481808159375 0.65422396875 0.49007717812499996 0.659135559375 0.49558985624999996 0.6561886046875001 0.49558985624999996 0.6444007859374999 0.5005512671875 0.609037328125 0.50441014375 0.60117878125 0.5154355015625 0.5893909625 0.5214994484375 0.6001964640625 0.5242557890625 0.6110019640625 0.5292171999999999 0.647347740625 0.5341786109375 0.647347740625 0.533076075 0.621807465625 0.5297684671875 0.60117878125 0.5259095921875 0.5913555984375 0.526460859375 0.533398821875 0.5203969125000001 0.517681728125 0.5132304296875 0.5108055015625 0.5110253578124999 0.495088409375 0.506615215625 0.48821218125000004 0.5033076078125001 0.48821218125000004 0.5005512671875 0.492141453125 0.5005512671875 0.5088408640625001 0.49558985624999996 0.52455795625 0.49558985624999996 0.5363457765625 0.5 0.55009823125 0.5011025359375 0.5746561890625 0.4944873203125 0.5943025546875
1 0.23594266875 0.770137525 0.23759647187500002 0.76915520625 0.2431091515625 0.7799607078124999 0.24586549062500002 0.7966601171875001 0.2370452046875 0.8192534374999999 0.23869900781250003 0.8595284875000001 0.23759647187500002 0.8939096265625001 0.2442116875 0.8939096265625001 0.2464167578125 0.8880157171875 0.24751929375 0.8889980359375 0.2442116875 0.8791748531250001 0.2447629546875 0.8693516703125 0.2480705625 0.8595284875000001 0.268467475 0.86051080625 0.2761852265625 0.8634577609375 0.2822491734375 0.872298625 0.2866593171875 0.87131630625 0.2877618515625 0.8565815328124999 0.2861080484375 0.851669940625 0.2739801546875 0.851669940625 0.26901874375 0.84675835 0.2590959203125 0.8447937124999999 0.26074972500000004 0.832023575 0.26901874375 0.8045186640624999 0.2695700109375 0.7917485265625 0.266813671875 0.7671905703124999 0.26901874375 0.7652259328125 0.27232635 0.76915520625 0.2778390296875 0.7838899796875001 0.2822491734375 0.7848722984375 0.2822491734375 0.7789783890625 0.2772877625 0.763261296875 0.26130099218749997 0.7278978390625 0.2469680265625 0.71807465625 0.2464167578125 0.7043222 0.24145534687499998 0.6954813359375 0.2353914 0.699410609375 0.2342888640625 0.7161100203124999 0.23759647187500002 0.7269155203125 0.2370452046875 0.7328094296875001 0.231532525 0.7406679765625 0.22877618593750002 0.761296659375 0.22326350625 0.775049115625 0.21664829062500002 0.801571709375 0.212789415625 0.8084479375000001 0.212789415625 0.8172888015625001 0.21940463124999998 0.8113948921875 0.22932745312499997 0.7907662078125 0.23594266875 0.770137525
1 0.35722160937499997 0.711198428125 0.35722160937499997 0.7161100203124999 0.3605292171875 0.7200392921875001 0.366041896875 0.719056975 0.36659316406250003 0.7278978390625 0.369349503125 0.735756384375 0.37651598750000004 0.736738703125 0.377618521875 0.7288801578124999 0.3754134515625 0.722986246875 0.3748621828125 0.712180746875 0.3809261296875 0.686640471875 0.382579934375 0.66699410625 0.3853362734375 0.660117878125 0.3869900765625 0.6375245578125 0.3914002203125 0.6119842828125 0.3969129 0.60117878125 0.3969129 0.58840864375 0.394707828125 0.571709234375 0.390848953125 0.5638506875 0.3869900765625 0.56286836875 0.3836824703125 0.557956778125 0.38478500625 0.5412573671875001 0.382028665625 0.533398821875 0.374310915625 0.5343811390625001 0.374310915625 0.558939096875 0.36659316406250003 0.5687622796875 0.3649393609375 0.57563850625 0.3649393609375 0.627701375 0.3621830203125 0.63948919375 0.3605292171875 0.7043222 0.35722160937499997 0.711198428125
1 0.2122381484375 0.5599214140625 0.2111356125 0.584479371875 0.2227122375 0.6060903734374999 0.22326350625 0.616895875 0.2205071671875 0.621807465625 0.22216097031249998 0.62671905625 0.23042998906249998 0.62671905625 0.2353914 0.6178781921875001 0.2342888640625 0.610019646875 0.22767365 0.5992141453125 0.22160970156249998 0.582514734375 0.22601984531250002 0.570726915625 0.23098125625 0.570726915625 0.2353914 0.57563850625 0.2442116875 0.5913555984375 0.257993384375 0.6051080546875001 0.266813671875 0.621807465625 0.26901874375 0.622789784375 0.27177508281249996 0.6178781921875001 0.27067254687500003 0.6110019640625 0.2651598671875 0.60117878125 0.24366041875 0.570726915625 0.23869900781250003 0.546168959375 0.23759647187500002 0.52455795625 0.2342888640625 0.5157170921875001 0.21775082656250003 0.5029469546875001 0.212789415625 0.48821218125000004 0.20782800468749998 0.4872298625 0.204520396875 0.492141453125 0.204520396875 0.51178781875 0.1951488421875 0.53732809375 0.19404630625 0.546168959375 0.196251378125 0.5530451859375 0.2039691296875 0.5599214140625 0.2122381484375 0.5599214140625
1 0.42613009999999996 0.56286836875 0.4244762953125 0.570726915625 0.42833517031249996 0.5746561890625 0.43329658281250005 0.5726915515625 0.4349503859375 0.5638506875 0.4432194046875 0.5530451859375 0.443770671875 0.53929273125 0.45203969062500005 0.525540275 0.4558985671875 0.5294695484374999 0.465270121875 0.52652259375 0.4724366046875 0.530451865625 0.476846746875 0.5363457765625 0.481808159375 0.5609037328124999 0.48456449843750005 0.56286836875 0.4873208375 0.558939096875 0.485115765625 0.5294695484374999 0.48070562343749995 0.517681728125 0.47519294375000004 0.51178781875 0.4707828 0.5019646359375 0.4696802640625 0.47347740624999995 0.4663726578125 0.466601178125 0.4597574421875 0.4646365421875 0.4558985671875 0.45284872343749993 0.45148842343749995 0.45284872343749993 0.44818081562499995 0.4567779953125 0.4476295484375 0.48526522656250004 0.44487320781250006 0.4901768171875 0.43880926093749995 0.48821218125000004 0.4415656015625 0.519646365625 0.43439911875000004 0.5383104125 0.42943770625 0.5609037328124999 0.42613009999999996 0.56286836875
1 0.539140021875 0.667976425 0.5468577734375 0.6512770140625 0.5474090406250001 0.667976425 0.542998896875 0.6817288796875001 0.5413450937500001 0.697445971875 0.539140021875 0.7023575640625 0.5358324140625 0.699410609375 0.5380374859375 0.7023575640625 0.53748621875 0.7062868375 0.5358324140625 0.7062868375 0.5468577734375 0.7151277015625 0.551819184375 0.7288801578124999 0.5523704515625 0.735756384375 0.5474090406250001 0.74361493125 0.5474090406250001 0.7524557953125 0.5606394703124999 0.7524557953125 0.563947078125 0.748526521875 0.562293275 0.7337917484375 0.5667034171875 0.7269155203125 0.5606394703124999 0.6905697453124999 0.5606394703124999 0.678781925 0.5694597578125 0.6571709234374999 0.5694597578125 0.63948919375 0.5667034171875 0.627701375 0.5678059531249999 0.622789784375 0.5589856671875 0.597249509375 0.5490628453124999 0.584479371875 0.5468577734375 0.5677799609374999 0.5385887546875 0.5677799609374999 0.53748621875 0.570726915625 0.539691290625 0.5913555984375 0.539140021875 0.6385068765625 0.535281146875 0.6650294703124999 0.539140021875 0.667976425
1 0.5341786109375 0.5402750484375 0.551267915625 0.53732809375 0.551819184375 0.5540275046875001 0.547960309375 0.571709234375 0.5490628453124999 0.584479371875 0.5562293281249999 0.5913555984375 0.5606394703124999 0.582514734375 0.564498346875 0.58840864375 0.5694597578125 0.616895875 0.5711135609375 0.63948919375 0.5727673656250001 0.646365421875 0.5777287765625 0.647347740625 0.5777287765625 0.6178781921875001 0.5738699 0.58840864375 0.5727673656250001 0.557956778125 0.5749724359374999 0.533398821875 0.5738699 0.51375245625 0.5606394703124999 0.482318271875 0.5562293281249999 0.481335953125 0.5529217203125001 0.48526522656250004 0.5463065046875 0.5235756390625 0.5435501656249999 0.5294695484374999 0.530871003125 0.5363457765625 0.5341786109375 0.5402750484375