2 0.4994487328125 0.558939096875 0.5055126796875 0.5363457765625 0.5038588749999999 0.5343811390625001 0.5011025359375 0.5383104125 0.49834619687500004 0.5491159140625 0.4928335171875 0.5599214140625 0.4944873203125 0.5658153234375 0.4994487328125 0.558939096875
2 0.4349503859375 0.749508840625 0.43880926093749995 0.7465618859375 0.43770672499999996 0.7396856578125 0.4432194046875 0.7082514734375 0.44266813593750004 0.699410609375 0.43880926093749995 0.7033398828124999 0.4349503859375 0.7200392921875001 0.439911796875 0.7170923375 0.439911796875 0.723968565625 0.43439911875000004 0.729862475 0.4349503859375 0.749508840625
2 0.834619625 0.6954813359375 0.8340683578125001 0.685658153125 0.8241455343749999 0.6650294703124999 0.8208379265625 0.6650294703124999 0.8197353906249999 0.667976425 0.8219404625 0.673870334375 0.8318632859375 0.6935167 0.834619625 0.6954813359375
2 0.039140021875 0.9872298625000001 0.034729878125 0.995088409375 0.0341786109375 0.99901768125 0.039691290625 0.99901768125 0.0418963609375 0.9901768171875001 0.039140021875 0.9872298625000001
2 0.17364939375 0.48526522656250004 0.1703417859375 0.48330058906250006 0.16923925 0.49115913593749994 0.1824696796875 0.506876228125 0.1824696796875 0.5 0.17364939375 0.48526522656250004
0 0.20727673593749998 0.5294695484374999 0.200661521875 0.52652259375 0.19955898593750002 0.5363457765625 0.202315325 0.5412573671875001 0.20672546875000003 0.5412573671875001 0.20727673593749998 0.5294695484374999
0 0.493936053125 0.56286836875 0.48566703437500003 0.56286836875 0.485115765625 0.570726915625 0.4867695703125 0.5726915515625 0.493936053125 0.570726915625 0.493936053125 0.56286836875
1 0.6868798234375 0.87131630625 0.6912899671875 0.8762278984374999 0.696251378125 0.877210215625 0.7034178609375 0.8889980359375 0.7083792718749999 0.90962671875 0.708930540625 0.943025540625 0.716648290625 0.9518664046875 0.721058434375 0.94990176875 0.7216097015625 0.9449901765625001 0.7160970234375 0.9253438109375001 0.717199559375 0.9076620828124999 0.7155457546874999 0.8889980359375 0.712789415625 0.8801571703125 0.712789415625 0.8693516703125 0.7177508265625 0.840864440625 0.7304299890625 0.826129665625 0.729327453125 0.8172888015625001 0.733737596875 0.8172888015625001 0.7331863281250001 0.7996070734375 0.7265711140625 0.7848722984375 0.7221609703125 0.780943025 0.7177508265625 0.7662082515625 0.7116868796875 0.763261296875 0.7083792718749999 0.7662082515625 0.70672546875 0.780943025 0.6968026453125 0.788801571875 0.6885336265625 0.801571709375 0.6857772875 0.8231827109375001 0.6852260203125 0.8447937124999999 0.6885336265625 0.8565815328124999 0.6868798234375 0.86051080625 0.6868798234375 0.87131630625
1 0.506615215625 0.51178781875 0.51212789375 0.5127701375 0.514332965625 0.517681728125 0.514332965625 0.5343811390625001 0.5165380374999999 0.5432220046875 0.5170893046875 0.571709234375 0.5126791625 0.576620825 0.5126791625 0.5805500984374999 0.5154355015625 0.584479371875 0.523153253125 0.584479371875 0.5242557890625 0.576620825 0.5220507171875 0.56286836875 0.5259095921875 0.558939096875 0.5380374859375 0.5795677796875001 0.539140021875 0.597249509375 0.542998896875 0.596267190625 0.5474090406250001 0.5874263265625 0.5474090406250001 0.576620825 0.5303197359375 0.5491159140625 0.5275633953125001 0.5284872296875001 0.5275633953125001 0.495088409375 0.5297684671875 0.49115913593749994 0.5297684671875 0.482318271875 0.5154355015625 0.45284872343749993 0.5110253578124999 0.44891945 0.50826901875 0.44990176875000004 0.5071664828125 0.453831040625 0.5077177515625 0.46365422343749996 0.5115766265625 0.47347740624999995 0.5126791625 0.49803536406250004 0.506615215625 0.51178781875
1 0.8428886437499999 0.750491159375 0.8423373765625 0.775049115625 0.8450937156249999 0.7779960703125 0.8500551265625 0.7711198421875001 0.8517089312499999 0.7583497046875001 0.85997795 0.749508840625 0.8616317531250001 0.699410609375 0.865490628125 0.6935167 0.869349503125 0.6935167 0.87210584375 0.698428290625 0.8726571109375 0.7072691546875001 0.8770672546875 0.7062868375 0.8770672546875 0.6807465625 0.874310915625 0.6709233796875 0.8737596468750001 0.6493123765625 0.869349503125 0.6434184671875001 0.8649393609375 0.6444007859374999 0.85997795 0.660117878125 0.8417861078125 0.661100196875 0.834619625 0.671905696875 0.8307607499999999 0.6817288796875001 0.8373759640625 0.7023575640625 0.8373759640625 0.7347740671875 0.8428886437499999 0.750491159375
1 0.2034178609375 0.9400785859375 0.2116868796875 0.9312377203125 0.21003307656249998 0.9066797640625 0.20507166406250002 0.9145383109375 0.202315325 0.9312377203125 0.1957001109375 0.9400785859375 0.1951488421875 0.96267190625 0.196251378125 0.9656188609375 0.19955898593750002 0.9656188609375 0.2034178609375 0.9400785859375
1 0.23759647187500002 0.9528487234374999 0.2403528109375 0.9587426328124999 0.2469680265625 0.9557956781250001 0.250275634375 0.9410609031250001 0.2431091515625 0.9273084484374999 0.24366041875 0.8889980359375 0.2403528109375 0.8909626718749999 0.23980154374999998 0.89685658125 0.2348401328125 0.9076620828124999 0.2342888640625 0.923379175 0.2370452046875 0.9322200390625 0.23594266875 0.943025540625 0.23759647187500002 0.9528487234374999
1 0.22326350625 0.8094302546875 0.22712238125 0.8172888015625001 0.23759647187500002 0.826129665625 0.2425578828125 0.8172888015625001 0.2425578828125 0.8055009828124999 0.23814773906250003 0.78192534375 0.23869900781250003 0.7524557953125 0.2353914 0.748526521875 0.23042998906249998 0.749508840625 0.224917309375 0.7593320234375 0.224917309375 0.770137525 0.21719955937500002 0.7937131625 0.221058434375 0.7986247546875 0.22326350625 0.8094302546875
1 0.2122381484375 0.9312377203125 0.21444321875 0.9410609031250001 0.212789415625 0.9656188609375 0.21719955937500002 0.9921414531250001 0.21830209531250003 0.995088409375 0.2243660421875 0.994106090625 0.22216097031249998 0.974459725 0.22326350625 0.9666011781250001 0.22601984531250002 0.96267190625 0.2403528109375 0.9833005890625 0.23980154374999998 0.99901768125 0.24751929375 0.99901768125 0.2480705625 0.9705304515625001 0.23042998906249998 0.94891945 0.22767365 0.9420432218749999 0.23098125625 0.92436149375 0.233737596875 0.9184675828125 0.2342888640625 0.9076620828124999 0.2425578828125 0.8880157171875 0.2469680265625 0.8673870328125 0.24751929375 0.85854616875 0.2442116875 0.8428290765625001 0.23814773906250003 0.826129665625 0.225468578125 0.8143418468749999 0.22160970156249998 0.7956778 0.21664829062500002 0.7956778 0.212789415625 0.7996070734375 0.2111356125 0.8241650296874999 0.208379271875 0.8280943031250001 0.20727673593749998 0.8418467578125 0.20507166406250002 0.84675835 0.2039691296875 0.8752455796874999 0.208379271875 0.8880157171875 0.2111356125 0.9076620828124999 0.2122381484375 0.9312377203125
1 0.15600882031250002 0.5422396859374999 0.16097023125 0.5422396859374999 0.16207276718750002 0.53732809375 0.1604189640625 0.532416503125 0.1604189640625 0.51178781875 0.16482910625 0.495088409375 0.1681367140625 0.504911590625 0.1681367140625 0.52455795625 0.17364939375 0.5284872296875001 0.17916207343749999 0.52455795625 0.1747519296875 0.5157170921875001 0.17364939375 0.50098231875 0.1780595375 0.48821218125000004 0.17750826875 0.46267190625000004 0.179713340625 0.44891945 0.17861080468749999 0.428290765625 0.1830209484375 0.417485265625 0.1830209484375 0.4106090375 0.1780595375 0.4076620828125 0.1708930546875 0.41159135625000004 0.16923925 0.42239685624999995 0.16097023125 0.4312377203125 0.1527012125 0.453831040625 0.1527012125 0.47347740624999995 0.15600882031250002 0.48330058906250006 0.1543550171875 0.53732809375 0.15600882031250002 0.5422396859374999
1 0.4432194046875 0.7406679765625 0.44818081562499995 0.7406679765625 0.4509371546875 0.7465618859375 0.45314222656250003 0.7711198421875001 0.45203969062500005 0.787819253125 0.448732084375 0.7986247546875 0.4476295484375 0.8388998031250001 0.43880926093749995 0.85756385 0.4393605296875 0.8634577609375 0.4465270125 0.8654223968749999 0.45203969062500005 0.85854616875 0.45314222656250003 0.8438113953125 0.45644983437500003 0.8339882125000001 0.4581036390625 0.8084479375000001 0.46306505 0.800589390625 0.469128996875 0.7996070734375 0.47850055156250004 0.7917485265625 0.4884233734375 0.787819253125 0.49117971406249994 0.7829076625 0.49173098125000003 0.776031434375 0.4867695703125 0.774066796875 0.481808159375 0.7789783890625 0.47023153281249996 0.7779960703125 0.47023153281249996 0.770137525 0.476846746875 0.748526521875 0.4762954796875 0.7200392921875001 0.47188533593750004 0.7043222 0.4581036390625 0.6944990171875001 0.4581036390625 0.6817288796875001 0.4558985671875 0.673870334375 0.448732084375 0.672888015625 0.44432194062499997 0.6777996078124999 0.4432194046875 0.697445971875 0.4393605296875 0.7062868375 0.43825799375 0.7278978390625 0.43439911875000004 0.748526521875 0.43770672499999996 0.750491159375 0.4432194046875 0.7406679765625