2 0.663175303125 0.64145383125 0.6681367140625001 0.64243615 0.6764057328125 0.6296660125 0.6764057328125 0.62671905625 0.6742006609375 0.6257367390625 0.665380375 0.6365422390625 0.6350606390625 0.6827111984374999 0.6334068359375 0.6895874265625 0.636163175 0.6895874265625 0.66482910625 0.647347740625 0.663175303125 0.64145383125
2 0.58710033125 0.7023575640625 0.6003307609374999 0.7033398828124999 0.605843440625 0.6954813359375 0.605843440625 0.685658153125 0.599228225 0.6915520625 0.5711135609375 0.686640471875 0.56615215 0.6886051078125 0.5606394703124999 0.685658153125 0.5567805953125 0.6876227890625 0.5562293281249999 0.6944990171875001 0.559536934375 0.697445971875 0.5777287765625 0.698428290625 0.58710033125 0.7023575640625
2 0.5627443125 0.64478031875 0.5606394703124999 0.64243615 0.562293275 0.6453831046875 0.5627443125 0.64478031875
2 0.5627443125 0.64478031875 0.5650496140625 0.647347740625 0.564498346875 0.64243615 0.5627443125 0.64478031875
1 0.6957001109375 0.5992141453125 0.69790518125 0.6021611 0.69790518125 0.6188605109374999 0.6951488421875001 0.62868369375 0.691841234375 0.660117878125 0.6912899671875 0.6876227890625 0.6934950390625 0.7023575640625 0.6912899671875 0.712180746875 0.6857772875 0.722986246875 0.6868798234375 0.7269155203125 0.6912899671875 0.7269155203125 0.700110253125 0.719056975 0.700110253125 0.6660117875 0.70672546875 0.6552062875 0.7094818078125 0.64243615 0.712789415625 0.6444007859374999 0.7155457546874999 0.6512770140625 0.7177508265625 0.7072691546875001 0.7188533625 0.710216109375 0.7238147734375 0.711198428125 0.7260198453125 0.7062868375 0.724917309375 0.660117878125 0.7227122375 0.6502946953125 0.7227122375 0.5864440078125 0.7265711140625 0.584479371875 0.73098125625 0.5913555984375 0.7342888640624999 0.5923379171875001 0.74366041875 0.609037328125 0.74751929375 0.610019646875 0.7480705624999999 0.6051080546875001 0.7425578828125 0.597249509375 0.733737596875 0.576620825 0.7265711140625 0.570726915625 0.721058434375 0.558939096875 0.708930540625 0.55108055 0.7039691296874999 0.5294695484374999 0.6995589859375 0.5284872296875001 0.6957001109375 0.5294695484374999 0.692392503125 0.53732809375 0.69404630625 0.5559921421875 0.6885336265625 0.571709234375 0.6879823593750001 0.5874263265625 0.6747519296875 0.6198428296875 0.6742006609375 0.62868369375 0.6780595375 0.6296660125 0.691841234375 0.60117878125 0.6957001109375 0.5992141453125
1 0.9581036390625 0.9921414531250001 0.9503858875000001 0.9666011781250001 0.9426681359375 0.953831040625 0.9305402421875 0.9420432218749999 0.9316427781250001 0.9145383109375 0.9294377062500001 0.9066797640625 0.9244762953125001 0.9017681734374999 0.9173098124999999 0.9007858546874999 0.9134509375000001 0.9047151281250001 0.9123484015625 0.9145383109375 0.9140022046875 0.9440078578125 0.9040793828125 0.9557956781250001 0.8996692390625001 0.969548134375 0.8969129 0.9901768171875001 0.8980154359375 0.99901768125 0.9581036390625 0.99901768125 0.9581036390625 0.9921414531250001
1 0.39581036406250003 0.7318271125 0.4057331859375 0.7269155203125 0.4123484015625 0.711198428125 0.41124586562500004 0.6689587421875001 0.41289966875 0.6149312375 0.40904079375 0.5933202359374999 0.41179713281249997 0.58840864375 0.4140022046875 0.570726915625 0.4123484015625 0.5599214140625 0.40793825781250004 0.5550098234374999 0.40132304375 0.5559921421875 0.3969129 0.5638506875 0.39581036406250003 0.584479371875 0.3914002203125 0.5943025546875 0.38919514843749997 0.610019646875 0.38919514843749997 0.6247544203125 0.39250275625 0.633595284375 0.39911797187500003 0.63948919375 0.39966923906249996 0.647347740625 0.39636163125 0.6502946953125 0.390848953125 0.6444007859374999 0.386438809375 0.647347740625 0.386438809375 0.6905697453124999 0.3836824703125 0.6944990171875001 0.369349503125 0.698428290625 0.36659316406250003 0.7082514734375 0.366041896875 0.7200392921875001 0.36824696874999996 0.723968565625 0.373759646875 0.7278978390625 0.39581036406250003 0.7318271125
1 0.35997795 0.763261296875 0.35997795 0.7593320234375 0.35722160937499997 0.7583497046875001 0.353362734375 0.750491159375 0.35170893125 0.736738703125 0.34785005468749997 0.736738703125 0.3472987875 0.7652259328125 0.35170893125 0.770137525 0.35611907343750004 0.76915520625 0.35997795 0.763261296875
1 0.32635060625 0.7288801578124999 0.32524807031249997 0.735756384375 0.31863285625 0.7455795671875001 0.3191841234375 0.7534381140625 0.32469680312500004 0.7534381140625 0.3274531421875 0.7465618859375 0.33461962500000003 0.7455795671875001 0.34288864375 0.729862475 0.34785005468749997 0.7151277015625 0.3550165375 0.710216109375 0.35997795 0.6944990171875001 0.3605292171875 0.684675834375 0.366041896875 0.671905696875 0.365490628125 0.6660117875 0.3704520390625 0.6404715125 0.3748621828125 0.6306483296875001 0.378169790625 0.6306483296875001 0.38919514843749997 0.64145383125 0.3969129 0.65324165 0.39966923906249996 0.6493123765625 0.39856670312500003 0.63948919375 0.382579934375 0.621807465625 0.3704520390625 0.60117878125 0.3710033078125 0.5795677796875001 0.369900771875 0.57563850625 0.365490628125 0.5726915515625 0.3605292171875 0.576620825 0.3588754140625 0.5923379171875001 0.3461962515625 0.6129666015625 0.3417861078125 0.6149312375 0.3335170890625 0.6375245578125 0.3340683578125 0.65225933125 0.33902976875 0.6699410609374999 0.33902976875 0.7043222 0.32635060625 0.7288801578124999
1 0.42171995625 0.584479371875 0.41345093750000006 0.57563850625 0.41289966875 0.58840864375 0.41675854531249995 0.5923379171875001 0.42171995625 0.5913555984375 0.42171995625 0.584479371875
1 0.3732083796875 0.5746561890625 0.3792723265625 0.5618860515625 0.3809261296875 0.5559921421875 0.37982359374999997 0.53732809375 0.382579934375 0.533398821875 0.3875413453125 0.5383104125 0.390297684375 0.55108055 0.3974641671875 0.546168959375 0.40022050781249996 0.5530451859375 0.4057331859375 0.5530451859375 0.40407938281250005 0.5383104125 0.40022050781249996 0.5284872296875001 0.394156559375 0.47053045156250006 0.3875413453125 0.455795678125 0.386438809375 0.4440078578125 0.382579934375 0.441060903125 0.3770672546875 0.44499017656250006 0.3748621828125 0.4646365421875 0.369900771875 0.47347740624999995 0.3687982359375 0.482318271875 0.36824696874999996 0.5098231828124999 0.3710033078125 0.5383104125 0.3687982359375 0.5736738703125 0.3732083796875 0.5746561890625
1 0.5176405734375 0.7033398828124999 0.5159867703125001 0.712180746875 0.510474090625 0.7200392921875001 0.5038588749999999 0.736738703125 0.5027563390625 0.7455795671875001 0.49558985624999996 0.7583497046875001 0.496141125 0.76915520625 0.5027563390625 0.76915520625 0.5049614109375 0.7534381140625 0.51212789375 0.74361493125 0.5198456453125 0.723968565625 0.530871003125 0.7161100203124999 0.5380374859375 0.7161100203124999 0.5474090406250001 0.723968565625 0.5402425578125001 0.762278978125 0.5441014328125 0.770137525 0.5529217203125001 0.7711198421875001 0.5490628453124999 0.750491159375 0.5562293281249999 0.7328094296875001 0.5573318640625 0.724950884375 0.5573318640625 0.7072691546875001 0.5551267921874999 0.69253438125 0.5589856671875 0.667976425 0.5589856671875 0.65324165 0.5545755234375 0.635559921875 0.5545755234375 0.608055009375 0.5501653796875 0.6041257375 0.5441014328125 0.6051080546875001 0.5424476296875 0.610019646875 0.5424476296875 0.62671905625 0.531422271875 0.634577603125 0.5220507171875 0.6493123765625 0.518743109375 0.660117878125 0.518743109375 0.6650294703124999 0.52480705625 0.678781925 0.5242557890625 0.6935167 0.5176405734375 0.7033398828124999