2 0.6521499453125 0.6051080546875001 0.6527012125 0.60117878125 0.6477398015625 0.60117878125 0.642778390625 0.6070726921875 0.6433296578125 0.6110019640625 0.6460859984375 0.6051080546875001 0.6477398015625 0.610019646875 0.6521499453125 0.6051080546875001
2 0.94597574375 0.7328094296875001 0.94597574375 0.736738703125 0.9520396906249999 0.7465618859375 0.9597574421875 0.7455795671875001 0.9707828 0.7288801578124999 0.9944873203125001 0.7062868375 0.993384784375 0.7023575640625 0.98787210625 0.7023575640625 0.9586549062499999 0.736738703125 0.9531422265625 0.736738703125 0.9498346203124999 0.7318271125 0.94597574375 0.7328094296875001
2 0.13506063906250002 0.8123772109375 0.138368246875 0.8172888015625001 0.1416758546875 0.8172888015625001 0.1394707828125 0.8133595281250001 0.1295479609375 0.8084479375000001 0.128445425 0.8133595281250001 0.13009922812500002 0.8163064828125 0.13506063906250002 0.8172888015625001 0.13506063906250002 0.8123772109375
2 0.10529217187499999 0.8064833 0.1047409046875 0.800589390625 0.0964718859375 0.7937131625 0.09481808124999999 0.7838899796875001 0.09095920625000001 0.775049115625 0.0876515984375 0.777013753125 0.0865490625 0.789783890625 0.09095920625000001 0.800589390625 0.1025358328125 0.80746561875 0.10529217187499999 0.8064833
2 0.44432194062499997 0.7652259328125 0.45314222656250003 0.7662082515625 0.46306505 0.736738703125 0.46306505 0.7210216109375 0.4536934953125 0.748526521875 0.448732084375 0.7583497046875001 0.443770671875 0.761296659375 0.44432194062499997 0.7652259328125
2 0.1725468578125 0.519646365625 0.16482910625 0.5039292734374999 0.1615215 0.5029469546875001 0.1543550171875 0.492141453125 0.15325248125 0.495088409375 0.15711135625 0.504911590625 0.1681367140625 0.519646365625 0.1725468578125 0.519646365625
2 0.8395810359375 0.9567779953125 0.8373759640625 0.9567779953125 0.8357221609375 0.96267190625 0.834619625 0.994106090625 0.8357221609375 0.99901768125 0.8395810359375 0.99901768125 0.8395810359375 0.9567779953125
2 0.6030871 0.6385068765625 0.601433296875 0.635559921875 0.5898566703125 0.6434184671875001 0.5738699 0.6434184671875001 0.57442116875 0.65225933125 0.5815876515625 0.6561886046875001 0.5997794921875 0.6434184671875001 0.6030871 0.6385068765625
1 0.9834619625000001 0.646365421875 0.9829106953125001 0.6512770140625 0.985667034375 0.65225933125 0.9862183015625 0.6493123765625 0.9834619625000001 0.646365421875
1 0.9779492828125 0.63948919375 0.9779492828125 0.6119842828125 0.9807056234375 0.60117878125 0.985115765625 0.610019646875 0.985667034375 0.6257367390625 0.9922822484375 0.6257367390625 0.9922822484375 0.558939096875 0.9944873203125001 0.53732809375 0.9884233734375 0.518664046875 0.9867695703124999 0.504911590625 0.9834619625000001 0.50098231875 0.9785005515625 0.5039292734374999 0.977398015625 0.507858546875 0.976846746875 0.5530451859375 0.973539140625 0.5618860515625 0.973539140625 0.5795677796875001 0.9707828 0.5923379171875001 0.9718853359375 0.621807465625 0.9674751921875 0.63948919375 0.9729878718749999 0.64243615 0.9779492828125 0.63948919375
1 0.46802646093750006 0.7092337921875 0.4707828 0.7151277015625 0.47023153281249996 0.738703340625 0.476846746875 0.774066796875 0.476846746875 0.7848722984375 0.472987871875 0.7956778 0.472987871875 0.800589390625 0.48070562343749995 0.800589390625 0.48566703437500003 0.7917485265625 0.4867695703125 0.7848722984375 0.49117971406249994 0.7838899796875001 0.49228224843749996 0.7799607078124999 0.489525909375 0.749508840625 0.485115765625 0.7347740671875 0.489525909375 0.6905697453124999 0.4867695703125 0.67976424375 0.485115765625 0.6561886046875001 0.47739801562500006 0.6453831046875 0.47353914062499997 0.6316306484374999 0.468577728125 0.6306483296875001 0.4663726578125 0.633595284375 0.465270121875 0.6434184671875001 0.469128996875 0.65422396875 0.47023153281249996 0.6905697453124999 0.46802646093750006 0.7092337921875
1 0.9917309812499999 0.6895874265625 0.9867695703124999 0.6915520625 0.9867695703124999 0.697445971875 0.9900771781250001 0.698428290625 0.9944873203125001 0.7092337921875 0.9906284453125 0.71807465625 0.9911797140624999 0.7347740671875 0.9939360531249999 0.748526521875 0.9889746421875 0.7583497046875001 0.9829106953125001 0.763261296875 0.98787210625 0.76915520625 0.9994487328125 0.7711198421875001 0.9994487328125 0.6493123765625 0.9966923921875 0.648330059375 0.9944873203125001 0.6306483296875001 0.9917309812499999 0.62671905625 0.9867695703124999 0.62671905625 0.9840132296874999 0.6404715125 0.9840132296874999 0.646365421875 0.989525909375 0.6571709234374999 0.9922822484375 0.685658153125 0.9917309812499999 0.6895874265625
1 0.1168687984375 0.85756385 0.12017640624999999 0.8693516703125 0.12403528125 0.8978389 0.12127894218749999 0.9106090375000001 0.13065049687500002 0.9194499015625001 0.136163175 0.9204322203125 0.1334068359375 0.89882121875 0.13506063906250002 0.8889980359375 0.142778390625 0.872298625 0.1433296578125 0.85854616875 0.128445425 0.8290766203125 0.1273428890625 0.82023575625 0.13065049687500002 0.800589390625 0.134509371875 0.800589390625 0.138919515625 0.8084479375000001 0.1394707828125 0.8163064828125 0.1416758546875 0.82023575625 0.1433296578125 0.821218075 0.1460859984375 0.8133595281250001 0.138919515625 0.7927308453124999 0.1378169796875 0.7799607078124999 0.134509371875 0.775049115625 0.1328555671875 0.75638506875 0.13009922812500002 0.748526521875 0.12568908437499998 0.7465618859375 0.11852260156250001 0.749508840625 0.117420065625 0.770137525 0.10859977968750001 0.787819253125 0.10749724375 0.7986247546875 0.105843440625 0.8300589390625 0.10915104687499999 0.84577603125 0.113561190625 0.8555992140625 0.1168687984375 0.85756385
1 0.15325248125 0.525540275 0.14939360468750001 0.558939096875 0.154906284375 0.56286836875 0.15711135625 0.53929273125 0.163726571875 0.5166994109374999 0.16923925 0.5216110015625001 0.16979051875 0.5422396859374999 0.1747519296875 0.5491159140625 0.1780595375 0.5491159140625 0.179713340625 0.545186640625 0.1703417859375 0.505893909375 0.1725468578125 0.469548134375 0.16923925 0.45972495156250004 0.1681367140625 0.4440078578125 0.16482910625 0.44007858593750004 0.1615215 0.441060903125 0.159316428125 0.455795678125 0.15600882031250002 0.45776031406250006 0.150496140625 0.469548134375 0.14939360468750001 0.482318271875 0.1543550171875 0.49803536406250004 0.155457553125 0.519646365625 0.15325248125 0.525540275
1 0.4779492828125 0.5471512765625001 0.4779492828125 0.570726915625 0.47519294375000004 0.576620825 0.47188533593750004 0.60117878125 0.469128996875 0.6051080546875001 0.469128996875 0.61591355625 0.4740904078125 0.6178781921875001 0.4762954796875 0.61394891875 0.4779492828125 0.5943025546875 0.481256890625 0.5854616890625 0.48456449843750005 0.584479371875 0.489525909375 0.597249509375 0.49117971406249994 0.608055009375 0.49007717812499996 0.616895875 0.4862183015625 0.62671905625 0.49117971406249994 0.6296660125 0.4966923921875 0.62671905625 0.4988974640625 0.620825146875 0.49117971406249994 0.5785854609375 0.4906284453125 0.517681728125 0.48291069531249997 0.5019646359375 0.481256890625 0.49115913593749994 0.47739801562500006 0.48821218125000004 0.472987871875 0.49115913593749994 0.4762954796875 0.51178781875 0.4762954796875 0.532416503125 0.4724366046875 0.5422396859374999 0.4779492828125 0.5471512765625001
1 0.6080485109375 0.621807465625 0.6052921718750001 0.6296660125 0.6108048515625 0.6316306484374999 0.6130099234374999 0.62868369375 0.614112459375 0.6552062875 0.617420065625 0.671905696875 0.617420065625 0.6817288796875001 0.614112459375 0.6895874265625 0.6157662625 0.6915520625 0.6163175296875 0.7023575640625 0.622381478125 0.7033398828124999 0.6251378171875001 0.7013752453125 0.6267916203125 0.6886051078125 0.6251378171875001 0.65225933125 0.630099228125 0.64243615 0.6317530312499999 0.6237721015625 0.630099228125 0.597249509375 0.6240352812500001 0.582514734375 0.6163175296875 0.5746561890625 0.6130099234374999 0.5599214140625 0.6074972437499999 0.558939096875 0.6041896359375001 0.56286836875 0.6041896359375001 0.57563850625 0.6080485109375 0.5854616890625 0.609702315625 0.6021611 0.6080485109375 0.621807465625
1 0.5275633953125001 0.5913555984375 0.5341786109375 0.61394891875 0.5336273421875 0.6257367390625 0.5385887546875 0.62671905625 0.5402425578125001 0.6188605109374999 0.53748621875 0.60314341875 0.53748621875 0.5923379171875001 0.5418963609375 0.584479371875 0.5435501656249999 0.569744596875 0.54520396875 0.5667976421875001 0.5507166484375 0.5667976421875001 0.5501653796875 0.5530451859375 0.5474090406250001 0.5363457765625 0.5418963609375 0.52455795625 0.5358324140625 0.519646365625 0.5297684671875 0.5039292734374999 0.5220507171875 0.504911590625 0.5214994484375 0.5216110015625001 0.518191840625 0.5422396859374999 0.5259095921875 0.5471512765625001 0.5275633953125001 0.5913555984375
1 0.6521499453125 0.6326129671875 0.6598676953125 0.659135559375 0.659316428125 0.672888015625 0.6560088203125 0.6807465625 0.6560088203125 0.6886051078125 0.66097023125 0.6905697453124999 0.6664829109375 0.6817288796875001 0.66482910625 0.62868369375 0.6692392500000001 0.610019646875 0.6692392500000001 0.5795677796875001 0.6708930546875 0.5726915515625 0.6708930546875 0.56286836875 0.6681367140625001 0.55009823125 0.6681367140625001 0.5343811390625001 0.6659316421875 0.530451865625 0.66097023125 0.5294695484374999 0.6576626234375 0.5363457765625 0.658765159375 0.557956778125 0.6560088203125 0.5677799609374999 0.6521499453125 0.5726915515625 0.6521499453125 0.57760314375 0.6543550171875 0.5815324171875 0.6515986765624999 0.61591355625 0.6521499453125 0.6326129671875