2 0.5358324140625 0.5785854609375 0.5435501656249999 0.5805500984374999 0.542998896875 0.57563850625 0.5402425578125001 0.57563850625 0.5363836828124999 0.5687622796875 0.52480705625 0.558939096875 0.5170893046875 0.5471512765625001 0.5115766265625 0.545186640625 0.509922821875 0.546168959375 0.509922821875 0.55009823125 0.5226019843749999 0.5658153234375 0.5358324140625 0.5785854609375
2 0.23042998906249998 0.8388998031250001 0.2342888640625 0.8388998031250001 0.24862182968750002 0.8192534374999999 0.250275634375 0.8133595281250001 0.24751929375 0.8123772109375 0.23869900781250003 0.8222003921875001 0.23980154374999998 0.8300589390625 0.23814773906250003 0.832023575 0.2353914 0.8280943031250001 0.23042998906249998 0.8388998031250001
2 0.250275634375 0.8133595281250001 0.24751929375 0.8123772109375 0.22767365 0.8369351671875 0.21885336249999998 0.8339882125000001 0.2149944875 0.8379174859375 0.21444321875 0.8418467578125 0.21885336249999998 0.84577603125 0.22932745312499997 0.84675835 0.250275634375 0.8133595281250001
1 0.8313120171874999 0.47544204375000004 0.8318632859375 0.481335953125 0.8307607499999999 0.495088409375 0.8269018750000001 0.5 0.8263506062499999 0.51178781875 0.8313120171874999 0.5235756390625 0.8357221609375 0.5667976421875001 0.8461962515625 0.5677799609374999 0.8472987875 0.56286836875 0.8434399125 0.545186640625 0.844542446875 0.5284872296875001 0.8401323046875 0.51178781875 0.8428886437499999 0.507858546875 0.8522601984374999 0.47053045156250006 0.8555678062500001 0.4646365421875 0.857221609375 0.4518664046875 0.8561190734374999 0.443025540625 0.8522601984374999 0.4332023578125 0.8428886437499999 0.4184675828125 0.8384785000000001 0.3998035359375 0.8307607499999999 0.3978389 0.8296582140625001 0.402750490625 0.8296582140625001 0.430255403125 0.8274531421875 0.4361493125 0.8252480703125 0.468565815625 0.8313120171874999 0.47544204375000004
1 0.6692392500000001 0.761296659375 0.6708930546875 0.7583497046875001 0.66979051875 0.7534381140625 0.6582138921875 0.7524557953125 0.65711135625 0.7534381140625 0.6598676953125 0.7583497046875001 0.6637265718750001 0.761296659375 0.6692392500000001 0.761296659375
1 0.66097023125 0.698428290625 0.66097023125 0.7023575640625 0.6659316421875 0.7013752453125 0.6714443218749999 0.6944990171875001 0.67364939375 0.6827111984374999 0.67750826875 0.6777996078124999 0.6830209484374999 0.686640471875 0.6852260203125 0.6944990171875001 0.68136714375 0.7033398828124999 0.6824696796875 0.7406679765625 0.6885336265625 0.762278978125 0.6830209484374999 0.7671905703124999 0.6830209484374999 0.7711198421875001 0.6868798234375 0.774066796875 0.69845645 0.7711198421875001 0.7006615218750001 0.7779960703125 0.69845645 0.800589390625 0.702315325 0.8045186640624999 0.7072767359375 0.8035363453125001 0.7160970234375 0.788801571875 0.7155457546874999 0.7838899796875001 0.704520396875 0.7652259328125 0.6957001109375 0.7396856578125 0.6957001109375 0.7337917484375 0.7056229328125 0.698428290625 0.7039691296874999 0.6748526515625 0.6990077171875 0.6630648328125 0.6951488421875001 0.6404715125 0.68632855625 0.627701375 0.6769570015624999 0.620825146875 0.67364939375 0.60117878125 0.6681367140625001 0.60117878125 0.66482910625 0.6060903734374999 0.6703417859374999 0.633595284375 0.6708930546875 0.6552062875 0.6692392500000001 0.6777996078124999 0.66097023125 0.698428290625
1 0.468577728125 0.570726915625 0.4779492828125 0.558939096875 0.481808159375 0.557956778125 0.4823594265625 0.5874263265625 0.4928335171875 0.5874263265625 0.493936053125 0.583497053125 0.4884233734375 0.570726915625 0.48787210625000005 0.53929273125 0.49117971406249994 0.5343811390625001 0.502205071875 0.5284872296875001 0.5011025359375 0.5216110015625001 0.5038588749999999 0.5157170921875001 0.50826901875 0.517681728125 0.50826901875 0.52455795625 0.5115766265625 0.520628684375 0.510474090625 0.517681728125 0.5126791625 0.507858546875 0.5154355015625 0.5039292734374999 0.5088202859375001 0.494106090625 0.5115766265625 0.474459725 0.509922821875 0.466601178125 0.5005512671875 0.466601178125 0.49834619687500004 0.47249508906250004 0.49117971406249994 0.474459725 0.481808159375 0.4872298625 0.4762954796875 0.50098231875 0.4740904078125 0.5127701375 0.4762954796875 0.530451865625 0.4740904078125 0.5491159140625 0.45534729843750005 0.5677799609374999 0.45203969062500005 0.5677799609374999 0.44818081562499995 0.5736738703125 0.4476295484375 0.584479371875 0.4509371546875 0.584479371875 0.4581036390625 0.576620825 0.468577728125 0.570726915625
1 0.3875413453125 0.6247544203125 0.386438809375 0.6434184671875001 0.382579934375 0.65422396875 0.378169790625 0.6895874265625 0.3754134515625 0.698428290625 0.37651598750000004 0.7033398828124999 0.382028665625 0.7062868375 0.386438809375 0.7023575640625 0.3919514890625 0.6502946953125 0.40022050781249996 0.63948919375 0.40738699062499995 0.6512770140625 0.41124586562500004 0.6512770140625 0.4123484015625 0.647347740625 0.41289966875 0.6149312375 0.42171995625 0.570726915625 0.41179713281249997 0.544204321875 0.41124586562500004 0.52455795625 0.40959206249999996 0.520628684375 0.402976846875 0.520628684375 0.39966923906249996 0.525540275 0.39911797187500003 0.545186640625 0.390297684375 0.556974459375 0.386438809375 0.5736738703125 0.386438809375 0.5874263265625 0.390848953125 0.60117878125 0.390848953125 0.609037328125 0.3875413453125 0.6247544203125
1 0.8153252484375001 0.6807465625 0.807607496875 0.70530451875 0.8004410140625 0.711198428125 0.799889746875 0.7170923375 0.8037486218750001 0.719056975 0.8081587656250001 0.711198428125 0.8213891953125 0.7062868375 0.8230429984375001 0.7082514734375 0.8197353906249999 0.7278978390625 0.8197353906249999 0.74361493125 0.8213891953125 0.749508840625 0.83902976875 0.75638506875 0.8649393609375 0.7534381140625 0.8638368249999999 0.7455795671875001 0.8517089312499999 0.722986246875 0.8522601984374999 0.7151277015625 0.8561190734374999 0.710216109375 0.8561190734374999 0.6915520625 0.8472987875 0.6561886046875001 0.834619625 0.6316306484374999 0.83020948125 0.61394891875 0.8208379265625 0.609037328125 0.8175303203125001 0.610019646875 0.8158765156250001 0.61591355625 0.8158765156250001 0.6257367390625 0.8197353906249999 0.64243615 0.8158765156250001 0.660117878125 0.8153252484375001 0.6807465625
1 0 0.9960707265625001 0.0011025359375 0.99901768125 0.016538037499999998 0.99901768125 0.0214994484375 0.9901768171875001 0.0214994484375 0.9656188609375 0.0292172 0.9577603140625 0.0358324140625 0.9440078578125 0.034729878125 0.9066797640625 0.0292172 0.8899803531250001 0.0203969125 0.88408644375 0.0170893046875 0.878192534375 0.0170893046875 0.8683693515625001 0.02094818125 0.852652259375 0.018191840625 0.8428290765625001 0.0088202859375 0.8428290765625001 0.0033076078124999997 0.84675835 0.0011025359375 0.851669940625 0 0.8644400781250001 0.002205071875 0.8683693515625001 0.0027563390625 0.8801571703125 0 0.8850687625000001 0 0.9960707265625001
1 0.27067254687500003 0.7779960703125 0.27067254687500003 0.7829076625 0.2761852265625 0.7838899796875001 0.28941565625 0.762278978125 0.291069459375 0.7652259328125 0.2899669234375 0.78192534375 0.2866593171875 0.7956778 0.28555678125 0.8182711203125 0.282800440625 0.8300589390625 0.28059536875 0.8673870328125 0.27673649375 0.8762278984374999 0.27067254687500003 0.8821218078124999 0.27067254687500003 0.8850687625000001 0.2783902984375 0.8929273078125 0.2861080484375 0.8909626718749999 0.2866593171875 0.8634577609375 0.291069459375 0.84577603125 0.29272326406250004 0.8300589390625 0.3042998890625 0.8104125734375 0.3114663734375 0.827111984375 0.3125689078125 0.84675835 0.31642778437499997 0.8565815328124999 0.319735390625 0.877210215625 0.31863285625 0.8939096265625001 0.3213891953125 0.9007858546874999 0.32635060625 0.9017681734374999 0.328555678125 0.8978389 0.328555678125 0.8929273078125 0.32635060625 0.88408644375 0.32579933906249997 0.8555992140625 0.319735390625 0.8241650296874999 0.3208379265625 0.788801571875 0.3180815875 0.74361493125 0.3208379265625 0.737721021875 0.3291069453125 0.736738703125 0.3291069453125 0.7278978390625 0.3208379265625 0.7082514734375 0.31642778437499997 0.7033398828124999 0.30981256875 0.7013752453125 0.30595369375 0.6954813359375 0.30595369375 0.6827111984374999 0.30374862187499996 0.671905696875 0.29603087031249997 0.6699410609374999 0.29217199531250004 0.6748526515625 0.29382579999999997 0.7043222 0.2866593171875 0.7170923375 0.2811466375 0.75638506875 0.27067254687500003 0.7779960703125
1 0.16758544687500002 0.6434184671875001 0.1681367140625 0.6807465625 0.16482910625 0.6895874265625 0.16097023125 0.6905697453124999 0.1604189640625 0.698428290625 0.1664829109375 0.7033398828124999 0.1742006609375 0.7013752453125 0.1764057328125 0.6375245578125 0.1824696796875 0.620825146875 0.1852260203125 0.6178781921875001 0.18963616249999998 0.627701375 0.1968026453125 0.6561886046875001 0.2039691296875 0.671905696875 0.20562293281250002 0.6886051078125 0.20948180781249998 0.6935167 0.21830209531250003 0.6935167 0.21719955937500002 0.6836935171875 0.21389195156250002 0.6817288796875001 0.20948180781249998 0.671905696875 0.20727673593749998 0.6493123765625 0.2012127890625 0.6296660125 0.200110253125 0.5805500984374999 0.20286659375 0.56286836875 0.19955898593750002 0.55108055 0.1957001109375 0.55009823125 0.179713340625 0.533398821875 0.175854465625 0.5216110015625001 0.16923925 0.520628684375 0.1664829109375 0.52652259375 0.165380375 0.544204321875 0.1604189640625 0.5530451859375 0.158765159375 0.56483300625 0.1604189640625 0.584479371875 0.171995590625 0.5913555984375 0.16758544687500002 0.6434184671875001
1 0.5562293281249999 0.6051080546875001 0.5562293281249999 0.6365422390625 0.5529217203125001 0.647347740625 0.551267915625 0.7003929265625 0.5523704515625 0.7033398828124999 0.5573318640625 0.7013752453125 0.55788313125 0.684675834375 0.5633958109375 0.65225933125 0.5650496140625 0.62868369375 0.57056229375 0.6198428296875 0.58213891875 0.6316306484374999 0.5826901875 0.6561886046875001 0.584895259375 0.6689587421875001 0.5832414546875 0.6954813359375 0.584895259375 0.698428290625 0.5904079375 0.698428290625 0.59095920625 0.627701375 0.5865490624999999 0.6119842828125 0.5837927234375 0.5913555984375 0.5876515984374999 0.57563850625 0.5882028671875 0.5550098234374999 0.5859977953125 0.5432220046875 0.5755237046875 0.5284872296875001 0.5738699 0.507858546875 0.5694597578125 0.507858546875 0.5650496140625 0.51375245625 0.563947078125 0.5284872296875001 0.555678059375 0.53929273125 0.551819184375 0.55108055 0.5529217203125001 0.571709234375 0.5573318640625 0.5795677796875001 0.55788313125 0.5913555984375 0.5562293281249999 0.6051080546875001
1 0.40518191875 0.7220039296875 0.40407938281250005 0.7573673875 0.39966923906249996 0.7662082515625 0.40407938281250005 0.7907662078125 0.40959206249999996 0.7966601171875001 0.41179713281249997 0.7956778 0.41289966875 0.775049115625 0.42502756406250003 0.7524557953125 0.43384785 0.711198428125 0.4432194046875 0.65225933125 0.44707827968749997 0.647347740625 0.448732084375 0.63948919375 0.44707827968749997 0.610019646875 0.4432194046875 0.6021611 0.43880926093749995 0.60117878125 0.43550165312500005 0.596267190625 0.4349503859375 0.57563850625 0.4327453140625 0.5677799609374999 0.4266813671875 0.5667976421875001 0.4244762953125 0.571709234375 0.4228224921875 0.5795677796875001 0.4228224921875 0.596267190625 0.4173098125 0.6051080546875001 0.41345093750000006 0.621807465625 0.41289966875 0.6748526515625 0.4101433296875 0.6886051078125 0.4101433296875 0.7033398828124999 0.40518191875 0.7220039296875
1 0.5529217203125001 0.5795677796875001 0.551267915625 0.5746561890625 0.5463065046875 0.576620825 0.5446527015625 0.5795677796875001 0.5463065046875 0.584479371875 0.5507166484375 0.584479371875 0.5529217203125001 0.5795677796875001
1 0.5214994484375 0.5363457765625 0.5159867703125001 0.5402750484375 0.5126791625 0.5363457765625 0.51212789375 0.520628684375 0.50826901875 0.520628684375 0.50826901875 0.5412573671875001 0.509922821875 0.546168959375 0.518191840625 0.5491159140625 0.5380374859375 0.532416503125 0.542998896875 0.52455795625 0.564498346875 0.5157170921875001 0.5650496140625 0.5039292734374999 0.5606394703124999 0.493123771875 0.55788313125 0.468565815625 0.56174200625 0.44007858593750004 0.5611907390625 0.42730844843750004 0.5573318640625 0.423379175 0.5534729875 0.42436149375000004 0.5463065046875 0.43516699374999995 0.535281146875 0.46561886093749993 0.5319735390625 0.492141453125 0.5336273421875 0.5157170921875001 0.5214994484375 0.5363457765625