2 0.601433296875 0.570726915625 0.601433296875 0.56483300625 0.599228225 0.56286836875 0.601433296875 0.558939096875 0.6003307609374999 0.5599214140625 0.5942668140625 0.570726915625 0.59536935 0.5746561890625 0.5997794921875 0.5746561890625 0.601433296875 0.570726915625
2 0.6041896359375001 0.48821218125000004 0.601433296875 0.48526522656250004 0.5997794921875 0.4901768171875 0.599228225 0.5294695484374999 0.601433296875 0.53732809375 0.60363836875 0.5216110015625001 0.6041896359375001 0.48821218125000004
2 0.50441014375 0.6051080546875001 0.50826901875 0.6041257375 0.5132304296875 0.5943025546875 0.518743109375 0.5893909625 0.5226019843749999 0.57563850625 0.5176405734375 0.57563850625 0.5110253578124999 0.58840864375 0.5 0.597249509375 0.5 0.60117878125 0.50441014375 0.6051080546875001
2 0.76405733125 0.609037328125 0.76405733125 0.60314341875 0.7613009921875 0.60117878125 0.750275634375 0.6178781921875001 0.7392502750000001 0.627701375 0.729327453125 0.64243615 0.7199558984375 0.6493123765625 0.7183020953125 0.65225933125 0.7199558984375 0.6561886046875001 0.725468578125 0.65324165 0.76405733125 0.609037328125
2 0.1130099234375 0.84577603125 0.1163175296875 0.84577603125 0.1124586546875 0.8300589390625 0.105843440625 0.82023575625 0.1041896359375 0.8133595281250001 0.101433296875 0.8133595281250001 0.100882028125 0.8172888015625001 0.10363836875000002 0.821218075 0.10859977968750001 0.840864440625 0.1130099234375 0.84577603125
2 0.3842337375 0.5 0.382579934375 0.5019646359375 0.382579934375 0.5550098234374999 0.386438809375 0.5363457765625 0.385887540625 0.5039292734374999 0.3842337375 0.5
2 0.307607496875 0.749508840625 0.29658213906249997 0.7721021609375 0.29272326406250004 0.7838899796875001 0.29603087031249997 0.7838899796875001 0.307607496875 0.761296659375 0.307607496875 0.749508840625
2 0.64002205 0.9273084484374999 0.6433296578125 0.9361493125000001 0.6438809265625001 0.9332023578124999 0.6416758546875 0.929273084375 0.6438809265625001 0.9273084484374999 0.6433296578125 0.9135559921875 0.6378169796875001 0.8742632609375001 0.6378169796875001 0.8546168953125 0.636163175 0.8497053046874999 0.6334068359375 0.8497053046874999 0.6312017640625001 0.851669940625 0.6312017640625001 0.866404715625 0.638368246875 0.9056974453125 0.64002205 0.9273084484374999
2 0.638368246875 0.9322200390625 0.6295479609375 0.92436149375 0.6245865484374999 0.9017681734374999 0.6207276734375 0.903732809375 0.621830209375 0.9263261296874999 0.636163175 0.9390962671875001 0.6416758546875 0.9390962671875001 0.638368246875 0.9322200390625
1 0.8406835718749999 0.479371315625 0.8406835718749999 0.494106090625 0.8384785000000001 0.507858546875 0.83902976875 0.5108055015625 0.8423373765625 0.51178781875 0.844542446875 0.5019646359375 0.8500551265625 0.49901768124999996 0.8517089312499999 0.495088409375 0.848952590625 0.47249508906250004 0.8561190734374999 0.4567779953125 0.8588754140624999 0.43713163125000004 0.8561190734374999 0.415520628125 0.8522601984374999 0.40962671874999995 0.8500551265625 0.39882121875 0.8478500546875001 0.3978389 0.8395810359375 0.4135559921875 0.836273428125 0.43222003906250006 0.8357221609375 0.44499017656250006 0.8373759640625 0.44990176875000004 0.8379272328124999 0.468565815625 0.8406835718749999 0.479371315625
1 0.0468577734375 0.5618860515625 0.0463065046875 0.5785854609375 0.0507166484375 0.5795677796875001 0.0584343984375 0.571709234375 0.060088203124999996 0.584479371875 0.06504961406250001 0.584479371875 0.06504961406250001 0.557956778125 0.0606394703125 0.544204321875 0.0606394703125 0.525540275 0.064498346875 0.5166994109374999 0.06504961406250001 0.49803536406250004 0.0606394703125 0.482318271875 0.0534729875 0.474459725 0.05126791562500001 0.4587426328125 0.0490628453125 0.45776031406250006 0.0446527015625 0.46267190625000004 0.043550165625 0.47642436093749996 0.039140021875 0.48330058906250006 0.0363836828125 0.495088409375 0.0358324140625 0.506876228125 0.0418963609375 0.52455795625 0.0402425578125 0.546168959375 0.0468577734375 0.5618860515625
1 0.768467475 0.608055009375 0.7701212796875 0.61394891875 0.7679162078124999 0.6502946953125 0.7723263499999999 0.6660117875 0.7723263499999999 0.6768172890625 0.766262403125 0.685658153125 0.7679162078124999 0.6886051078125 0.7772877625 0.6886051078125 0.7794928328124999 0.697445971875 0.7822491734375 0.699410609375 0.78941565625 0.697445971875 0.7905181921875 0.6886051078125 0.7877618515625 0.6777996078124999 0.7855567812500001 0.6502946953125 0.787210584375 0.5893909625 0.7734288859375 0.5667976421875001 0.76901874375 0.5471512765625001 0.7651598671875 0.5471512765625001 0.7618522609375 0.55108055 0.7607497249999999 0.558939096875 0.7651598671875 0.5746561890625 0.7651598671875 0.6051080546875001 0.768467475 0.608055009375
1 0.609702315625 0.5294695484374999 0.6168687984375001 0.546168959375 0.617971334375 0.5618860515625 0.6212789421875 0.56286836875 0.6245865484374999 0.557956778125 0.6251378171875001 0.545186640625 0.6201764062499999 0.531434184375 0.6196251375 0.520628684375 0.621830209375 0.50098231875 0.626240353125 0.48526522656250004 0.626240353125 0.47642436093749996 0.6163175296875 0.45972495156250004 0.6157662625 0.45284872343749993 0.6130099234374999 0.44793713124999995 0.6080485109375 0.44990176875000004 0.606945975 0.46267190625000004 0.6030871 0.4715127703125 0.6030871 0.482318271875 0.609702315625 0.5294695484374999
1 0.8665931640625001 0.9577603140625 0.865490628125 0.9833005890625 0.8710033078125001 0.99901768125 0.8891951484374999 0.99901768125 0.890848953125 0.9597249515625 0.8952590953125 0.9361493125000001 0.894707828125 0.923379175 0.890297684375 0.9145383109375 0.87982359375 0.9076620828124999 0.8765159875 0.8889980359375 0.8732083796874999 0.8850687625000001 0.865490628125 0.8850687625000001 0.8621830203125 0.8939096265625001 0.8638368249999999 0.9106090375000001 0.8594266812500001 0.9204322203125 0.8594266812500001 0.9253438109375001 0.8665931640625001 0.9577603140625
1 0.66979051875 0.99901768125 0.6703417859374999 0.9960707265625001 0.6742006609375 0.994106090625 0.6725468578125 0.9616895875000001 0.6703417859374999 0.9577603140625 0.667585446875 0.9400785859375 0.6637265718750001 0.9341846765625 0.6637265718750001 0.9273084484374999 0.66097023125 0.9194499015625001 0.6504961406249999 0.9194499015625001 0.6477398015625 0.928290765625 0.6477398015625 0.9390962671875001 0.6394707828125 0.9400785859375 0.64057331875 0.9518664046875 0.636163175 0.979371315625 0.6416758546875 0.99901768125 0.66979051875 0.99901768125
1 0.6681367140625001 0.9361493125000001 0.6692392500000001 0.9508840859375001 0.67364939375 0.9656188609375 0.6742006609375 0.994106090625 0.6819184125 0.995088409375 0.6830209484374999 0.99901768125 0.7078280046875001 0.99901768125 0.7083792718749999 0.9783889984374999 0.7039691296874999 0.9597249515625 0.7034178609375 0.9312377203125 0.7006615218750001 0.9273084484374999 0.692392503125 0.9263261296874999 0.68632855625 0.9017681734374999 0.6780595375 0.903732809375 0.6786108046875 0.9263261296874999 0.675854465625 0.9302554031250001 0.6703417859374999 0.9312377203125 0.6681367140625001 0.9361493125000001
1 0.0755237046875 0.8762278984374999 0.0771775078125 0.8811394890625 0.08379272343750001 0.8821218078124999 0.089305403125 0.8889980359375 0.1025358328125 0.8899803531250001 0.1025358328125 0.88408644375 0.09536934999999999 0.8791748531250001 0.09536934999999999 0.8644400781250001 0.0997794921875 0.84577603125 0.1003307609375 0.8310412578124999 0.09151047343749999 0.8064833 0.0959206171875 0.8045186640624999 0.101433296875 0.8163064828125 0.10363836875000002 0.8094302546875 0.0997794921875 0.7996070734375 0.09536934999999999 0.750491159375 0.09206174218749999 0.7406679765625 0.09481808124999999 0.723968565625 0.09151047343749999 0.7170923375 0.0865490625 0.7170923375 0.08213891875 0.722986246875 0.08213891875 0.7396856578125 0.0755237046875 0.7544204328124999 0.0694597578125 0.7799607078124999 0.067805953125 0.80746561875 0.0738699 0.827111984375 0.0815876515625 0.8379174859375 0.0755237046875 0.8762278984374999
1 0.32249173125 0.78192534375 0.3180815875 0.761296659375 0.3180815875 0.737721021875 0.3213891953125 0.7328094296875001 0.32635060625 0.7406679765625 0.33020948125 0.7534381140625 0.3417861078125 0.7662082515625 0.344542446875 0.7721021609375 0.3472987875 0.787819253125 0.3506063953125 0.7858546171875 0.3522601984375 0.7789783890625 0.35170893125 0.7652259328125 0.33461962500000003 0.7426326125 0.33572216093749996 0.724950884375 0.3384785 0.7161100203124999 0.3384785 0.7033398828124999 0.33517089375000003 0.6895874265625 0.3335170890625 0.6699410609374999 0.32524807031249997 0.65225933125 0.3213891953125 0.6365422390625 0.31367144375 0.6404715125 0.3131201765625 0.648330059375 0.31642778437499997 0.6660117875 0.31863285625 0.7033398828124999 0.30981256875 0.7328094296875001 0.3142227125 0.770137525 0.308158765625 0.7829076625 0.3180815875 0.7848722984375 0.32249173125 0.78192534375
1 0.7546857765625 0.635559921875 0.7519294375000001 0.634577603125 0.75248070625 0.6512770140625 0.76019845625 0.6552062875 0.7618522609375 0.648330059375 0.7546857765625 0.635559921875
1 0.75248070625 0.6237721015625 0.7508269015625 0.6237721015625 0.7519294375000001 0.6296660125 0.7535832421875 0.62671905625 0.75248070625 0.6237721015625
1 0.7183020953125 0.6110019640625 0.7160970234375 0.621807465625 0.708930540625 0.6326129671875 0.7100330765625 0.646365421875 0.717199559375 0.65324165 0.7188533625 0.6493123765625 0.721058434375 0.65324165 0.717199559375 0.64145383125 0.7183020953125 0.627701375 0.7298787203125 0.6110019640625 0.7353913999999999 0.5982318265625 0.73980154375 0.5943025546875 0.7447629546875 0.5982318265625 0.7513781703125 0.6178781921875001 0.7546857765625 0.609037328125 0.7519294375000001 0.584479371875 0.7486218296875 0.5746561890625 0.757993384375 0.55009823125 0.757993384375 0.5422396859374999 0.7535832421875 0.5284872296875001 0.75248070625 0.5127701375 0.74751929375 0.51178781875 0.7442116875 0.52455795625 0.7304299890625 0.5471512765625001 0.731532525 0.571709234375 0.7287761859375 0.58840864375 0.725468578125 0.6001964640625 0.7183020953125 0.6110019640625
1 0.5049614109375 0.469548134375 0.5071664828125 0.4901768171875 0.5038588749999999 0.5 0.50441014375 0.506876228125 0.5115766265625 0.5039292734374999 0.5126791625 0.493123771875 0.5154355015625 0.4872298625 0.5198456453125 0.49115913593749994 0.5203969125000001 0.49901768124999996 0.5237045203124999 0.49901768124999996 0.5259095921875 0.48624754374999996 0.518743109375 0.47642436093749996 0.5170893046875 0.453831040625 0.5198456453125 0.441060903125 0.5198456453125 0.4263261296875 0.518191840625 0.41944990156250006 0.5110253578124999 0.4076620828125 0.50826901875 0.3978389 0.50441014375 0.39882121875 0.5033076078125001 0.403732809375 0.5011025359375 0.4361493125 0.5071664828125 0.44891945 0.5071664828125 0.46070726874999995 0.5049614109375 0.469548134375
1 0.9619625140625001 0.622789784375 0.9823594265625 0.6306483296875001 0.9873208375000001 0.6385068765625 0.9911797140624999 0.63948919375 0.9944873203125001 0.6316306484374999 0.9994487328125 0.6316306484374999 0.9994487328125 0.610019646875 0.9972436609375 0.609037328125 0.9950385890625 0.5893909625 0.9911797140624999 0.5805500984374999 0.98787210625 0.5785854609375 0.9801543546874999 0.558939096875 0.9746416765625 0.558939096875 0.9696802640625 0.5638506875 0.9641675859375001 0.597249509375 0.956449834375 0.609037328125 0.956449834375 0.6149312375 0.9619625140625001 0.622789784375
1 0.5347298781250001 0.5854616890625 0.539691290625 0.5893909625 0.5402425578125001 0.596267190625 0.5441014328125 0.597249509375 0.5474090406250001 0.5923379171875001 0.547960309375 0.5677799609374999 0.5529217203125001 0.55009823125 0.5529217203125001 0.53732809375 0.5468577734375 0.5127701375 0.5402425578125001 0.506876228125 0.53693495 0.495088409375 0.5297684671875 0.49607072656250006 0.5292171999999999 0.5785854609375 0.5242557890625 0.597249509375 0.533076075 0.596267190625 0.5347298781250001 0.5854616890625
1 0.76901874375 0.4872298625 0.762403528125 0.47347740624999995 0.7596471890625 0.45776031406250006 0.7530319734375001 0.4587426328125 0.7530319734375001 0.5284872296875001 0.7613009921875 0.5491159140625 0.76901874375 0.545186640625 0.76901874375 0.4872298625
1 0.39250275625 0.583497053125 0.3980154359375 0.583497053125 0.40022050781249996 0.5795677796875001 0.40518191875 0.583497053125 0.40738699062499995 0.5815324171875 0.40738699062499995 0.57563850625 0.40407938281250005 0.55108055 0.40022050781249996 0.53929273125 0.40077177500000005 0.5 0.402976846875 0.494106090625 0.402976846875 0.4872298625 0.39966923906249996 0.47053045156250006 0.39525909531250003 0.4616895875 0.390848953125 0.4567779953125 0.3869900765625 0.4567779953125 0.3853362734375 0.46365422343749996 0.3836824703125 0.507858546875 0.386438809375 0.53929273125 0.3936052921875 0.5677799609374999 0.39250275625 0.583497053125