2 0.042998896875 0.597249509375 0.030871003125 0.5933202359374999 0.027012128125 0.5893909625 0.0214994484375 0.576620825 0.0176405734375 0.576620825 0.0176405734375 0.5913555984375 0.023153253125000002 0.6001964640625 0.039691290625 0.60117878125 0.042998896875 0.597249509375
2 0.47960308749999997 0.635559921875 0.4746416765625 0.635559921875 0.472987871875 0.63948919375 0.4696802640625 0.63948919375 0.46416758593749996 0.647347740625 0.4581036390625 0.6502946953125 0.4581036390625 0.659135559375 0.472987871875 0.6552062875 0.47905181875 0.6434184671875001 0.47960308749999997 0.635559921875
2 0.1890848953125 0.8506876234374999 0.1907386984375 0.84675835 0.18357221562499998 0.84675835 0.180264609375 0.851669940625 0.1686879828125 0.85854616875 0.16097023125 0.851669940625 0.15214994531249998 0.8536345781250001 0.151047409375 0.8595284875000001 0.1527012125 0.8634577609375 0.165380375 0.8693516703125 0.1890848953125 0.8506876234374999
2 0.1907386984375 0.84675835 0.1874310921875 0.84577603125 0.1852260203125 0.852652259375 0.18357221562499998 0.84675835 0.18136714375000001 0.8506876234374999 0.16923925 0.85756385 0.16923925 0.8634577609375 0.173098125 0.8634577609375 0.19018743124999998 0.8497053046874999 0.1907386984375 0.84675835
2 0.48291069531249997 0.7593320234375 0.49117971406249994 0.763261296875 0.49834619687500004 0.761296659375 0.5077177515625 0.736738703125 0.50826901875 0.7328094296875001 0.50441014375 0.7328094296875001 0.5 0.7455795671875001 0.493936053125 0.7524557953125 0.4823594265625 0.750491159375 0.48291069531249997 0.7593320234375
0 0.3880926125 0.5491159140625 0.3880926125 0.5550098234374999 0.394156559375 0.5540275046875001 0.39250275625 0.5471512765625001 0.3880926125 0.5491159140625
1 0.8169790515625 0.51178781875 0.816427784375 0.546168959375 0.81367144375 0.5677799609374999 0.8175303203125001 0.5677799609374999 0.8208379265625 0.56286836875 0.8230429984375001 0.52652259375 0.8257993390625 0.5166994109374999 0.8335170890624999 0.5029469546875001 0.8373759640625 0.5029469546875001 0.8434399125 0.5166994109374999 0.8517089312499999 0.52455795625 0.8550165375000001 0.5216110015625001 0.8517089312499999 0.5019646359375 0.8517089312499999 0.48624754374999996 0.8544652703125 0.4646365421875 0.8506063953125 0.441060903125 0.8461962515625 0.4332023578125 0.8406835718749999 0.4312377203125 0.836273428125 0.42436149375000004 0.834619625 0.4106090375 0.8274531421875 0.4076620828125 0.8230429984375001 0.415520628125 0.8208379265625 0.4312377203125 0.816427784375 0.44499017656250006 0.81367144375 0.467583496875 0.8208379265625 0.48330058906250006 0.8213891953125 0.49803536406250004 0.8169790515625 0.51178781875
1 0.5011025359375 0.6777996078124999 0.50441014375 0.6817288796875001 0.5038588749999999 0.6434184671875001 0.5 0.6237721015625 0.4966923921875 0.6188605109374999 0.49558985624999996 0.6306483296875001 0.49724366093750005 0.648330059375 0.5005512671875 0.6571709234374999 0.5011025359375 0.6777996078124999
1 0.4614112453125 0.5294695484374999 0.4597574421875 0.52455795625 0.45314222656250003 0.52652259375 0.45203969062500005 0.531434184375 0.45534729843750005 0.53732809375 0.45920617343750003 0.5363457765625 0.4614112453125 0.5294695484374999
1 0.45534729843750005 0.504911590625 0.4581036390625 0.5088408640625001 0.46085997812499996 0.51375245625 0.46085997812499996 0.518664046875 0.46416758593749996 0.5216110015625001 0.46471885312500005 0.5294695484374999 0.4696802640625 0.53732809375 0.47353914062499997 0.53732809375 0.4746416765625 0.5275049109375 0.48070562343749995 0.5157170921875001 0.47850055156250004 0.5 0.47960308749999997 0.495088409375 0.4834619625 0.4901768171875 0.4906284453125 0.49115913593749994 0.493936053125 0.507858546875 0.49834619687500004 0.495088409375 0.49834619687500004 0.4901768171875 0.4944873203125 0.479371315625 0.49007717812499996 0.469548134375 0.4862183015625 0.466601178125 0.4823594265625 0.466601178125 0.4762954796875 0.47249508906250004 0.4663726578125 0.469548134375 0.46085997812499996 0.45776031406250006 0.45314222656250003 0.4587426328125 0.45148842343749995 0.46365422343749996 0.45203969062500005 0.482318271875 0.448732084375 0.49115913593749994 0.448732084375 0.5039292734374999 0.45534729843750005 0.504911590625
1 0.7646086000000001 0.697445971875 0.7557883125 0.711198428125 0.76019845625 0.7151277015625 0.7651598671875 0.7151277015625 0.77287761875 0.710216109375 0.7739801546875 0.722986246875 0.7618522609375 0.7406679765625 0.7613009921875 0.7475442046875 0.7657111359375001 0.75638506875 0.774531421875 0.762278978125 0.795479603125 0.7662082515625 0.8037486218750001 0.7583497046875001 0.8048511578124999 0.7544204328124999 0.8114663734375 0.750491159375 0.8142227125 0.7416502953124999 0.8142227125 0.736738703125 0.8070562296875 0.735756384375 0.8054024249999999 0.7328094296875001 0.8081587656250001 0.7161100203124999 0.8081587656250001 0.698428290625 0.8054024249999999 0.6895874265625 0.8037486218750001 0.6689587421875001 0.799889746875 0.647347740625 0.78941565625 0.6316306484374999 0.78941565625 0.6188605109374999 0.7861080484375 0.610019646875 0.7811466375 0.6060903734374999 0.775082690625 0.6060903734374999 0.7717750828125001 0.6149312375 0.7739801546875 0.64243615 0.7695700109375 0.65324165 0.7679162078124999 0.684675834375 0.7646086000000001 0.697445971875
1 0.21664829062500002 0.9449901765625001 0.2160970234375 0.9528487234374999 0.21719955937500002 0.9567779953125 0.2205071671875 0.9577603140625 0.22877618593750002 0.9508840859375001 0.23042998906249998 0.943025540625 0.22712238125 0.9341846765625 0.225468578125 0.8909626718749999 0.21940463124999998 0.8850687625000001 0.2160970234375 0.891944990625 0.21719955937500002 0.9125736734375 0.2205071671875 0.923379175 0.2205071671875 0.93516699375 0.21664829062500002 0.9449901765625001
1 0.208930540625 0.8290766203125 0.21719955937500002 0.8290766203125 0.2155457546875 0.8388998031250001 0.2155457546875 0.8703339874999999 0.2199558984375 0.878192534375 0.225468578125 0.8762278984374999 0.23098125625 0.8614931234375 0.2348401328125 0.85854616875 0.23869900781250003 0.872298625 0.2431091515625 0.8762278984374999 0.24917309843750002 0.8978389 0.26074972500000004 0.9204322203125 0.26074972500000004 0.94891945 0.268467475 0.9528487234374999 0.27177508281249996 0.9400785859375 0.2651598671875 0.9145383109375 0.26405733124999997 0.8978389 0.2552370453125 0.87131630625 0.25192943749999996 0.8300589390625 0.24917309843750002 0.815324165625 0.24862182968750002 0.7966601171875001 0.2513781703125 0.7917485265625 0.2552370453125 0.800589390625 0.257993384375 0.7996070734375 0.25633958125 0.774066796875 0.24862182968750002 0.750491159375 0.23594266875 0.7337917484375 0.23814773906250003 0.7161100203124999 0.233186328125 0.7082514734375 0.22657111406250002 0.7072691546875001 0.22160970156249998 0.7151277015625 0.22160970156249998 0.7455795671875001 0.21775082656250003 0.750491159375 0.2160970234375 0.7603143421875 0.2155457546875 0.7996070734375 0.2122381484375 0.8172888015625001 0.208379271875 0.8241650296874999 0.208930540625 0.8290766203125
1 0.34785005468749997 0.660117878125 0.3511576625 0.6699410609374999 0.3511576625 0.6807465625 0.34785005468749997 0.686640471875 0.34674751875 0.6954813359375 0.34785005468749997 0.698428290625 0.3522601984375 0.698428290625 0.36328555625000003 0.6886051078125 0.365490628125 0.6709233796875 0.369349503125 0.6561886046875001 0.37210584375 0.65225933125 0.374310915625 0.6237721015625 0.378169790625 0.610019646875 0.378169790625 0.5815324171875 0.3732083796875 0.5422396859374999 0.3643880921875 0.532416503125 0.3588754140625 0.5127701375 0.35170893125 0.5147347734375 0.35170893125 0.532416503125 0.34399117968750004 0.55206286875 0.3434399125 0.57563850625 0.3506063953125 0.60117878125 0.344542446875 0.6316306484374999 0.34785005468749997 0.660117878125
1 0.3004410140625 0.7082514734375 0.3004410140625 0.761296659375 0.2982359421875 0.775049115625 0.29933847812500003 0.7789783890625 0.305402425 0.7789783890625 0.3070562296875 0.774066796875 0.30595369375 0.7681728875 0.308158765625 0.7161100203124999 0.3103638375 0.711198428125 0.32579933906249997 0.7170923375 0.3291069453125 0.723968565625 0.33461962500000003 0.749508840625 0.34288864375 0.7711198421875001 0.34399117968750004 0.780943025 0.34840132343749997 0.78192534375 0.35170893125 0.7789783890625 0.35611907343750004 0.7721021609375 0.35611907343750004 0.7671905703124999 0.353362734375 0.763261296875 0.34785005468749997 0.762278978125 0.344542446875 0.75638506875 0.3434399125 0.7455795671875001 0.33131201718750003 0.7092337921875 0.33020948125 0.698428290625 0.32249173125 0.671905696875 0.32249173125 0.659135559375 0.32414553437500004 0.6561886046875001 0.328555678125 0.659135559375 0.33020948125 0.6552062875 0.33020948125 0.6257367390625 0.3291069453125 0.6178781921875001 0.3213891953125 0.6041257375 0.32249173125 0.584479371875 0.3208379265625 0.5795677796875001 0.31201764062500004 0.5805500984374999 0.3114663734375 0.6041257375 0.30319735468750003 0.61394891875 0.29988974687500003 0.62671905625 0.2987872109375 0.648330059375 0.295479603125 0.6660117875 0.29603087031249997 0.69253438125 0.3004410140625 0.7082514734375
1 0.0589856671875 0.6149312375 0.0589856671875 0.621807465625 0.056229328125 0.62671905625 0.05126791562500001 0.660117878125 0.047960309374999996 0.6689587421875001 0.047960309374999996 0.6768172890625 0.0529217203125 0.6817288796875001 0.0567805953125 0.67976424375 0.05788313125 0.6630648328125 0.0611907390625 0.648330059375 0.064498346875 0.64243615 0.06560088124999999 0.6316306484374999 0.0711135609375 0.6237721015625 0.0777287765625 0.622789784375 0.084895259375 0.6375245578125 0.09426681406250001 0.648330059375 0.09536934999999999 0.6630648328125 0.0981256890625 0.672888015625 0.097023153125 0.685658153125 0.09867695625 0.6905697453124999 0.1041896359375 0.6944990171875001 0.1168687984375 0.69253438125 0.117420065625 0.6817288796875001 0.10529217187499999 0.6768172890625 0.1041896359375 0.63948919375 0.097023153125 0.621807465625 0.09536934999999999 0.6051080546875001 0.0898566703125 0.59037328125 0.0865490625 0.558939096875 0.0755237046875 0.546168959375 0.0738699 0.530451865625 0.07056229375 0.5294695484374999 0.067805953125 0.532416503125 0.064498346875 0.5383104125 0.064498346875 0.55009823125 0.0567805953125 0.5559921421875 0.047960309374999996 0.570726915625 0.0468577734375 0.5874263265625 0.042998896875 0.597249509375 0.0418963609375 0.609037328125 0.0441014328125 0.6129666015625 0.0418963609375 0.61394891875 0.0589856671875 0.6149312375
1 0.5011025359375 0.6768172890625 0.5049614109375 0.6817288796875001 0.5033076078125001 0.678781925 0.5055126796875 0.6768172890625 0.5049614109375 0.6561886046875001 0.5033076078125001 0.65422396875 0.5038588749999999 0.6453831046875 0.5011025359375 0.6385068765625 0.5005512671875 0.6450559921875 0.5033076078125001 0.648330059375 0.5005512671875 0.6506218078125 0.5011025359375 0.6768172890625
1 0.47960308749999997 0.5815324171875 0.47850055156250004 0.6257367390625 0.48070562343749995 0.647347740625 0.48787210625000005 0.6817288796875001 0.4944873203125 0.6944990171875001 0.4988974640625 0.6905697453124999 0.5 0.685658153125 0.49558985624999996 0.6817288796875001 0.4928335171875 0.6709233796875 0.49117971406249994 0.647347740625 0.48787210625000005 0.6326129671875 0.4884233734375 0.6247544203125 0.4944873203125 0.6149312375 0.495784421875 0.616664740625 0.49724366093750005 0.6149312375 0.49558985624999996 0.61394891875 0.493936053125 0.5982318265625 0.49558985624999996 0.5923379171875001 0.5 0.5913555984375 0.506615215625 0.583497053125 0.5071664828125 0.5677799609374999 0.5110253578124999 0.5559921421875 0.5027563390625 0.52455795625 0.5005512671875 0.52455795625 0.496141125 0.517681728125 0.4928335171875 0.5088408640625001 0.49117971406249994 0.4901768171875 0.481808159375 0.48821218125000004 0.47850055156250004 0.492141453125 0.47850055156250004 0.5157170921875001 0.472987871875 0.533398821875 0.47353914062499997 0.5491159140625 0.4707828 0.5550098234374999 0.4707828 0.56286836875 0.472987871875 0.5736738703125 0.47739801562500006 0.5746561890625 0.47960308749999997 0.5815324171875
1 0.5088202859375001 0.65324165 0.5088202859375001 0.6768172890625 0.5011025359375 0.6915520625 0.5038588749999999 0.7033398828124999 0.506615215625 0.7072691546875001 0.5049614109375 0.7151277015625 0.5055126796875 0.723968565625 0.5088202859375001 0.736738703125 0.5170893046875 0.750491159375 0.5154355015625 0.7573673875 0.5110253578124999 0.7583497046875001 0.5088202859375001 0.764243615625 0.5132304296875 0.7711198421875001 0.5214994484375 0.774066796875 0.5253583234375 0.787819253125 0.52866593125 0.7868369359375 0.5347298781250001 0.76915520625 0.5347298781250001 0.7583497046875001 0.530871003125 0.75638506875 0.526460859375 0.748526521875 0.5259095921875 0.7161100203124999 0.53748621875 0.697445971875 0.5418963609375 0.6817288796875001 0.5418963609375 0.6699410609374999 0.5380374859375 0.65225933125 0.53748621875 0.6316306484374999 0.5214994484375 0.61394891875 0.509922821875 0.610019646875 0.506615215625 0.6021611 0.50441014375 0.58840864375 0.4944873203125 0.5943025546875 0.496141125 0.6129666015625 0.502205071875 0.6257367390625 0.5038588749999999 0.63948919375 0.5088202859375001 0.65324165
1 0.41675854531249995 0.48526522656250004 0.40959206249999996 0.50098231875 0.40904079375 0.5108055015625 0.41124586562500004 0.5127701375 0.41786108125 0.507858546875 0.42171995625 0.52455795625 0.4349503859375 0.5432220046875 0.43439911875000004 0.55009823125 0.43109151093750003 0.5550098234374999 0.43164277812499996 0.557956778125 0.44266813593750004 0.557956778125 0.4465270125 0.5530451859375 0.44432194062499997 0.5383104125 0.45038588749999997 0.532416503125 0.4476295484375 0.525540275 0.4432194046875 0.5216110015625001 0.4432194046875 0.5098231828124999 0.4465270125 0.49803536406250004 0.44597574375000004 0.47838899843749993 0.43329658281250005 0.44990176875000004 0.4228224921875 0.4361493125 0.41896361562499995 0.42534381093749996 0.41565600937499997 0.4204322203125 0.40904079375 0.423379175 0.40904079375 0.4390962671875 0.4162072765625 0.45776031406250006 0.41896361562499995 0.47053045156250006 0.41675854531249995 0.48526522656250004