1 0.929988975 0.903732809375 0.9415656015625 0.9273084484374999 0.9415656015625 0.93713163125 0.9388092609375001 0.9459724953125 0.9388092609375001 0.9646365421875001 0.9432194046875001 0.9656188609375 0.9465270125 0.96070726875 0.9492833515625 0.94891945 0.9509371546875001 0.93516699375 0.9509371546875001 0.9007858546874999 0.9547960312500001 0.8850687625000001 0.9553472984375 0.8644400781250001 0.9520396906249999 0.8398821218749999 0.9558985671875 0.8339882125000001 0.9597574421875 0.8339882125000001 0.96306505 0.8222003921875001 0.9558985671875 0.8025540281250001 0.944321940625 0.7848722984375 0.9437706718750001 0.7711198421875001 0.9393605296875001 0.763261296875 0.93384785 0.764243615625 0.9294377062500001 0.7858546171875 0.9217199562499999 0.7976424359375 0.9178610812500001 0.8182711203125 0.9173098124999999 0.8339882125000001 0.923925028125 0.851669940625 0.92557883125 0.883104125 0.929988975 0.903732809375
1 0.0176405734375 0.99901768125 0.047409040624999996 0.99901768125 0.047409040624999996 0.9587426328124999 0.0441014328125 0.9440078578125 0.030319735937499998 0.9302554031250001 0.0292172 0.9194499015625001 0.025909592187500004 0.9106090375000001 0.0137816984375 0.9106090375000001 0.009922821875 0.9194499015625001 0.009922821875 0.9322200390625 0.012679162499999999 0.9420432218749999 0.0214994484375 0.9577603140625 0.0176405734375 0.99901768125
1 0.1460859984375 0.5166994109374999 0.14718853437499999 0.532416503125 0.15214994531249998 0.532416503125 0.1527012125 0.520628684375 0.15711135625 0.5157170921875001 0.1686879828125 0.49115913593749994 0.173098125 0.49115913593749994 0.17750826875 0.49901768124999996 0.1769570015625 0.5284872296875001 0.18632855625 0.5294695484374999 0.18798235937500002 0.52455795625 0.18357221562499998 0.518664046875 0.1824696796875 0.5039292734374999 0.179713340625 0.5019646359375 0.17750826875 0.495088409375 0.1764057328125 0.469548134375 0.17364939375 0.46267190625000004 0.1708930546875 0.43418467656250004 0.1708930546875 0.41453831093750004 0.16758544687500002 0.41159135625000004 0.163175303125 0.415520628125 0.1598676953125 0.4263261296875 0.15325248125 0.4312377203125 0.150496140625 0.4440078578125 0.150496140625 0.469548134375 0.15600882031250002 0.48330058906250006 0.15600882031250002 0.5 0.1460859984375 0.5166994109374999
1 0.1604189640625 0.9312377203125 0.158765159375 0.9410609031250001 0.1598676953125 0.96070726875 0.15766262343749998 0.979371315625 0.159316428125 0.994106090625 0.1615215 0.995088409375 0.16482910625 0.9901768171875001 0.16979051875 0.9440078578125 0.1725468578125 0.93713163125 0.1780595375 0.9361493125000001 0.1929437703125 0.9410609031250001 0.2039691296875 0.9528487234374999 0.20948180781249998 0.943025540625 0.20948180781249998 0.9361493125000001 0.19955898593750002 0.9273084484374999 0.1874310921875 0.9263261296874999 0.18136714375000001 0.917485265625 0.18357221562499998 0.877210215625 0.18632855625 0.8634577609375 0.191841234375 0.8555992140625 0.1951488421875 0.84577603125 0.1951488421875 0.8310412578124999 0.1868798234375 0.8172888015625001 0.17364939375 0.8045186640624999 0.1742006609375 0.787819253125 0.171995590625 0.7799607078124999 0.1604189640625 0.7799607078124999 0.15325248125 0.7956778 0.15325248125 0.8388998031250001 0.158765159375 0.86051080625 0.1604189640625 0.88408644375 0.1604189640625 0.9312377203125
1 0.5198456453125 0.6188605109374999 0.52094818125 0.633595284375 0.5170893046875 0.6444007859374999 0.5077177515625 0.660117878125 0.50826901875 0.673870334375 0.5115766265625 0.673870334375 0.5176405734375 0.660117878125 0.5214994484375 0.659135559375 0.5297684671875 0.6493123765625 0.53748621875 0.6640471515625 0.539140021875 0.6807465625 0.5463065046875 0.6807465625 0.5501653796875 0.667976425 0.5501653796875 0.661100196875 0.5424476296875 0.6581532421875 0.5358324140625 0.6326129671875 0.5347298781250001 0.620825146875 0.5385887546875 0.58840864375 0.5418963609375 0.5815324171875 0.5413450937500001 0.5677799609374999 0.5380374859375 0.5550098234374999 0.5303197359375 0.544204321875 0.5297684671875 0.533398821875 0.5275633953125001 0.5294695484374999 0.52094818125 0.530451865625 0.5170893046875 0.55009823125 0.5126791625 0.5550098234374999 0.5088202859375001 0.5795677796875001 0.509922821875 0.584479371875 0.5137816984375 0.58840864375 0.5170893046875 0.6129666015625 0.5198456453125 0.6188605109374999
1 0.41896361562499995 0.5039292734374999 0.41289966875 0.5225933203124999 0.42392502812500005 0.5412573671875001 0.4228224921875 0.5658153234375 0.42833517031249996 0.5667976421875001 0.43439911875000004 0.5550098234374999 0.43880926093749995 0.5540275046875001 0.43880926093749995 0.5471512765625001 0.4349503859375 0.5412573671875001 0.43384785 0.5225933203124999 0.4349503859375 0.5098231828124999 0.43880926093749995 0.49901768124999996 0.43880926093749995 0.48624754374999996 0.43164277812499996 0.46267190625000004 0.42061742031250005 0.44007858593750004 0.4140022046875 0.44007858593750004 0.41179713281249997 0.44499017656250006 0.41124586562500004 0.4567779953125 0.41565600937499997 0.466601178125 0.41896361562499995 0.48821218125000004 0.41896361562499995 0.5039292734374999
1 0.15159867656249998 0.994106090625 0.1527012125 0.9823182718749999 0.14829106875 0.9636542234375 0.1527012125 0.9557956781250001 0.1527012125 0.9322200390625 0.15600882031250002 0.9066797640625 0.15325248125 0.88605108125 0.158765159375 0.8762278984374999 0.158765159375 0.8634577609375 0.155457553125 0.852652259375 0.1477398015625 0.851669940625 0.1438809265625 0.8565815328124999 0.1416758546875 0.8654223968749999 0.1433296578125 0.883104125 0.13175303124999999 0.902750490625 0.117971334375 0.9577603140625 0.1168687984375 0.99901768125 0.1477398015625 0.99901768125 0.1488423375 0.995088409375 0.15159867656249998 0.994106090625
2 0.1546875 0.8171875 0.153125 0.840625 0.1453125 0.8609375 0.14375 0.8765625 0.1421875 0.878125 0.1375 0.8765625 0.140625 0.8546875 0.146875 0.8453125 0.1484375 0.8296875 0.1515625 0.8203125 0.1546875 0.81875
2 0.4078125 0.51875 0.4078125 0.5265625 0.4015625 0.5375 0.4 0.5484375 0.396875 0.5515625 0.390625 0.55 0.390625 0.540625 0.3984375 0.5390625 0.4046875 0.521875 0.4078125 0.5203125
2 0.1390625 0.878125 0.1375 0.871875 0.140625 0.8640625 0.140625 0.8546875 0.146875 0.8421875 0.1484375 0.828125 0.1515625 0.821875 0.1515625 0.80625 0.1546875 0.796875 0.15625 0.796875 0.15625 0.81875 0.153125 0.8421875 0.1484375 0.8515625 0.1484375 0.85625 0.1453125 0.859375 0.14375 0.8765625 0.140625 0.878125
2 0.175 0.484375 0.1859375 0.5 0.1859375 0.5046875 0.1765625 0.496875 0.1734375 0.4859375
2 0.4078125 0.51875 0.409375 0.525 0.40625 0.5328125 0.4 0.54375 0.3984375 0.5453125 0.396875 0.54375 0.4046875 0.521875 0.4078125 0.5203125
2 0.175 0.484375 0.1828125 0.496875 0.190625 0.503125 0.2046875 0.5203125 0.20625 0.534375 0.203125 0.534375 0.2015625 0.521875 0.1765625 0.496875 0.1734375 0.4859375