2 0.8632855562499999 0.6768172890625 0.8649393609375 0.6699410609374999 0.861080484375 0.6699410609374999 0.8417861078125 0.6905697453124999 0.834619625 0.6905697453124999 0.832965821875 0.686640471875 0.8296582140625001 0.686640471875 0.8307607499999999 0.698428290625 0.8384785000000001 0.7013752453125 0.8550165375000001 0.6827111984374999 0.8632855562499999 0.6768172890625
1 0.857221609375 0.7003929265625 0.8561190734374999 0.7318271125 0.8517089312499999 0.737721021875 0.8506063953125 0.7455795671875001 0.8555678062500001 0.7455795671875001 0.8632855562499999 0.735756384375 0.8643880921875 0.7151277015625 0.8710033078125001 0.7200392921875001 0.869900771875 0.7269155203125 0.8726571109375 0.7328094296875001 0.8776185218749999 0.7318271125 0.8776185218749999 0.7200392921875001 0.8809261296875001 0.7072691546875001 0.882579934375 0.685658153125 0.8875413453125001 0.6689587421875001 0.886438809375 0.6444007859374999 0.8891951484374999 0.635559921875 0.8820286656249999 0.6149312375 0.8737596468750001 0.6051080546875001 0.8732083796874999 0.5923379171875001 0.869349503125 0.5893909625 0.8643880921875 0.5933202359374999 0.865490628125 0.6110019640625 0.8632855562499999 0.634577603125 0.8588754140624999 0.6434184671875001 0.8588754140624999 0.647347740625 0.8649393609375 0.6502946953125 0.8660418968749999 0.6640471515625 0.857221609375 0.7003929265625
1 0.9674751921875 0.9901768171875001 0.9696802640625 0.9931237718749999 0.9696802640625 0.99901768125 0.9972436609375 0.99901768125 0.9994487328125 0.9960707265625001 0.9994487328125 0.974459725 0.9834619625000001 0.969548134375 0.981256890625 0.9646365421875001 0.9807056234375 0.953831040625 0.9740904078125 0.9410609031250001 0.9696802640625 0.9400785859375 0.964718853125 0.9459724953125 0.9636163171875 0.9528487234374999 0.9663726578125 0.9656188609375 0.9658213890624999 0.980353634375 0.9674751921875 0.9901768171875001
1 0.40463065 0.9106090375000001 0.406835721875 0.9145383109375 0.41124586562500004 0.9106090375000001 0.41289966875 0.8939096265625001 0.4222712234375 0.8801571703125 0.42557883125 0.87328094375 0.4266813671875 0.8644400781250001 0.43164277812499996 0.8565815328124999 0.4371554578125 0.8683693515625001 0.4371554578125 0.87328094375 0.4222712234375 0.91159135625 0.42557883125 0.9194499015625001 0.43164277812499996 0.92239685625 0.43384785 0.9194499015625001 0.4327453140625 0.903732809375 0.44266813593750004 0.8850687625000001 0.44597574375000004 0.872298625 0.44707827968749997 0.8546168953125 0.44487320781250006 0.8222003921875001 0.44818081562499995 0.8113948921875 0.45148842343749995 0.8084479375000001 0.45534729843750005 0.8163064828125 0.46085997812499996 0.8172888015625001 0.45920617343750003 0.7917485265625 0.45203969062500005 0.775049115625 0.45203969062500005 0.7534381140625 0.443770671875 0.7534381140625 0.44101433281249997 0.7671905703124999 0.4266813671875 0.7799607078124999 0.42116868749999997 0.8025540281250001 0.4184123484375 0.86051080625 0.41289966875 0.8811394890625 0.406835721875 0.891944990625 0.40463065 0.9106090375000001
1 0.6725468578125 0.6060903734374999 0.6725468578125 0.6129666015625 0.6692392500000001 0.6188605109374999 0.6692392500000001 0.62671905625 0.67750826875 0.65324165 0.67750826875 0.6650294703124999 0.683572215625 0.6650294703124999 0.6857772875 0.661100196875 0.6791620734375 0.635559921875 0.679713340625 0.6247544203125 0.6857772875 0.622789784375 0.6885336265625 0.634577603125 0.694597575 0.648330059375 0.6968026453125 0.6650294703124999 0.7028665937499999 0.6777996078124999 0.702315325 0.65225933125 0.6951488421875001 0.62868369375 0.69404630625 0.5943025546875 0.6868798234375 0.5795677796875001 0.6852260203125 0.571709234375 0.6753031968750001 0.558939096875 0.673098125 0.546168959375 0.6708930546875 0.5432220046875 0.665380375 0.546168959375 0.665380375 0.5609037328124999 0.6692392500000001 0.57563850625 0.667585446875 0.60314341875 0.6725468578125 0.6060903734374999
1 0.45534729843750005 0.48330058906250006 0.45644983437500003 0.49803536406250004 0.45203969062500005 0.51178781875 0.46085997812499996 0.5127701375 0.4614112453125 0.49607072656250006 0.46582138906250004 0.4901768171875 0.4740904078125 0.49803536406250004 0.48291069531249997 0.495088409375 0.48897464218750003 0.495088409375 0.49173098125000003 0.49803536406250004 0.4944873203125 0.495088409375 0.4944873203125 0.48821218125000004 0.4834619625 0.48624754374999996 0.47960308749999997 0.479371315625 0.4779492828125 0.4518664046875 0.472987871875 0.44007858593750004 0.46085997812499996 0.430255403125 0.45644983437500003 0.4312377203125 0.452590959375 0.43811394843749996 0.45479603125 0.46070726874999995 0.45203969062500005 0.466601178125 0.45148842343749995 0.47347740624999995 0.45534729843750005 0.48330058906250006
1 0.2227122375 0.6964636546875 0.22767365 0.7072691546875001 0.231532525 0.7062868375 0.23098125625 0.6915520625 0.2431091515625 0.667976425 0.2447629546875 0.65324165 0.2535832421875 0.6149312375 0.26019845625000004 0.6001964640625 0.26074972500000004 0.5854616890625 0.2568908484375 0.570726915625 0.25633958125 0.558939096875 0.2535832421875 0.5559921421875 0.24862182968750002 0.558939096875 0.24586549062500002 0.5726915515625 0.23925027499999998 0.5795677796875001 0.2342888640625 0.5923379171875001 0.2342888640625 0.6571709234374999 0.22877618593750002 0.6777996078124999 0.2227122375 0.6895874265625 0.2227122375 0.6964636546875
1 0.9718853359375 0.5491159140625 0.976846746875 0.546168959375 0.9779492828125 0.530451865625 0.989525909375 0.504911590625 0.9950385890625 0.5029469546875001 0.9972436609375 0.507858546875 0.9994487328125 0.507858546875 0.9994487328125 0.4361493125 0.9944873203125001 0.42436149375000004 0.9867695703124999 0.428290765625 0.9823594265625 0.49115913593749994 0.9740904078125 0.520628684375 0.9729878718749999 0.533398821875 0.9619625140625001 0.5422396859374999 0.9614112453124999 0.546168959375 0.964718853125 0.5422396859374999 0.9663726578125 0.5471512765625001 0.9718853359375 0.5491159140625
1 0.8313120171874999 0.968565815625 0.83020948125 0.94891945 0.8224917312500001 0.9410609031250001 0.8153252484375001 0.9449901765625001 0.8142227125 0.9528487234374999 0.8169790515625 0.96267190625 0.816427784375 0.968565815625 0.8081587656250001 0.980353634375 0.8070562296875 0.99901768125 0.8434399125 0.99901768125 0.8395810359375 0.9823182718749999 0.8313120171874999 0.968565815625
1 0.48070562343749995 0.8880157171875 0.47739801562500006 0.8939096265625001 0.4696802640625 0.89882121875 0.46085997812499996 0.917485265625 0.457001103125 0.9204322203125 0.457001103125 0.923379175 0.46085997812499996 0.9263261296874999 0.472987871875 0.91159135625 0.4944873203125 0.8929273078125 0.49558985624999996 0.9007858546874999 0.4867695703125 0.9214145390624999 0.4867695703125 0.9390962671875001 0.4943037484375 0.9400785859375 0.4966923921875 0.93516699375 0.497794928125 0.9400785859375 0.49558985624999996 0.923379175 0.5033076078125001 0.9066797640625 0.5055126796875 0.8909626718749999 0.502205071875 0.8614931234375 0.50441014375 0.8555992140625 0.50826901875 0.8546168953125 0.51212789375 0.8624754421875 0.5170893046875 0.8555992140625 0.5170893046875 0.8163064828125 0.5159867703125001 0.8104125734375 0.509922821875 0.7996070734375 0.5137816984375 0.7868369359375 0.51212789375 0.7721021609375 0.5038588749999999 0.7721021609375 0.502205071875 0.7789783890625 0.502205071875 0.7956778 0.49173098125000003 0.801571709375 0.4873208375 0.8104125734375 0.4834619625 0.826129665625 0.4823594265625 0.8546168953125 0.47960308749999997 0.8654223968749999 0.48070562343749995 0.8880157171875
1 0.7072767359375 0.7220039296875 0.7111356125 0.722986246875 0.7133406828125 0.7200392921875001 0.725468578125 0.685658153125 0.733737596875 0.6817288796875001 0.7381477390625 0.6954813359375 0.7392502750000001 0.725933203125 0.7464167578125 0.729862475 0.7480705624999999 0.7269155203125 0.7442116875 0.7023575640625 0.7425578828125 0.660117878125 0.7425578828125 0.6434184671875001 0.7464167578125 0.634577603125 0.745865490625 0.6178781921875001 0.7425578828125 0.609037328125 0.7353913999999999 0.6001964640625 0.7342888640624999 0.584479371875 0.731532525 0.5815324171875 0.7260198453125 0.583497053125 0.7260198453125 0.6021611 0.721058434375 0.608055009375 0.7183020953125 0.6178781921875001 0.721058434375 0.660117878125 0.712789415625 0.6935167 0.7111356125 0.710216109375 0.7072767359375 0.7220039296875
1 0.9002205078125 0.622789784375 0.9079382578124999 0.6237721015625 0.9101433296874999 0.620825146875 0.90904079375 0.5805500984374999 0.9173098124999999 0.5471512765625001 0.9162072765625 0.519646365625 0.907386990625 0.48330058906250006 0.902425578125 0.482318271875 0.8996692390625001 0.4872298625 0.9002205078125 0.532416503125 0.8969129 0.5795677796875001 0.8996692390625001 0.5933202359374999 0.9002205078125 0.622789784375