2 0.1852260203125 0.8762278984374999 0.1852260203125 0.87328094375 0.18136714375000001 0.87328094375 0.16979051875 0.8811394890625 0.1681367140625 0.8850687625000001 0.1543550171875 0.8693516703125 0.15159867656249998 0.87328094375 0.150496140625 0.8801571703125 0.1604189640625 0.8948919453125 0.1681367140625 0.8939096265625001 0.1852260203125 0.8762278984374999
2 0.4674751921875 0.634577603125 0.465270121875 0.6316306484374999 0.452590959375 0.647347740625 0.44487320781250006 0.6444007859374999 0.44432194062499997 0.6552062875 0.4509371546875 0.6571709234374999 0.46306505 0.646365421875 0.4674751921875 0.634577603125
2 0.18191841250000002 0.87328094375 0.16758544687500002 0.88605108125 0.16758544687500002 0.8909626718749999 0.17364939375 0.8889980359375 0.1852260203125 0.8752455796874999 0.18191841250000002 0.87328094375
1 0.8274531421875 0.5559921421875 0.8307607499999999 0.558939096875 0.834619625 0.55009823125 0.83517089375 0.5147347734375 0.8434399125 0.49607072656250006 0.844542446875 0.495088409375 0.853362734375 0.51375245625 0.8605292171875 0.520628684375 0.8638368249999999 0.520628684375 0.85997795 0.4872298625 0.8561190734374999 0.4774066796875 0.8594266812500001 0.4587426328125 0.8594266812500001 0.44891945 0.8506063953125 0.428290765625 0.8423373765625 0.42436149375000004 0.83902976875 0.40667976406250006 0.8296582140625001 0.40667976406250006 0.8269018750000001 0.4106090375 0.8257993390625 0.428290765625 0.8213891953125 0.44007858593750004 0.8208379265625 0.469548134375 0.8269018750000001 0.48821218125000004 0.8252480703125 0.525540275 0.8274531421875 0.5559921421875
1 0.4415656015625 0.5029469546875001 0.43825799375 0.5088408640625001 0.4305402421875 0.51375245625 0.429988975 0.519646365625 0.43384785 0.52652259375 0.427232634375 0.5363457765625 0.42833517031249996 0.53732809375 0.42943770625 0.533398821875 0.43109151093750003 0.53732809375 0.43770672499999996 0.5343811390625001 0.44266813593750004 0.5363457765625 0.4432194046875 0.545186640625 0.44046306562500004 0.55108055 0.4415656015625 0.5559921421875 0.44707827968749997 0.5540275046875001 0.452590959375 0.5402750484375 0.4558985671875 0.5412573671875001 0.4636163171875 0.5559921421875 0.469128996875 0.5491159140625 0.47353914062499997 0.53732809375 0.4762954796875 0.52652259375 0.4762954796875 0.5166994109374999 0.465270121875 0.48919449843749996 0.46306505 0.47838899843749993 0.45534729843750005 0.469548134375 0.448732084375 0.466601178125 0.4432194046875 0.4459724953125 0.436052921875 0.44499017656250006 0.43384785 0.45284872343749993 0.43439911875000004 0.4646365421875 0.44266813593750004 0.4774066796875 0.443770671875 0.4872298625 0.4415656015625 0.5029469546875001
1 0.42171995625 0.672888015625 0.4140022046875 0.6650294703124999 0.41179713281249997 0.6689587421875001 0.4123484015625 0.6768172890625 0.42116868749999997 0.678781925 0.42171995625 0.672888015625
1 0.369900771875 0.6316306484374999 0.369349503125 0.6453831046875 0.3732083796875 0.661100196875 0.374310915625 0.6777996078124999 0.3732083796875 0.685658153125 0.369349503125 0.6895874265625 0.36824696874999996 0.6944990171875001 0.369900771875 0.698428290625 0.3814773984375 0.698428290625 0.3853362734375 0.6935167 0.3853362734375 0.6895874265625 0.3792723265625 0.6365422390625 0.390297684375 0.622789784375 0.394156559375 0.621807465625 0.3980154359375 0.634577603125 0.3980154359375 0.647347740625 0.402976846875 0.6552062875 0.410694596875 0.660117878125 0.41289966875 0.6571709234374999 0.41289966875 0.6404715125 0.40518191875 0.6198428296875 0.40407938281250005 0.5815324171875 0.39966923906249996 0.556974459375 0.39911797187500003 0.5422396859374999 0.39636163125 0.533398821875 0.3969129 0.52652259375 0.3919514890625 0.5235756390625 0.3853362734375 0.5127701375 0.37596471875000004 0.5127701375 0.3754134515625 0.5294695484374999 0.3687982359375 0.5550098234374999 0.369900771875 0.570726915625 0.37651598750000004 0.5933202359374999 0.3770672546875 0.609037328125 0.369900771875 0.6316306484374999
1 0.77287761875 0.712180746875 0.7734288859375 0.7200392921875001 0.7778390296875 0.7269155203125 0.7739801546875 0.7288801578124999 0.76901874375 0.737721021875 0.76901874375 0.748526521875 0.7778390296875 0.762278978125 0.7866593171875 0.7662082515625 0.8042998890625 0.7662082515625 0.8125689078124999 0.7534381140625 0.820286659375 0.748526521875 0.8230429984375001 0.7406679765625 0.8158765156250001 0.7269155203125 0.8175303203125001 0.7023575640625 0.81367144375 0.6895874265625 0.8109151046875 0.660117878125 0.807607496875 0.648330059375 0.7987872109375 0.6375245578125 0.795479603125 0.6178781921875001 0.7905181921875 0.610019646875 0.7822491734375 0.6110019640625 0.78059536875 0.6178781921875001 0.7822491734375 0.647347740625 0.7778390296875 0.6650294703124999 0.7772877625 0.6895874265625 0.77287761875 0.712180746875
1 0.21334068281250002 0.8192534374999999 0.2122381484375 0.8379174859375 0.2039691296875 0.851669940625 0.2039691296875 0.8555992140625 0.20672546875000003 0.85854616875 0.21334068281250002 0.851669940625 0.21830209531250003 0.8369351671875 0.22326350625 0.8369351671875 0.21664829062500002 0.87131630625 0.21334068281250002 0.878192534375 0.2122381484375 0.891944990625 0.212789415625 0.9135559921875 0.21719955937500002 0.923379175 0.21719955937500002 0.9410609031250001 0.208930540625 0.9597249515625 0.21664829062500002 0.9616895875000001 0.22657111406250002 0.9528487234374999 0.22326350625 0.9253438109375001 0.2243660421875 0.9017681734374999 0.22160970156249998 0.8929273078125 0.2227122375 0.8899803531250001 0.22932745312499997 0.8880157171875 0.23869900781250003 0.872298625 0.24200661562499998 0.87328094375 0.2546857765625 0.8909626718749999 0.2568908484375 0.9007858546874999 0.26791620781250003 0.9204322203125 0.27232635 0.9332023578124999 0.274531421875 0.9528487234374999 0.278941565625 0.9567779953125 0.2816979046875 0.9557956781250001 0.283351709375 0.9459724953125 0.275082690625 0.9214145390624999 0.27177508281249996 0.89882121875 0.26130099218749997 0.878192534375 0.26074972500000004 0.8634577609375 0.25248070624999996 0.8094302546875 0.2546857765625 0.7917485265625 0.2535832421875 0.7789783890625 0.2464167578125 0.763261296875 0.23869900781250003 0.75540275 0.23759647187500002 0.7337917484375 0.2342888640625 0.7278978390625 0.22657111406250002 0.7278978390625 0.22326350625 0.735756384375 0.225468578125 0.7593320234375 0.21719955937500002 0.775049115625 0.21664829062500002 0.8045186640624999 0.21334068281250002 0.8192534374999999
1 0.29603087031249997 0.774066796875 0.29988974687500003 0.7779960703125 0.3042998890625 0.7711198421875001 0.3042998890625 0.761296659375 0.3169790515625 0.75756385 0.3169790515625 0.7829076625 0.32414553437500004 0.7829076625 0.326901875 0.7779960703125 0.326901875 0.7721021609375 0.32414553437500004 0.7573673875 0.32469680312500004 0.7170923375 0.3213891953125 0.6630648328125 0.3274531421875 0.65225933125 0.33020948125 0.6257367390625 0.32469680312500004 0.6060903734374999 0.3180815875 0.5982318265625 0.320286659375 0.58840864375 0.3180815875 0.576620825 0.3087100328125 0.57760314375 0.308158765625 0.597249509375 0.29988974687500003 0.6110019640625 0.2982359421875 0.634577603125 0.29603087031249997 0.63948919375 0.2943770671875 0.659135559375 0.29272326406250004 0.661100196875 0.29217199531250004 0.6895874265625 0.295479603125 0.7043222 0.2943770671875 0.736738703125 0.29603087031249997 0.774066796875
1 0.072216096875 0.5982318265625 0.072767365625 0.6041257375 0.072216096875 0.6129666015625 0.0667034171875 0.627701375 0.064498346875 0.6493123765625 0.0589856671875 0.66699410625 0.0606394703125 0.6768172890625 0.0667034171875 0.6777996078124999 0.0689084890625 0.673870334375 0.07056229375 0.65324165 0.0777287765625 0.634577603125 0.07828004375 0.6237721015625 0.0898566703125 0.610019646875 0.09371554531250001 0.609037328125 0.10529217187499999 0.621807465625 0.1130099234375 0.6237721015625 0.11852260156250001 0.6561886046875001 0.11852260156250001 0.6689587421875001 0.121830209375 0.673870334375 0.1372657109375 0.672888015625 0.1372657109375 0.6699410609374999 0.13175303124999999 0.667976425 0.12624035312499998 0.659135559375 0.12403528125 0.6257367390625 0.121830209375 0.6178781921875001 0.113561190625 0.6041257375 0.1119073875 0.596267190625 0.1119073875 0.59037328125 0.11466372656249998 0.584479371875 0.1119073875 0.571709234375 0.1047409046875 0.5638506875 0.100882028125 0.5550098234374999 0.09867695625 0.5432220046875 0.09426681406250001 0.53929273125 0.0898566703125 0.525540275 0.08213891875 0.52455795625 0.0788313125 0.530451865625 0.0771775078125 0.546168959375 0.06615214999999999 0.5550098234374999 0.0573318640625 0.570726915625 0.05788313125 0.5874263265625 0.060088203124999996 0.5943025546875 0.068357221875 0.5943025546875 0.072216096875 0.5982318265625
1 0.3936052921875 0.49901768124999996 0.38974641718749997 0.5039292734374999 0.3875413453125 0.5127701375 0.3880926125 0.520628684375 0.394707828125 0.52455795625 0.3969129 0.5294695484374999 0.402425578125 0.5294695484374999 0.40738699062499995 0.51178781875 0.41565600937499997 0.520628684375 0.41896361562499995 0.5284872296875001 0.42502756406250003 0.533398821875 0.42833517031249996 0.532416503125 0.43164277812499996 0.525540275 0.429988975 0.520628684375 0.429988975 0.48330058906250006 0.42557883125 0.469548134375 0.41179713281249997 0.44499017656250006 0.4057331859375 0.4440078578125 0.40077177500000005 0.430255403125 0.39581036406250003 0.428290765625 0.390848953125 0.43418467656250004 0.390848953125 0.4440078578125 0.39911797187500003 0.469548134375 0.39911797187500003 0.481335953125 0.3936052921875 0.49901768124999996
1 0.47023153281249996 0.56286836875 0.4696802640625 0.5746561890625 0.4724366046875 0.576620825 0.4740904078125 0.583497053125 0.47905181875 0.58840864375 0.47905181875 0.5913555984375 0.476846746875 0.609037328125 0.469128996875 0.6237721015625 0.4674751921875 0.6316306484374999 0.4674751921875 0.6699410609374999 0.46582138906250004 0.6807465625 0.45755237031249996 0.6944990171875001 0.4581036390625 0.699410609375 0.46471885312500005 0.7033398828124999 0.47353914062499997 0.7033398828124999 0.47353914062499997 0.6777996078124999 0.476846746875 0.661100196875 0.47739801562500006 0.6375245578125 0.48291069531249997 0.62671905625 0.4867695703125 0.62671905625 0.4862183015625 0.6021611 0.489525909375 0.597249509375 0.4928335171875 0.597249509375 0.5011025359375 0.6129666015625 0.5 0.609037328125 0.50441014375 0.596267190625 0.5049614109375 0.569744596875 0.506615215625 0.5638506875 0.506615215625 0.5550098234374999 0.5033076078125001 0.5383104125 0.49834619687500004 0.52652259375 0.49228224843749996 0.5216110015625001 0.489525909375 0.5157170921875001 0.489525909375 0.507858546875 0.4862183015625 0.49607072656250006 0.4779492828125 0.495088409375 0.47519294375000004 0.5039292734374999 0.4779492828125 0.5284872296875001 0.47353914062499997 0.5422396859374999 0.47353914062499997 0.557956778125 0.47023153281249996 0.56286836875
1 0.496141125 0.667976425 0.49558985624999996 0.685658153125 0.49007717812499996 0.698428290625 0.4906284453125 0.712180746875 0.4884233734375 0.7161100203124999 0.4884233734375 0.7337917484375 0.4867695703125 0.7396856578125 0.48070562343749995 0.74459725 0.469128996875 0.7406679765625 0.4663726578125 0.7416502953124999 0.46582138906250004 0.7455795671875001 0.472987871875 0.7524557953125 0.476846746875 0.762278978125 0.481808159375 0.7652259328125 0.49117971406249994 0.7662082515625 0.497794928125 0.762278978125 0.4994487328125 0.770137525 0.49228224843749996 0.787819253125 0.493936053125 0.79469548125 0.497794928125 0.7956778 0.50826901875 0.7868369359375 0.5115766265625 0.7789783890625 0.5055126796875 0.761296659375 0.5038588749999999 0.7455795671875001 0.5 0.73084479375 0.5005512671875 0.724950884375 0.50826901875 0.723968565625 0.5259095921875 0.698428290625 0.526460859375 0.647347740625 0.5253583234375 0.63948919375 0.518191840625 0.633595284375 0.51212789375 0.6237721015625 0.5011025359375 0.620825146875 0.4994487328125 0.6021611 0.49558985624999996 0.597249509375 0.4867695703125 0.597249509375 0.48566703437500003 0.60117878125 0.4867695703125 0.622789784375 0.49117971406249994 0.6296660125 0.49173098125000003 0.6512770140625 0.496141125 0.667976425