2 0.5319735390625 0.5795677796875001 0.535281146875 0.583497053125 0.539691290625 0.583497053125 0.5468577734375 0.5726915515625 0.5584343984375 0.56483300625 0.562293275 0.55009823125 0.5606394703124999 0.5471512765625001 0.5567805953125 0.55009823125 0.5507166484375 0.5658153234375 0.535281146875 0.5726915515625 0.531422271875 0.576620825 0.5319735390625 0.5795677796875001
2 0.6119073875 0.9656188609375 0.6052921718750001 0.9440078578125 0.600882028125 0.9390962671875001 0.5997794921875 0.9518664046875 0.601433296875 0.9587426328124999 0.6047409046875 0.9656188609375 0.6119073875 0.9656188609375
2 0.704520396875 0.6434184671875001 0.70672546875 0.6434184671875001 0.716648290625 0.6306483296875001 0.721058434375 0.621807465625 0.7205071671875001 0.6149312375 0.712789415625 0.6237721015625 0.7083792718749999 0.633595284375 0.704520396875 0.635559921875 0.683572215625 0.6640471515625 0.67750826875 0.6660117875 0.6708930546875 0.6620825140625 0.6703417859374999 0.6689587421875001 0.6725468578125 0.671905696875 0.6819184125 0.6748526515625 0.704520396875 0.6434184671875001
2 0.0468577734375 0.5039292734374999 0.042998896875 0.5039292734374999 0.0380374859375 0.51375245625 0.0385887546875 0.520628684375 0.045755237500000004 0.5166994109374999 0.047409040624999996 0.51178781875 0.0468577734375 0.5039292734374999
2 0.3125689078125 0.762278978125 0.31201764062500004 0.7544204328124999 0.31587651562499997 0.7573673875 0.3169790515625 0.749508840625 0.3125689078125 0.750491159375 0.3042998890625 0.770137525 0.3009922828125 0.7829076625 0.30319735468750003 0.7838899796875001 0.3070562296875 0.7779960703125 0.3125689078125 0.762278978125
2 0.1295479609375 0.8388998031250001 0.12568908437499998 0.8339882125000001 0.12624035312499998 0.84577603125 0.1334068359375 0.8634577609375 0.134509371875 0.852652259375 0.1295479609375 0.8388998031250001
2 0.6995589859375 0.98624754375 0.7039691296874999 0.9852652265625 0.7039691296874999 0.979371315625 0.694597575 0.9705304515625001 0.6885336265625 0.9666011781250001 0.6885336265625 0.97347740625 0.6912899671875 0.9783889984374999 0.6995589859375 0.98624754375
2 0.5981256890625 0.9833005890625 0.597023153125 0.99901768125 0.6085997796875 0.99901768125 0.60363836875 0.9823182718749999 0.5981256890625 0.9833005890625
2 0.6201764062499999 0.974459725 0.6212789421875 0.9656188609375 0.6168687984375001 0.9469548140624999 0.6130099234374999 0.91159135625 0.609702315625 0.9066797640625 0.6085997796875 0.923379175 0.6119073875 0.93713163125 0.6157662625 0.9705304515625001 0.6201764062499999 0.974459725
2 0.6124586546875 0.4616895875 0.6085997796875 0.47053045156250006 0.6085997796875 0.481335953125 0.6041896359375001 0.495088409375 0.60363836875 0.506876228125 0.6052921718750001 0.507858546875 0.6130099234374999 0.481335953125 0.6124586546875 0.4616895875
1 0.8517089312499999 0.5029469546875001 0.8517089312499999 0.47642436093749996 0.853362734375 0.47347740624999995 0.857221609375 0.474459725 0.8605292171875 0.48330058906250006 0.8616317531250001 0.49901768124999996 0.8643880921875 0.49803536406250004 0.865490628125 0.494106090625 0.865490628125 0.479371315625 0.8605292171875 0.467583496875 0.8605292171875 0.4567779953125 0.8632855562499999 0.44499017656250006 0.8687982359375 0.4361493125 0.869349503125 0.42239685624999995 0.8676957 0.4076620828125 0.8594266812500001 0.3821218078125 0.8528114656250001 0.3929273078125 0.8472987875 0.416502946875 0.84674751875 0.48821218125000004 0.8428886437499999 0.5 0.8434399125 0.5039292734374999 0.8517089312499999 0.5029469546875001
1 0.6212789421875 0.51178781875 0.6240352812500001 0.525540275 0.6229327453125 0.5422396859374999 0.626240353125 0.546168959375 0.6289966921875 0.5422396859374999 0.630099228125 0.4872298625 0.634509371875 0.47347740624999995 0.634509371875 0.46561886093749993 0.6328555671875 0.4587426328125 0.626240353125 0.44793713124999995 0.6245865484374999 0.4312377203125 0.617971334375 0.43222003906250006 0.6168687984375001 0.4440078578125 0.6124586546875 0.44990176875000004 0.6113561187500001 0.46365422343749996 0.6146637265625 0.4901768171875 0.6168687984375001 0.5039292734374999 0.6212789421875 0.51178781875
1 0 0.532416503125 0.0033076078124999997 0.5618860515625 0.0027563390625 0.58840864375 0.009922821875 0.58840864375 0.01212789375 0.584479371875 0.011576626562500001 0.53732809375 0.018743109375 0.53732809375 0.02866593125 0.557956778125 0.033076074999999996 0.5618860515625 0.035281146875 0.57563850625 0.039140021875 0.57563850625 0.039140021875 0.558939096875 0.023153253125000002 0.532416503125 0.022601984375000002 0.517681728125 0.025358323437500004 0.5108055015625 0.025909592187500004 0.495088409375 0.0220507171875 0.47838899843749993 0.0137816984375 0.46561886093749993 0.01212789375 0.44891945 0.00441014375 0.44793713124999995 0.0011025359375 0.4587426328125 0.002205071875 0.4646365421875 0 0.468565815625 0 0.532416503125
1 0.7183020953125 0.6434184671875001 0.7199558984375 0.6640471515625 0.7177508265625 0.672888015625 0.7133406828125 0.6777996078124999 0.712789415625 0.6817288796875001 0.716648290625 0.684675834375 0.725468578125 0.6817288796875001 0.7260198453125 0.6444007859374999 0.731532525 0.6434184671875001 0.7469680265624999 0.671905696875 0.7491730984375 0.6807465625 0.7491730984375 0.6944990171875001 0.7513781703125 0.697445971875 0.7557883125 0.6935167 0.7574421171875 0.684675834375 0.745865490625 0.648330059375 0.7486218296875 0.6257367390625 0.7469680265624999 0.60117878125 0.742006615625 0.584479371875 0.731532525 0.569744596875 0.7282249171874999 0.557956778125 0.7227122375 0.5559921421875 0.721058434375 0.5599214140625 0.72326350625 0.6001964640625 0.7216097015625 0.6070726921875 0.7216097015625 0.62671905625 0.7183020953125 0.6434184671875001
1 0.8952590953125 0.953831040625 0.894707828125 0.9813359531250001 0.8980154359375 0.98821218125 0.8963616312499999 0.994106090625 0.8980154359375 0.9911591359375 0.9029768468749999 0.9911591359375 0.90518191875 0.99901768125 0.9332965828124999 0.99901768125 0.93439911875 0.9901768171875001 0.9316427781250001 0.9813359531250001 0.9327453140624999 0.969548134375 0.9305402421875 0.9636542234375 0.9294377062500001 0.94990176875 0.9217199562499999 0.9400785859375 0.9217199562499999 0.9204322203125 0.9123484015625 0.91159135625 0.9057331859375 0.91159135625 0.90132304375 0.9214145390624999 0.8958103640624999 0.917485265625 0.9002205078125 0.9135559921875 0.8958103640624999 0.9106090375000001 0.8936052921875 0.9145383109375 0.9035281140625001 0.9312377203125 0.9035281140625001 0.9410609031250001 0.8952590953125 0.953831040625
1 0.8643880921875 0.9646365421875001 0.8643880921875 0.97347740625 0.869349503125 0.9833005890625 0.869900771875 0.995088409375 0.8726571109375 0.995088409375 0.8737596468750001 0.99901768125 0.8875413453125001 0.99901768125 0.8880926125 0.9960707265625001 0.8914002203125 0.995088409375 0.8941565593749999 0.9783889984374999 0.8936052921875 0.9616895875000001 0.886438809375 0.9459724953125 0.8781697906250001 0.9390962671875001 0.8770672546875 0.9194499015625001 0.87210584375 0.9135559921875 0.865490628125 0.9135559921875 0.861080484375 0.9214145390624999 0.8632855562499999 0.9410609031250001 0.861080484375 0.9449901765625001 0.8605292171875 0.953831040625 0.8643880921875 0.9646365421875001
1 0.6515986765624999 0.9783889984374999 0.6460859984375 0.969548134375 0.642778390625 0.968565815625 0.6378169796875001 0.94990176875 0.634509371875 0.94793713125 0.630099228125 0.94793713125 0.626240353125 0.9528487234374999 0.625689084375 0.968565815625 0.621830209375 0.974459725 0.6212789421875 0.9813359531250001 0.6185226015625 0.9872298625000001 0.617971334375 0.99901768125 0.6521499453125 0.99901768125 0.6527012125 0.9960707265625001 0.6515986765624999 0.9783889984374999
1 0.6896361625 0.9724950890624999 0.68632855625 0.9656188609375 0.6786108046875 0.9646365421875001 0.6747519296875 0.9587426328124999 0.67364939375 0.9390962671875001 0.6703417859374999 0.9332023578124999 0.6664829109375 0.9322200390625 0.6615215 0.93713163125 0.6620727671875 0.96267190625 0.6604189640625 0.9656188609375 0.6515986765624999 0.9675834968749999 0.6527012125 0.995088409375 0.6543550171875 0.99901768125 0.6896361625 0.99901768125 0.6896361625 0.9724950890624999
1 0.10859977968750001 0.84675835 0.10859977968750001 0.8978389 0.12403528125 0.9047151281250001 0.1312017640625 0.9017681734374999 0.12127894218749999 0.88605108125 0.12127894218749999 0.8752455796874999 0.1295479609375 0.8683693515625001 0.13009922812500002 0.85854616875 0.121830209375 0.8418467578125 0.12293274531250001 0.8379174859375 0.12127894218749999 0.8339882125000001 0.12017640624999999 0.7848722984375 0.1157662625 0.7544204328124999 0.1124586546875 0.748526521875 0.1124586546875 0.7278978390625 0.10529217187499999 0.7269155203125 0.101433296875 0.729862475 0.099228225 0.7573673875 0.09095920625000001 0.7721021609375 0.089305403125 0.7907662078125 0.0876515984375 0.7927308453124999 0.08710033125 0.8133595281250001 0.09151047343749999 0.8290766203125 0.100882028125 0.8418467578125 0.10859977968750001 0.84675835
1 0.3213891953125 0.699410609375 0.31863285625 0.7328094296875001 0.320286659375 0.74459725 0.3296582140625 0.7583497046875001 0.33020948125 0.7711198421875001 0.3384785 0.7730844796875 0.33902976875 0.787819253125 0.33572216093749996 0.7956778 0.3379272328125 0.800589390625 0.341234840625 0.800589390625 0.3472987875 0.79469548125 0.3472987875 0.7838899796875001 0.344542446875 0.7779960703125 0.3434399125 0.7662082515625 0.3384785 0.7475442046875 0.33902976875 0.73084479375 0.34288864375 0.710216109375 0.3434399125 0.671905696875 0.3417861078125 0.6640471515625 0.33020948125 0.647347740625 0.328555678125 0.635559921875 0.3219404625 0.634577603125 0.31863285625 0.63948919375 0.3208379265625 0.684675834375 0.31863285625 0.6944990171875001 0.3213891953125 0.699410609375
1 0.642227121875 0.6178781921875001 0.6350606390625 0.6257367390625 0.6334068359375 0.635559921875 0.630099228125 0.6404715125 0.630650496875 0.647347740625 0.636163175 0.65225933125 0.6389195156249999 0.6512770140625 0.6416758546875 0.6444007859374999 0.6444321937499999 0.627701375 0.6598676953125 0.616895875 0.663175303125 0.610019646875 0.665380375 0.57563850625 0.6764057328125 0.570726915625 0.6780595375 0.5667976421875001 0.67750826875 0.5491159140625 0.67364939375 0.532416503125 0.6742006609375 0.5166994109374999 0.6725468578125 0.5127701375 0.6681367140625001 0.5127701375 0.6626240359375 0.5294695484374999 0.6521499453125 0.53732809375 0.6477398015625 0.546168959375 0.646637265625 0.5677799609374999 0.6488423375 0.5795677796875001 0.6482910687500001 0.6021611 0.642227121875 0.6178781921875001
1 0.9823594265625 0.63948919375 0.9994487328125 0.6434184671875001 0.9994487328125 0.5933202359374999 0.9862183015625 0.5746561890625 0.981808159375 0.558939096875 0.973539140625 0.558939096875 0.9702315328125 0.5638506875 0.964718853125 0.6001964640625 0.9558985671875 0.61591355625 0.9558985671875 0.62868369375 0.960859978125 0.633595284375 0.976846746875 0.635559921875 0.9823594265625 0.63948919375
1 0.551819184375 0.5687622796875 0.5523704515625 0.57563850625 0.555678059375 0.5795677796875001 0.559536934375 0.5795677796875001 0.5606394703124999 0.5667976421875001 0.5733186328125 0.5412573671875001 0.5815876515625 0.5422396859374999 0.5882028671875 0.5550098234374999 0.6003307609374999 0.5559921421875 0.60363836875 0.558939096875 0.6047409046875 0.5658153234375 0.6085997796875 0.5667976421875001 0.609151046875 0.55108055 0.6074972437499999 0.5471512765625001 0.59481808125 0.5471512765625001 0.5920617421875 0.544204321875 0.5920617421875 0.525540275 0.5865490624999999 0.51375245625 0.5815876515625 0.49115913593749994 0.5749724359374999 0.4872298625 0.5711135609375 0.474459725 0.5672546859375001 0.474459725 0.56560088125 0.47838899843749993 0.5650496140625 0.525540275 0.5606394703124999 0.5481335953124999 0.559536934375 0.5638506875 0.551819184375 0.5687622796875
1 0.5176405734375 0.5108055015625 0.5214994484375 0.5108055015625 0.523153253125 0.507858546875 0.5226019843749999 0.49901768124999996 0.5253583234375 0.49115913593749994 0.5259095921875 0.47544204375000004 0.5292171999999999 0.469548134375 0.5424476296875 0.48821218125000004 0.5441014328125 0.492141453125 0.5435501656249999 0.5029469546875001 0.5468577734375 0.504911590625 0.5501653796875 0.50098231875 0.551267915625 0.49115913593749994 0.5380374859375 0.4646365421875 0.5363836828124999 0.443025540625 0.5385887546875 0.42436149375000004 0.5358324140625 0.41159135625000004 0.5303197359375 0.40176817343750004 0.52866593125 0.389980353125 0.52480705625 0.3889980359375 0.523153253125 0.3929273078125 0.5203969125000001 0.41944990156250006 0.523153253125 0.44499017656250006 0.5203969125000001 0.48624754374999996 0.5154355015625 0.506876228125 0.5176405734375 0.5108055015625
1 0.7348401328125 0.5736738703125 0.7409040796874999 0.5815324171875 0.742006615625 0.56286836875 0.7447629546875 0.5599214140625 0.74751929375 0.5677799609374999 0.750275634375 0.58840864375 0.7491730984375 0.597249509375 0.7519294375000001 0.5982318265625 0.75633958125 0.5933202359374999 0.7508269015625 0.546168959375 0.75248070625 0.482318271875 0.7513781703125 0.47544204375000004 0.7469680265624999 0.468565815625 0.7442116875 0.453831040625 0.737596471875 0.45284872343749993 0.7353913999999999 0.45776031406250006 0.7370452046875 0.481335953125 0.7342888640624999 0.5088408640625001 0.7331863281250001 0.546168959375 0.7348401328125 0.5736738703125
1 0.36328555625000003 0.570726915625 0.36769569999999996 0.571709234375 0.369349503125 0.570726915625 0.37210584375 0.5481335953124999 0.3748621828125 0.5530451859375 0.3792723265625 0.55009823125 0.3792723265625 0.5422396859374999 0.3754134515625 0.5275049109375 0.3754134515625 0.49607072656250006 0.3809261296875 0.48330058906250006 0.3792723265625 0.481335953125 0.3770672546875 0.466601178125 0.3704520390625 0.4567779953125 0.3687982359375 0.4459724953125 0.365490628125 0.4440078578125 0.3621830203125 0.44891945 0.3605292171875 0.4646365421875 0.35722160937499997 0.47347740624999995 0.3566703421875 0.5 0.3649393609375 0.5432220046875 0.3649393609375 0.5618860515625 0.36328555625000003 0.570726915625