2 0.3770672546875 0.96070726875 0.378169790625 0.9381139484375 0.3814773984375 0.923379175 0.37982359374999997 0.9184675828125 0.378169790625 0.9194499015625001 0.373759646875 0.9361493125000001 0.3726571109375 0.9528487234374999 0.3687982359375 0.9656188609375 0.3710033078125 0.968565815625 0.369349503125 0.97347740625 0.365490628125 0.9724950890624999 0.361631753125 0.9891944984375 0.361080484375 0.99901768125 0.3643880921875 0.99901768125 0.371554575 0.968565815625 0.3770672546875 0.96070726875
2 0.7712238140625 0.9440078578125 0.7816979046875 0.93516699375 0.778941565625 0.9332023578124999 0.7778390296875 0.9381139484375 0.775082690625 0.9332023578124999 0.76405733125 0.9400785859375 0.7557883125 0.9410609031250001 0.74366041875 0.9361493125000001 0.7403528109375 0.9400785859375 0.741455346875 0.94891945 0.7508269015625 0.9518664046875 0.7712238140625 0.9440078578125
0 0.1604189640625 0.737721021875 0.1604189640625 0.7455795671875001 0.16923925 0.7455795671875001 0.1681367140625 0.736738703125 0.1604189640625 0.737721021875
1 0.7855567812500001 0.9135559921875 0.7816979046875 0.9194499015625001 0.775082690625 0.9204322203125 0.774531421875 0.9302554031250001 0.7921719953124999 0.9312377203125 0.795479603125 0.93713163125 0.7938258 0.974459725 0.7971334062500001 0.995088409375 0.8147739796875 0.995088409375 0.8169790515625 0.9872298625000001 0.8103638375 0.9764243609375001 0.81367144375 0.9361493125000001 0.8087100328125001 0.9135559921875 0.807607496875 0.8909626718749999 0.7938258 0.872298625 0.7905181921875 0.8506876234374999 0.7866593171875 0.84675835 0.7811466375 0.84675835 0.7794928328124999 0.84774066875 0.7783902984375 0.8555992140625 0.778941565625 0.872298625 0.7844542453125001 0.877210215625 0.7855567812500001 0.8811394890625 0.7855567812500001 0.9135559921875
1 0.31367144375 0.7593320234375 0.31201764062500004 0.7662082515625 0.3131201765625 0.76915520625 0.3213891953125 0.7711198421875001 0.320286659375 0.7829076625 0.31367144375 0.7917485265625 0.31367144375 0.800589390625 0.3169790515625 0.8133595281250001 0.319735390625 0.8143418468749999 0.3219404625 0.82023575625 0.3169790515625 0.827111984375 0.31642778437499997 0.8339882125000001 0.3208379265625 0.8379174859375 0.320286659375 0.84577603125 0.32524807031249997 0.8497053046874999 0.33076075 0.8428290765625001 0.3335170890625 0.8055009828124999 0.3417861078125 0.7848722984375 0.34399117968750004 0.76915520625 0.3417861078125 0.7328094296875001 0.3340683578125 0.7161100203124999 0.33076075 0.698428290625 0.32635060625 0.697445971875 0.3219404625 0.7033398828124999 0.32414553437500004 0.7200392921875001 0.32414553437500004 0.737721021875 0.319735390625 0.7524557953125 0.31367144375 0.7593320234375
1 0.1041896359375 0.73084479375 0.105843440625 0.735756384375 0.114112459375 0.736738703125 0.1163175296875 0.723968565625 0.12458654843750001 0.710216109375 0.12624035312499998 0.6817288796875001 0.13009922812500002 0.672888015625 0.14718853437499999 0.685658153125 0.138919515625 0.65225933125 0.14002205 0.621807465625 0.138368246875 0.6149312375 0.1312017640625 0.61591355625 0.117420065625 0.6444007859374999 0.10970231562499999 0.6689587421875001 0.113561190625 0.7033398828124999 0.1119073875 0.712180746875 0.1047409046875 0.7210216109375 0.1041896359375 0.73084479375
1 0.49117971406249994 0.6296660125 0.4944873203125 0.633595284375 0.4988974640625 0.61394891875 0.49724366093750005 0.5854616890625 0.4988974640625 0.5795677796875001 0.5 0.5422396859374999 0.48566703437500003 0.519646365625 0.481808159375 0.5216110015625001 0.47905181875 0.5422396859374999 0.4779492828125 0.5736738703125 0.481256890625 0.57563850625 0.485115765625 0.584479371875 0.49117971406249994 0.6296660125
1 0.1433296578125 0.65324165 0.14718853437499999 0.6552062875 0.15711135625 0.6444007859374999 0.16703417812500002 0.6434184671875001 0.1725468578125 0.6385068765625 0.17364939375 0.6296660125 0.16923925 0.620825146875 0.16923925 0.5943025546875 0.155457553125 0.5599214140625 0.15214994531249998 0.558939096875 0.1477398015625 0.56286836875 0.14718853437499999 0.576620825 0.1394707828125 0.5943025546875 0.138919515625 0.6129666015625 0.1416758546875 0.6237721015625 0.14057331875 0.646365421875 0.1433296578125 0.65324165
1 0.7960308703125001 0.6178781921875001 0.7949283359375 0.6257367390625 0.7927232640625 0.627701375 0.7850055125 0.6561886046875001 0.7861080484375 0.6640471515625 0.7899669234375 0.661100196875 0.7965821390625 0.646365421875 0.8131201765625 0.622789784375 0.820286659375 0.608055009375 0.8241455343749999 0.5854616890625 0.8241455343749999 0.57563850625 0.816427784375 0.55009823125 0.8087100328125001 0.55108055 0.807607496875 0.5658153234375 0.8009922828124999 0.5854616890625 0.799889746875 0.610019646875 0.7960308703125001 0.6178781921875001
1 0.5214994484375 0.5736738703125 0.5203969125000001 0.584479371875 0.5259095921875 0.6041257375 0.52480705625 0.6149312375 0.5259095921875 0.6178781921875001 0.5347298781250001 0.616895875 0.5358324140625 0.6188605109374999 0.5341786109375 0.6296660125 0.5418963609375 0.6306483296875001 0.5435501656249999 0.62671905625 0.542998896875 0.6188605109374999 0.5402425578125001 0.6119842828125 0.5385887546875 0.595284871875 0.5385887546875 0.5471512765625001 0.527012128125 0.517681728125 0.523153253125 0.517681728125 0.5214994484375 0.520628684375 0.5220507171875 0.545186640625 0.5154355015625 0.5559921421875 0.5253583234375 0.5638506875 0.5214994484375 0.5736738703125
1 0.8732083796874999 0.6571709234374999 0.8732083796874999 0.6640471515625 0.8704520390624999 0.667976425 0.8704520390624999 0.672888015625 0.8765159875 0.673870334375 0.8820286656249999 0.667976425 0.882579934375 0.6493123765625 0.8792723265625 0.627701375 0.8847850062499999 0.609037328125 0.8842337375 0.5943025546875 0.885887540625 0.584479371875 0.8820286656249999 0.5726915515625 0.8737596468750001 0.558939096875 0.8726571109375 0.55108055 0.869349503125 0.546168959375 0.8649393609375 0.5471512765625001 0.8660418968749999 0.597249509375 0.86824696875 0.6051080546875001 0.8676957 0.634577603125 0.8732083796874999 0.6571709234374999