2 0.898566703125 0.761296659375 0.9057331859375 0.750491159375 0.9288864390624999 0.7278978390625 0.9294377062500001 0.722986246875 0.9283351703125 0.7210216109375 0.9228224921875 0.724950884375 0.9162072765625 0.735756384375 0.9128996687500001 0.736738703125 0.902425578125 0.749508840625 0.8936052921875 0.7524557953125 0.886438809375 0.748526521875 0.8853362734375001 0.751473478125 0.8875413453125001 0.7583497046875001 0.8936052921875 0.762278978125 0.898566703125 0.761296659375
2 0.8632855562499999 0.97544204375 0.861080484375 0.974459725 0.8594266812500001 0.9823182718749999 0.8561190734374999 0.974459725 0.857221609375 0.9823182718749999 0.8665931640625001 0.9852652265625 0.8660418968749999 0.979371315625 0.8632855562499999 0.97544204375
2 0.717199559375 0.6689587421875001 0.7227122375 0.667976425 0.7298787203125 0.6512770140625 0.73098125625 0.6434184671875001 0.7342888640624999 0.63948919375 0.7320837921875001 0.64145383125 0.7304299890625 0.6385068765625 0.7205071671875001 0.6561886046875001 0.712789415625 0.6650294703124999 0.7100330765625 0.6817288796875001 0.7056229328125 0.686640471875 0.704520396875 0.6944990171875001 0.712789415625 0.6905697453124999 0.7116868796875 0.678781925 0.717199559375 0.6689587421875001
2 0.0407938265625 0.610019646875 0.043550165625 0.61394891875 0.0463065046875 0.6129666015625 0.0485115765625 0.608055009375 0.0446527015625 0.6060903734374999 0.035281146875 0.6110019640625 0.033076074999999996 0.6188605109374999 0.030319735937499998 0.61394891875 0.0275633953125 0.6149312375 0.025358323437500004 0.6178781921875001 0.025909592187500004 0.622789784375 0.03748621875 0.616895875 0.0407938265625 0.610019646875
2 0.7734288859375 0.9872298625000001 0.76901874375 0.97544204375 0.7651598671875 0.9724950890624999 0.7695700109375 0.994106090625 0.7734288859375 0.995088409375 0.7734288859375 0.9872298625000001
2 0.77673649375 0.96070726875 0.778941565625 0.9656188609375 0.782800440625 0.9656188609375 0.783351709375 0.953831040625 0.775082690625 0.9528487234374999 0.770672546875 0.943025540625 0.76901874375 0.9312377203125 0.7646086000000001 0.9273084484374999 0.7635060640625 0.9381139484375 0.7651598671875 0.9518664046875 0.768467475 0.9567779953125 0.77673649375 0.96070726875
1 0.439911796875 0.93516699375 0.4492833515625 0.9204322203125 0.4536934953125 0.9194499015625001 0.45755237031249996 0.928290765625 0.4558985671875 0.93713163125 0.45203969062500005 0.9440078578125 0.45148842343749995 0.9528487234374999 0.448732084375 0.954813359375 0.44818081562499995 0.9597249515625 0.452590959375 0.9656188609375 0.457001103125 0.9656188609375 0.457001103125 0.954813359375 0.46582138906250004 0.9312377203125 0.4663726578125 0.917485265625 0.468577728125 0.9106090375000001 0.46416758593749996 0.8958742624999999 0.46306505 0.8811394890625 0.46416758593749996 0.8654223968749999 0.46802646093750006 0.8546168953125 0.468577728125 0.8438113953125 0.46471885312500005 0.8300589390625 0.45534729843750005 0.8241650296874999 0.4542447625 0.8045186640624999 0.44432194062499997 0.8055009828124999 0.44266813593750004 0.8113948921875 0.4432194046875 0.8300589390625 0.4349503859375 0.8487229859375001 0.4371554578125 0.9007858546874999 0.43439911875000004 0.9086444015625 0.4327453140625 0.9312377203125 0.42557883125 0.953831040625 0.42502756406250003 0.9656188609375 0.4288864390625 0.968565815625 0.43164277812499996 0.9656188609375 0.439911796875 0.93516699375
1 0.93384785 0.673870334375 0.93439911875 0.6876227890625 0.9404630656249999 0.7043222 0.93825799375 0.711198428125 0.9288864390624999 0.7151277015625 0.9288864390624999 0.7200392921875001 0.93439911875 0.725933203125 0.9388092609375001 0.74459725 0.93825799375 0.7573673875 0.9310915109375 0.7652259328125 0.9349503859375 0.770137525 0.9470782796874999 0.770137525 0.9492833515625 0.7730844796875 0.9531422265625 0.7848722984375 0.9531422265625 0.7907662078125 0.948732084375 0.7996070734375 0.9492833515625 0.8035363453125001 0.960308709375 0.8045186640624999 0.9641675859375001 0.7996070734375 0.9636163171875 0.7917485265625 0.9575523703125001 0.777013753125 0.952590959375 0.750491159375 0.96306505 0.7269155203125 0.96306505 0.7082514734375 0.9476295484374999 0.6699410609374999 0.9404630656249999 0.6640471515625 0.9366041890625001 0.65225933125 0.9321940468750001 0.648330059375 0.927232634375 0.6493123765625 0.92557883125 0.65225933125 0.92557883125 0.6640471515625 0.927232634375 0.6689587421875001 0.93384785 0.673870334375
1 0.469128996875 0.85756385 0.469128996875 0.8880157171875 0.46582138906250004 0.89685658125 0.469128996875 0.902750490625 0.472987871875 0.902750490625 0.4762954796875 0.8978389 0.481808159375 0.9017681734374999 0.481256890625 0.9106090375000001 0.489525909375 0.9106090375000001 0.49228224843749996 0.9047151281250001 0.49117971406249994 0.852652259375 0.49503858906250003 0.8487229859375001 0.5 0.8339882125000001 0.5033076078125001 0.8133595281250001 0.502205071875 0.8045186640624999 0.49558985624999996 0.7848722984375 0.4834619625 0.76915520625 0.481808159375 0.7573673875 0.47353914062499997 0.7544204328124999 0.469128996875 0.762278978125 0.47188533593750004 0.774066796875 0.47188533593750004 0.7907662078125 0.4674751921875 0.8094302546875 0.46802646093750006 0.815324165625 0.47188533593750004 0.8182711203125 0.472987871875 0.8310412578124999 0.469128996875 0.85756385
1 0.3125689078125 0.7003929265625 0.3169790515625 0.7023575640625 0.3213891953125 0.6944990171875001 0.32249173125 0.6561886046875001 0.32414553437500004 0.6512770140625 0.328004409375 0.6512770140625 0.33020948125 0.6561886046875001 0.33076075 0.697445971875 0.33517089375000003 0.7023575640625 0.3373759640625 0.699410609375 0.33572216093749996 0.6836935171875 0.33902976875 0.6777996078124999 0.336273428125 0.64145383125 0.3395810359375 0.6149312375 0.3423373765625 0.6060903734374999 0.3417861078125 0.584479371875 0.33517089375000003 0.570726915625 0.33461962500000003 0.5559921421875 0.332414553125 0.5540275046875001 0.32579933906249997 0.5550098234374999 0.32414553437500004 0.5638506875 0.319735390625 0.571709234375 0.3169790515625 0.5726915515625 0.3125689078125 0.582514734375 0.3125689078125 0.6041257375 0.3169790515625 0.620825146875 0.3169790515625 0.673870334375 0.3125689078125 0.7003929265625
1 0.9029768468749999 0.9705304515625001 0.8996692390625001 0.96267190625 0.890848953125 0.9557956781250001 0.890297684375 0.9361493125000001 0.8847850062499999 0.928290765625 0.8787210578125 0.9273084484374999 0.8737596468750001 0.9312377203125 0.8737596468750001 0.9518664046875 0.86824696875 0.9675834968749999 0.869349503125 0.99901768125 0.9035281140625001 0.99901768125 0.90463065 0.994106090625 0.9029768468749999 0.9705304515625001
1 0.016538037499999998 0.6552062875 0.012679162499999999 0.6748526515625 0.0093715546875 0.6827111984374999 0.0088202859375 0.698428290625 0.011576626562500001 0.7023575640625 0.0154355015625 0.7013752453125 0.018191840625 0.6807465625 0.0214994484375 0.684675834375 0.0214994484375 0.6944990171875001 0.0325248078125 0.698428290625 0.034729878125 0.6944990171875001 0.031422271875000005 0.6817288796875001 0.0358324140625 0.648330059375 0.035281146875 0.6188605109374999 0.039140021875 0.6110019640625 0.0463065046875 0.610019646875 0.0468577734375 0.6051080546875001 0.0441014328125 0.60117878125 0.0380374859375 0.576620825 0.033076074999999996 0.5658153234375 0.029768467187499998 0.5471512765625001 0.025909592187500004 0.5471512765625001 0.022601984375000002 0.5530451859375 0.02094818125 0.5667976421875001 0.014332965625 0.576620825 0.0088202859375 0.5933202359374999 0.008269018749999999 0.6051080546875001 0.0137816984375 0.6129666015625 0.016538037499999998 0.621807465625 0.016538037499999998 0.6552062875
1 0.9785005515625 0.5677799609374999 0.9779492828125 0.584479371875 0.985667034375 0.6021611 0.9884233734375 0.6178781921875001 0.9994487328125 0.6306483296875001 0.9994487328125 0.5088408640625001 0.99558985625 0.5039292734374999 0.9922822484375 0.48624754374999996 0.9873208375000001 0.48330058906250006 0.9829106953125001 0.492141453125 0.9834619625000001 0.5363457765625 0.9807056234375 0.544204321875 0.9823594265625 0.5540275046875001 0.9785005515625 0.5677799609374999
1 0.7188533625 0.6552062875 0.7122381484375 0.6699410609374999 0.7133406828125 0.698428290625 0.7094818078125 0.7072691546875001 0.716648290625 0.7072691546875001 0.721058434375 0.6758349703125 0.7265711140625 0.660117878125 0.7326350609375 0.6620825140625 0.7348401328125 0.6660117875 0.73594266875 0.6905697453124999 0.737596471875 0.7013752453125 0.7403528109375 0.7062868375 0.742006615625 0.7033398828124999 0.7425578828125 0.6444007859374999 0.73980154375 0.6306483296875001 0.73980154375 0.6237721015625 0.742006615625 0.6178781921875001 0.741455346875 0.6060903734374999 0.733737596875 0.5933202359374999 0.7260198453125 0.58840864375 0.7227122375 0.576620825 0.7155457546874999 0.57563850625 0.7138919515625 0.5785854609375 0.7155457546874999 0.5943025546875 0.7144432187499999 0.6178781921875001 0.717199559375 0.627701375 0.7188533625 0.6552062875
1 0.81367144375 0.97544204375 0.8081587656250001 0.9656188609375 0.8054024249999999 0.9656188609375 0.8009922828124999 0.9597249515625 0.799889746875 0.94891945 0.7949283359375 0.9400785859375 0.787210584375 0.9400785859375 0.7850055125 0.9449901765625001 0.7850055125 0.9646365421875001 0.782800440625 0.9675834968749999 0.7783902984375 0.98624754375 0.7778390296875 0.99901768125 0.8158765156250001 0.99901768125 0.8169790515625 0.995088409375 0.81367144375 0.97544204375
1 0.5920617421875 0.4842829078125 0.5959206171875 0.48624754374999996 0.5986769562500001 0.48330058906250006 0.601433296875 0.4872298625 0.6025358328125 0.494106090625 0.6074972437499999 0.495088409375 0.609702315625 0.4715127703125 0.613561190625 0.4567779953125 0.6201764062499999 0.4440078578125 0.622381478125 0.4312377203125 0.622381478125 0.4204322203125 0.6163175296875 0.3978389 0.6130099234374999 0.3978389 0.601433296875 0.42436149375000004 0.5997794921875 0.44793713124999995 0.597023153125 0.4567779953125 0.5986769562500001 0.47347740624999995 0.5920617421875 0.4842829078125
1 0.742006615625 0.608055009375 0.7403528109375 0.633595284375 0.745865490625 0.6444007859374999 0.7469680265624999 0.6552062875 0.7508269015625 0.6660117875 0.75248070625 0.6886051078125 0.75633958125 0.6895874265625 0.7596471890625 0.684675834375 0.7590959203125001 0.6748526515625 0.7552370453125 0.660117878125 0.7480705624999999 0.647347740625 0.7486218296875 0.5893909625 0.74366041875 0.576620825 0.7348401328125 0.56483300625 0.7331863281250001 0.55108055 0.73098125625 0.546168959375 0.72326350625 0.5491159140625 0.7227122375 0.56286836875 0.7260198453125 0.5874263265625 0.7381477390625 0.5982318265625 0.742006615625 0.608055009375