2 0.41675854531249995 0.712180746875 0.42502756406250003 0.6944990171875001 0.42557883125 0.686640471875 0.42116868749999997 0.686640471875 0.41179713281249997 0.7013752453125 0.40022050781249996 0.7013752453125 0.39966923906249996 0.7062868375 0.402425578125 0.710216109375 0.4140022046875 0.7141453828125 0.41675854531249995 0.712180746875
2 0.696251378125 0.7573673875 0.6951488421875001 0.749508840625 0.6780595375 0.7465618859375 0.6780595375 0.7544204328124999 0.6852260203125 0.761296659375 0.6929437703125 0.762278978125 0.696251378125 0.7573673875
1 0.8169790515625 0.4518664046875 0.80981256875 0.468565815625 0.799889746875 0.47838899843749993 0.7971334062500001 0.48526522656250004 0.8042998890625 0.4872298625 0.8109151046875 0.482318271875 0.8153252484375001 0.4842829078125 0.8120176406249999 0.49901768124999996 0.8125689078124999 0.5235756390625 0.80981256875 0.532416503125 0.80981256875 0.5422396859374999 0.81367144375 0.5550098234374999 0.8208379265625 0.5687622796875 0.824696803125 0.5874263265625 0.832965821875 0.5923379171875001 0.8434399125 0.5923379171875001 0.844542446875 0.5874263265625 0.836273428125 0.5216110015625001 0.8384785000000001 0.507858546875 0.8379272328124999 0.44499017656250006 0.8318632859375 0.42730844843750004 0.8291069453125001 0.40667976406250006 0.8224917312500001 0.404715128125 0.8180815875 0.4106090375 0.8169790515625 0.429273084375 0.820286659375 0.4390962671875 0.8169790515625 0.44695481406250004 0.8169790515625 0.4518664046875
1 0.7012127890625 0.6552062875 0.7034178609375 0.6620825140625 0.7050716640625 0.6827111984374999 0.704520396875 0.6944990171875001 0.7133406828125 0.7013752453125 0.712789415625 0.7062868375 0.7039691296874999 0.7170923375 0.6968026453125 0.7318271125 0.69845645 0.748526521875 0.7078280046875001 0.7789783890625 0.70672546875 0.7868369359375 0.7012127890625 0.7976424359375 0.7012127890625 0.8045186640624999 0.7083792718749999 0.80746561875 0.716648290625 0.800589390625 0.7188533625 0.7956778 0.7188533625 0.7789783890625 0.7265711140625 0.78192534375 0.7342888640624999 0.78192534375 0.737596471875 0.7789783890625 0.737596471875 0.7711198421875001 0.73098125625 0.7603143421875 0.729327453125 0.749508840625 0.7227122375 0.7347740671875 0.72712238125 0.7210216109375 0.733737596875 0.7141453828125 0.73594266875 0.698428290625 0.733737596875 0.6777996078124999 0.7265711140625 0.6640471515625 0.7260198453125 0.65324165 0.7216097015625 0.6365422390625 0.7078280046875001 0.621807465625 0.7034178609375 0.5982318265625 0.6990077171875 0.597249509375 0.6934950390625 0.60117878125 0.692392503125 0.610019646875 0.6957001109375 0.6257367390625 0.7012127890625 0.6365422390625 0.7012127890625 0.6552062875
1 0 0.9911591359375 0.003858875 0.99901768125 0.0363836828125 0.99901768125 0.039691290625 0.995088409375 0.0380374859375 0.9390962671875001 0.030319735937499998 0.923379175 0.0203969125 0.917485265625 0.02094818125 0.8811394890625 0.016538037499999998 0.877210215625 0.0088202859375 0.878192534375 0.003858875 0.8811394890625 0.0011025359375 0.8889980359375 0.0027563390625 0.9184675828125 0 0.9263261296874999 0 0.9911591359375
1 0.7965821390625 0.7210216109375 0.7982359421874999 0.729862475 0.7960308703125001 0.7347740671875 0.7927232640625 0.7328094296875001 0.791069459375 0.736738703125 0.7949283359375 0.7396856578125 0.7938258 0.7534381140625 0.795479603125 0.761296659375 0.8015435500000001 0.770137525 0.80981256875 0.775049115625 0.8252480703125 0.775049115625 0.832965821875 0.7789783890625 0.8373759640625 0.764243615625 0.8450937156249999 0.761296659375 0.848952590625 0.75638506875 0.8484013234375001 0.750491159375 0.8434399125 0.7426326125 0.84674751875 0.7170923375 0.8461962515625 0.7072691546875001 0.8434399125 0.7013752453125 0.834619625 0.6561886046875001 0.8257993390625 0.6453831046875 0.8241455343749999 0.6296660125 0.8213891953125 0.621807465625 0.8125689078124999 0.6149312375 0.8081587656250001 0.6178781921875001 0.8048511578124999 0.62868369375 0.8092613015625 0.6512770140625 0.8037486218750001 0.6689587421875001 0.799889746875 0.710216109375 0.7965821390625 0.7210216109375
1 0.352811465625 0.5913555984375 0.35942668125 0.58840864375 0.35997795 0.576620825 0.3710033078125 0.5540275046875001 0.3875413453125 0.5550098234374999 0.3974641671875 0.546168959375 0.39856670312500003 0.5422396859374999 0.39856670312500003 0.5216110015625001 0.39636163125 0.51375245625 0.39966923906249996 0.49607072656250006 0.390297684375 0.479371315625 0.382028665625 0.469548134375 0.3792723265625 0.45776031406250006 0.3710033078125 0.4587426328125 0.369349503125 0.46267190625000004 0.369349503125 0.47347740624999995 0.361080484375 0.48919449843749996 0.36824696874999996 0.5108055015625 0.36824696874999996 0.5284872296875001 0.348952590625 0.584479371875 0.352811465625 0.5913555984375
1 0.2409040796875 0.7829076625 0.2431091515625 0.7868369359375 0.2425578828125 0.800589390625 0.23925027499999998 0.8113948921875 0.2370452046875 0.8418467578125 0.22877618593750002 0.8654223968749999 0.22601984531250002 0.8791748531250001 0.225468578125 0.89685658125 0.22160970156249998 0.90962671875 0.21775082656250003 0.9145383109375 0.21830209531250003 0.9214145390624999 0.22657111406250002 0.92436149375 0.23042998906249998 0.9194499015625001 0.23098125625 0.8958742624999999 0.23814773906250003 0.8821218078124999 0.23980154374999998 0.8644400781250001 0.2425578828125 0.8546168953125 0.24751929375 0.8506876234374999 0.2574421171875 0.8310412578124999 0.27067254687500003 0.852652259375 0.275082690625 0.8752455796874999 0.2811466375 0.8880157171875 0.28390297656249996 0.9106090375000001 0.2899669234375 0.9135559921875 0.291620728125 0.90962671875 0.291069459375 0.9007858546874999 0.2866593171875 0.8850687625000001 0.2850055125 0.8634577609375 0.28059536875 0.84774066875 0.27673649375 0.8418467578125 0.274531421875 0.7730844796875 0.2783902984375 0.7721021609375 0.2811466375 0.777013753125 0.28555678125 0.80746561875 0.28941565625 0.8104125734375 0.291620728125 0.8035363453125001 0.2905181921875 0.7848722984375 0.2861080484375 0.762278978125 0.283351709375 0.7573673875 0.2811466375 0.7416502953124999 0.27287761875 0.724950884375 0.26460859999999997 0.719056975 0.26130099218749997 0.7131630640625 0.2635060640625 0.6944990171875001 0.26019845625000004 0.6895874265625 0.2508269015625 0.686640471875 0.2464167578125 0.6944990171875001 0.24586549062500002 0.7003929265625 0.250275634375 0.7161100203124999 0.23869900781250003 0.735756384375 0.2353914 0.7475442046875 0.2342888640625 0.770137525 0.23042998906249998 0.7917485265625 0.22932745312499997 0.80746561875 0.233737596875 0.8094302546875 0.23925027499999998 0.7848722984375 0.2409040796875 0.7829076625
1 0.0589856671875 0.6237721015625 0.062293275 0.647347740625 0.08324145468750001 0.678781925 0.08379272343750001 0.685658153125 0.0788313125 0.6944990171875001 0.0777287765625 0.7013752453125 0.068357221875 0.711198428125 0.070011025 0.7269155203125 0.0738699 0.735756384375 0.08324145468750001 0.736738703125 0.084895259375 0.7328094296875001 0.08324145468750001 0.712180746875 0.0876515984375 0.7033398828124999 0.09371554531250001 0.698428290625 0.0959206171875 0.698428290625 0.09867695625 0.7043222 0.100882028125 0.723968565625 0.10859977968750001 0.723968565625 0.11135611875 0.7200392921875001 0.11135611875 0.712180746875 0.0997794921875 0.6954813359375 0.101433296875 0.6886051078125 0.0997794921875 0.673870334375 0.0959206171875 0.6689587421875001 0.092613009375 0.659135559375 0.089305403125 0.6237721015625 0.0865490625 0.6198428296875 0.08710033125 0.6060903734374999 0.09481808124999999 0.6051080546875001 0.09481808124999999 0.6021611 0.0859977953125 0.57563850625 0.08213891875 0.5687622796875 0.07331863281249999 0.5609037328124999 0.068357221875 0.5412573671875001 0.060088203124999996 0.5383104125 0.056229328125 0.5432220046875 0.0573318640625 0.5677799609374999 0.0441014328125 0.6070726921875 0.043550165625 0.6119842828125 0.0468577734375 0.6178781921875001 0.054575523437499995 0.6188605109374999 0.0589856671875 0.6237721015625
1 0.5777287765625 0.736738703125 0.5733186328125 0.6954813359375 0.57056229375 0.685658153125 0.5678059531249999 0.685658153125 0.5667034171875 0.7043222 0.57056229375 0.7328094296875001 0.5733186328125 0.736738703125 0.5777287765625 0.736738703125
1 0.5319735390625 0.627701375 0.52480705625 0.660117878125 0.5214994484375 0.6640471515625 0.52094818125 0.6817288796875001 0.5259095921875 0.7151277015625 0.5292171999999999 0.722986246875 0.5319735390625 0.712180746875 0.5303197359375 0.673870334375 0.5341786109375 0.6640471515625 0.5336273421875 0.6375245578125 0.5363836828124999 0.6257367390625 0.539691290625 0.622789784375 0.542998896875 0.61394891875 0.539691290625 0.5933202359374999 0.5446527015625 0.5874263265625 0.5507166484375 0.5893909625 0.5562293281249999 0.5982318265625 0.5567805953125 0.6051080546875001 0.5606394703124999 0.610019646875 0.5633958109375 0.6051080546875001 0.5650496140625 0.5933202359374999 0.563947078125 0.5687622796875 0.5600882031250001 0.558939096875 0.551267915625 0.5481335953124999 0.5457552375 0.52652259375 0.5424476296875 0.525540275 0.5358324140625 0.5353634578124999 0.5363836828124999 0.5530451859375 0.5319735390625 0.5677799609374999 0.5319735390625 0.58840864375 0.5275633953125001 0.608055009375 0.5292171999999999 0.6129666015625 0.5347298781250001 0.6149312375 0.5347298781250001 0.621807465625 0.5319735390625 0.627701375
1 0.533076075 0.6385068765625 0.5347298781250001 0.647347740625 0.535281146875 0.6886051078125 0.53748621875 0.697445971875 0.5292171999999999 0.723968565625 0.5214994484375 0.736738703125 0.5165380374999999 0.7829076625 0.5110253578124999 0.79469548125 0.5038588749999999 0.800589390625 0.5027563390625 0.8055009828124999 0.5038588749999999 0.8084479375000001 0.5126791625 0.8094302546875 0.523153253125 0.80746561875 0.5253583234375 0.8035363453125001 0.5242557890625 0.788801571875 0.5292171999999999 0.7671905703124999 0.530871003125 0.7475442046875 0.5385887546875 0.7337917484375 0.5507166484375 0.7318271125 0.559536934375 0.750491159375 0.56174200625 0.76915520625 0.5689084890625 0.787819253125 0.572216096875 0.801571709375 0.5711135609375 0.8133595281250001 0.57442116875 0.82023575625 0.5799338484375001 0.821218075 0.58213891875 0.8163064828125 0.58213891875 0.8104125734375 0.5678059531249999 0.748526521875 0.5689084890625 0.723968565625 0.5667034171875 0.699410609375 0.5694597578125 0.673870334375 0.5738699 0.6650294703124999 0.57442116875 0.648330059375 0.570011025 0.6385068765625 0.5678059531249999 0.62671905625 0.55788313125 0.608055009375 0.5551267921874999 0.595284871875 0.5485115765625 0.58840864375 0.542998896875 0.58840864375 0.5402425578125001 0.5923379171875001 0.5418963609375 0.616895875 0.5347298781250001 0.627701375 0.5347298781250001 0.635559921875 0.533076075 0.6385068765625
1 0.46306505 0.61394891875 0.46306505 0.610019646875 0.45644983437500003 0.6041257375 0.4558985671875 0.608055009375 0.4581036390625 0.6149312375 0.4597574421875 0.616895875 0.46306505 0.61394891875
1 0.4509371546875 0.596267190625 0.4509371546875 0.58840864375 0.44597574375000004 0.583497053125 0.443770671875 0.584479371875 0.44432194062499997 0.5913555984375 0.448732084375 0.597249509375 0.4509371546875 0.596267190625
1 0.3980154359375 0.5933202359374999 0.3969129 0.6129666015625 0.4035281140625 0.610019646875 0.4057331859375 0.6051080546875001 0.402976846875 0.5874263265625 0.40407938281250005 0.57563850625 0.4084895265625 0.57563850625 0.4101433296875 0.583497053125 0.41675854531249995 0.5923379171875001 0.4200661515625 0.5923379171875001 0.42171995625 0.584479371875 0.419514884375 0.576620825 0.42833517031249996 0.5795677796875001 0.429988975 0.571709234375 0.43384785 0.5677799609374999 0.4266813671875 0.5481335953124999 0.427232634375 0.533398821875 0.43439911875000004 0.533398821875 0.44597574375000004 0.5559921421875 0.45038588749999997 0.558939096875 0.4476295484375 0.5422396859374999 0.44266813593750004 0.5294695484374999 0.42171995625 0.4970530453125 0.4200661515625 0.479371315625 0.41786108125 0.474459725 0.4084895265625 0.47347740624999995 0.4084895265625 0.4901768171875 0.40132304375 0.49803536406250004 0.39911797187500003 0.505893909375 0.40077177500000005 0.5412573671875001 0.390848953125 0.5559921421875 0.3919514890625 0.570726915625 0.3980154359375 0.5933202359374999
1 0.427232634375 0.616895875 0.429988975 0.6237721015625 0.43164277812499996 0.6385068765625 0.43825799375 0.65422396875 0.44046306562500004 0.6650294703124999 0.44046306562500004 0.673870334375 0.436052921875 0.686640471875 0.43439911875000004 0.7023575640625 0.436052921875 0.7210216109375 0.4432194046875 0.74459725 0.4432194046875 0.7583497046875001 0.4349503859375 0.7662082515625 0.4349503859375 0.770137525 0.439911796875 0.775049115625 0.452590959375 0.775049115625 0.45479603125 0.7711198421875001 0.45203969062500005 0.761296659375 0.45203969062500005 0.7455795671875001 0.4476295484375 0.7269155203125 0.44597574375000004 0.7043222 0.45644983437500003 0.6905697453124999 0.4636163171875 0.6944990171875001 0.469128996875 0.7033398828124999 0.4746416765625 0.7200392921875001 0.4862183015625 0.7406679765625 0.49228224843749996 0.75638506875 0.4994487328125 0.7583497046875001 0.4994487328125 0.750491159375 0.49503858906250003 0.74459725 0.4867695703125 0.7161100203124999 0.4746416765625 0.6895874265625 0.472987871875 0.673870334375 0.469128996875 0.6630648328125 0.46802646093750006 0.6493123765625 0.45644983437500003 0.609037328125 0.44597574375000004 0.5913555984375 0.4432194046875 0.5795677796875001 0.43770672499999996 0.5687622796875 0.429988975 0.5677799609374999 0.427232634375 0.57563850625 0.43109151093750003 0.5893909625 0.4305402421875 0.597249509375 0.427232634375 0.6051080546875001 0.427232634375 0.616895875