2 0.7386990078125 0.7062868375 0.73980154375 0.7013752453125 0.7370452046875 0.699410609375 0.7265711140625 0.7161100203124999 0.725468578125 0.722986246875 0.7242435375 0.7248417375 0.724917309375 0.723968565625 0.725468578125 0.7288801578124999 0.7282249171874999 0.7200392921875001 0.7386990078125 0.7062868375
2 0.7188533625 0.7416502953124999 0.7155457546874999 0.738703340625 0.7181183390625 0.7341191874999999 0.7144432187499999 0.7396856578125 0.7111356125 0.7396856578125 0.70672546875 0.7328094296875001 0.7028665937499999 0.7328094296875001 0.704520396875 0.74361493125 0.7122381484375 0.7524557953125 0.7160970234375 0.750491159375 0.7188533625 0.7416502953124999
2 0.40022050781249996 0.697445971875 0.4101433296875 0.7023575640625 0.4162072765625 0.7013752453125 0.41896361562499995 0.6915520625 0.429988975 0.672888015625 0.42943770625 0.6660117875 0.427232634375 0.6660117875 0.41565600937499997 0.6886051078125 0.40132304375 0.6895874265625 0.39966923906249996 0.6905697453124999 0.40022050781249996 0.697445971875
2 0.5088202859375001 0.6817288796875001 0.5110253578124999 0.673870334375 0.5049614109375 0.672888015625 0.501653803125 0.6777996078124999 0.47519294375000004 0.6777996078124999 0.47353914062499997 0.6748526515625 0.4696802640625 0.6768172890625 0.4696802640625 0.6817288796875001 0.48070562343749995 0.6886051078125 0.5038588749999999 0.684675834375 0.5088202859375001 0.6817288796875001
2 0.2822491734375 0.8339882125000001 0.2861080484375 0.8251473484374999 0.2861080484375 0.8094302546875 0.2850055125 0.821218075 0.2822491734375 0.8231827109375001 0.28390297656249996 0.826129665625 0.2822491734375 0.8339882125000001
2 0.2574421171875 0.8683693515625001 0.26130099218749997 0.872298625 0.2651598671875 0.872298625 0.266813671875 0.8683693515625001 0.26901874375 0.85854616875 0.26901874375 0.84774066875 0.27177508281249996 0.8379174859375 0.274531421875 0.8084479375000001 0.27232635 0.8045186640624999 0.26901874375 0.8104125734375 0.268467475 0.8310412578124999 0.2651598671875 0.852652259375 0.25633958125 0.8634577609375 0.2574421171875 0.8683693515625001
1 0.8406835718749999 0.441060903125 0.83902976875 0.455795678125 0.8252480703125 0.469548134375 0.8153252484375001 0.47347740624999995 0.8153252484375001 0.4774066796875 0.824696803125 0.479371315625 0.8423373765625 0.47249508906250004 0.844542446875 0.47838899843749993 0.8428886437499999 0.495088409375 0.834619625 0.525540275 0.8373759640625 0.570726915625 0.8307607499999999 0.5805500984374999 0.8307607499999999 0.583497053125 0.832965821875 0.5795677796875001 0.836273428125 0.5854616890625 0.8434399125 0.584479371875 0.8434399125 0.5343811390625001 0.8478500546875001 0.525540275 0.8522601984374999 0.525540275 0.8566703421874999 0.5383104125 0.86824696875 0.558939096875 0.86824696875 0.5805500984374999 0.869349503125 0.584479371875 0.87210584375 0.584479371875 0.8770672546875 0.5795677796875001 0.8776185218749999 0.570726915625 0.8732083796874999 0.55009823125 0.8649393609375 0.532416503125 0.8638368249999999 0.519646365625 0.8649393609375 0.493123771875 0.8676957 0.4774066796875 0.8665931640625001 0.45776031406250006 0.86824696875 0.441060903125 0.8605292171875 0.423379175 0.8588754140624999 0.40667976406250006 0.8550165375000001 0.40176817343750004 0.8472987875 0.40176817343750004 0.8450937156249999 0.4076620828125 0.844542446875 0.4312377203125 0.8428886437499999 0.4390962671875 0.8406835718749999 0.441060903125
1 0.7342888640624999 0.667976425 0.733737596875 0.6777996078124999 0.7238147734375 0.6876227890625 0.72326350625 0.6935167 0.72712238125 0.6954813359375 0.737596471875 0.6895874265625 0.741455346875 0.699410609375 0.7431091515625 0.7161100203124999 0.7392502750000001 0.73084479375 0.7392502750000001 0.7455795671875001 0.7447629546875 0.7652259328125 0.7513781703125 0.775049115625 0.75248070625 0.7848722984375 0.7519294375000001 0.7956778 0.74751929375 0.8035363453125001 0.74751929375 0.8094302546875 0.7519294375000001 0.8133595281250001 0.7568908484375 0.8123772109375 0.7635060640625 0.80746561875 0.7646086000000001 0.8035363453125001 0.7607497249999999 0.7838899796875001 0.76901874375 0.7838899796875001 0.7734288859375 0.7789783890625 0.77287761875 0.7711198421875001 0.768467475 0.7671905703124999 0.7651598671875 0.7573673875 0.76405733125 0.7465618859375 0.757993384375 0.7318271125 0.7635060640625 0.7013752453125 0.7618522609375 0.6748526515625 0.7568908484375 0.6640471515625 0.75633958125 0.648330059375 0.7519294375000001 0.6365422390625 0.7342888640624999 0.61394891875 0.7342888640624999 0.5982318265625 0.7304299890625 0.5933202359374999 0.7227122375 0.5943025546875 0.7221609703125 0.61591355625 0.72712238125 0.6306483296875001 0.7276736500000001 0.647347740625 0.7342888640624999 0.667976425
1 0.8395810359375 0.712180746875 0.8406835718749999 0.723968565625 0.8384785000000001 0.729862475 0.8384785000000001 0.736738703125 0.8357221609375 0.7416502953124999 0.8357221609375 0.749508840625 0.8379272328124999 0.75638506875 0.844542446875 0.7652259328125 0.8726571109375 0.774066796875 0.8814773984375 0.7583497046875001 0.8914002203125 0.750491159375 0.890297684375 0.7406679765625 0.8875413453125001 0.7406679765625 0.8831312015625 0.7328094296875001 0.8853362734375001 0.7072691546875001 0.8809261296875001 0.6748526515625 0.8787210578125 0.6709233796875 0.8765159875 0.65225933125 0.8726571109375 0.6444007859374999 0.865490628125 0.6375245578125 0.8649393609375 0.6257367390625 0.8621830203125 0.616895875 0.8555678062500001 0.610019646875 0.8517089312499999 0.610019646875 0.8450937156249999 0.621807465625 0.8500551265625 0.6434184671875001 0.8439911796875 0.6650294703124999 0.8428886437499999 0.698428290625 0.8395810359375 0.712180746875
1 0 0.9528487234374999 0.0027563390625 0.9616895875000001 0.0033076078124999997 0.9774066796875 0.00441014375 0.9813359531250001 0.0088202859375 0.9833005890625 0.0088202859375 0.995088409375 0.015986770312500002 0.9960707265625001 0.0170893046875 0.99901768125 0.047960309374999996 0.99901768125 0.047960309374999996 0.9842829078124999 0.055126792187499996 0.9764243609375001 0.0606394703125 0.9616895875000001 0.059536934374999996 0.9440078578125 0.0567805953125 0.9390962671875001 0.055678059375 0.9273084484374999 0.05126791562500001 0.9106090375000001 0.034729878125 0.89882121875 0.0358324140625 0.8654223968749999 0.0341786109375 0.8595284875000001 0.022601984375000002 0.8595284875000001 0.0176405734375 0.8634577609375 0.016538037499999998 0.8811394890625 0.018743109375 0.89685658125 0.016538037499999998 0.902750490625 0.014332965625 0.902750490625 0.0033076078124999997 0.9194499015625001 0.002205071875 0.928290765625 0 0.9312377203125 0 0.9528487234374999
1 0.29272326406250004 0.775049115625 0.291069459375 0.7917485265625 0.2866593171875 0.8025540281250001 0.28555678125 0.82023575625 0.2822491734375 0.8349705296875 0.282800440625 0.8880157171875 0.27949283281250004 0.89685658125 0.2739801546875 0.9017681734374999 0.274531421875 0.9066797640625 0.2822491734375 0.91159135625 0.2905181921875 0.90962671875 0.291620728125 0.902750490625 0.28941565625 0.877210215625 0.29217199531250004 0.852652259375 0.29603087031249997 0.8359528484375 0.3070562296875 0.8143418468749999 0.3169790515625 0.8310412578124999 0.3274531421875 0.8683693515625001 0.33020948125 0.87131630625 0.33020948125 0.883104125 0.3335170890625 0.8948919453125 0.3384785 0.8978389 0.340683571875 0.8939096265625001 0.33902976875 0.8762278984374999 0.33461962500000003 0.8614931234375 0.3335170890625 0.8438113953125 0.32635060625 0.8251473484374999 0.32579933906249997 0.8035363453125001 0.32249173125 0.7858546171875 0.3219404625 0.763261296875 0.33076075 0.748526521875 0.33076075 0.735756384375 0.31863285625 0.711198428125 0.3042998890625 0.7013752453125 0.3042998890625 0.684675834375 0.29988974687500003 0.6748526515625 0.295479603125 0.673870334375 0.28941565625 0.6836935171875 0.29217199531250004 0.710216109375 0.283351709375 0.729862475 0.2811466375 0.7573673875 0.2783902984375 0.763261296875 0.2734288859375 0.787819253125 0.2734288859375 0.7996070734375 0.2761852265625 0.800589390625 0.28941565625 0.7711198421875001 0.29272326406250004 0.775049115625
1 0.1681367140625 0.621807465625 0.16758544687500002 0.6385068765625 0.16207276718750002 0.6571709234374999 0.1604189640625 0.6895874265625 0.15600882031250002 0.698428290625 0.15600882031250002 0.7062868375 0.1604189640625 0.711198428125 0.165380375 0.710216109375 0.16758544687500002 0.7043222 0.16923925 0.6758349703125 0.171995590625 0.6689587421875001 0.17364939375 0.65324165 0.1857772875 0.634577603125 0.1885336265625 0.6434184671875001 0.1951488421875 0.65324165 0.200110253125 0.6777996078124999 0.208379271875 0.699410609375 0.208930540625 0.7072691546875001 0.2111356125 0.711198428125 0.21664829062500002 0.711198428125 0.21885336249999998 0.698428290625 0.212789415625 0.69253438125 0.20782800468749998 0.661100196875 0.2012127890625 0.6385068765625 0.19790518125 0.597249509375 0.19955898593750002 0.5795677796875001 0.19404630625 0.56286836875 0.19018743124999998 0.5550098234374999 0.179713340625 0.5471512765625001 0.1747519296875 0.533398821875 0.16979051875 0.530451865625 0.16482910625 0.533398821875 0.1615215 0.5402750484375 0.158765159375 0.5805500984374999 0.1604189640625 0.60117878125 0.1642778390625 0.60117878125 0.16758544687500002 0.6051080546875001 0.1681367140625 0.621807465625
1 0.5628445421875 0.60117878125 0.5633958109375 0.610019646875 0.56174200625 0.61394891875 0.5573318640625 0.661100196875 0.5573318640625 0.710216109375 0.5562293281249999 0.719056975 0.551819184375 0.724950884375 0.551267915625 0.7318271125 0.5567805953125 0.735756384375 0.5650496140625 0.7328094296875001 0.563947078125 0.711198428125 0.56615215 0.6699410609374999 0.5694597578125 0.6552062875 0.5727673656250001 0.6512770140625 0.5771775078125 0.6385068765625 0.58213891875 0.6444007859374999 0.5997794921875 0.6954813359375 0.601433296875 0.7200392921875001 0.6074972437499999 0.719056975 0.6080485109375 0.711198428125 0.6052921718750001 0.7033398828124999 0.601433296875 0.6699410609374999 0.5937155453125 0.6434184671875001 0.59095920625 0.6257367390625 0.59095920625 0.6129666015625 0.5882028671875 0.595284871875 0.59095920625 0.576620825 0.5898566703125 0.5638506875 0.5837927234375 0.5471512765625001 0.5733186328125 0.5363457765625 0.572216096875 0.520628684375 0.568357221875 0.51178781875 0.564498346875 0.51178781875 0.5611907390625 0.517681728125 0.56174200625 0.5432220046875 0.5567805953125 0.5609037328124999 0.5562293281249999 0.5874263265625 0.5523704515625 0.5992141453125 0.5529217203125001 0.6060903734374999 0.5573318640625 0.6051080546875001 0.5606394703124999 0.6001964640625 0.5628445421875 0.60117878125
1 0.509922821875 0.7917485265625 0.5088202859375001 0.7996070734375 0.5297684671875 0.800589390625 0.5319735390625 0.73084479375 0.5385887546875 0.7013752453125 0.5435501656249999 0.6640471515625 0.5507166484375 0.65225933125 0.5534729875 0.6434184671875001 0.5457552375 0.6060903734374999 0.5319735390625 0.5923379171875001 0.5336273421875 0.5746561890625 0.5292171999999999 0.56286836875 0.5203969125000001 0.56286836875 0.5176405734375 0.5677799609374999 0.518191840625 0.583497053125 0.52094818125 0.5943025546875 0.5126791625 0.6110019640625 0.5126791625 0.6915520625 0.509922821875 0.7269155203125 0.5126791625 0.75540275 0.5154355015625 0.7671905703124999 0.5154355015625 0.7779960703125 0.509922821875 0.7917485265625
1 0.41455347343750004 0.5805500984374999 0.4140022046875 0.584479371875 0.42557883125 0.584479371875 0.4349503859375 0.5471512765625001 0.44487320781250006 0.5491159140625 0.45148842343749995 0.545186640625 0.45755237031249996 0.55009823125 0.4663726578125 0.55108055 0.469128996875 0.557956778125 0.469128996875 0.5658153234375 0.472987871875 0.5726915515625 0.4746416765625 0.5874263265625 0.4834619625 0.596267190625 0.485115765625 0.5943025546875 0.47850055156250004 0.57563850625 0.4746416765625 0.546168959375 0.45755237031249996 0.519646365625 0.45644983437500003 0.47838899843749993 0.4492833515625 0.47053045156250006 0.44211686875 0.47249508906250004 0.43880926093749995 0.466601178125 0.43880926093749995 0.46267190625000004 0.4349503859375 0.4587426328125 0.4305402421875 0.4616895875 0.4288864390625 0.466601178125 0.429988975 0.5343811390625001 0.42613009999999996 0.5471512765625001 0.42171995625 0.5746561890625 0.41455347343750004 0.5805500984374999
1 0.44597574375000004 0.63948919375 0.4492833515625 0.64243615 0.45203969062500005 0.673870334375 0.4509371546875 0.6886051078125 0.4476295484375 0.6964636546875 0.44266813593750004 0.723968565625 0.43880926093749995 0.73084479375 0.4393605296875 0.7396856578125 0.44597574375000004 0.7426326125 0.4492833515625 0.7406679765625 0.45203969062500005 0.711198428125 0.4558985671875 0.7072691546875001 0.46085997812499996 0.711198428125 0.4724366046875 0.729862475 0.476846746875 0.75638506875 0.48070562343749995 0.75638506875 0.485115765625 0.7416502953124999 0.48566703437500003 0.7278978390625 0.476846746875 0.719056975 0.472987871875 0.7072691546875001 0.4663726578125 0.697445971875 0.46471885312500005 0.6836935171875 0.46582138906250004 0.6699410609374999 0.472987871875 0.6512770140625 0.47353914062499997 0.6316306484374999 0.47023153281249996 0.6198428296875 0.4707828 0.61591355625 0.47353914062499997 0.6129666015625 0.476846746875 0.61591355625 0.48291069531249997 0.64145383125 0.4867695703125 0.6404715125 0.4823594265625 0.608055009375 0.469128996875 0.5815324171875 0.457001103125 0.569744596875 0.45755237031249996 0.5550098234374999 0.45314222656250003 0.546168959375 0.4476295484375 0.546168959375 0.44487320781250006 0.5530451859375 0.44487320781250006 0.5658153234375 0.4465270125 0.570726915625 0.4393605296875 0.5893909625 0.43880926093749995 0.61591355625 0.44046306562500004 0.63948919375 0.44211686875 0.6434184671875001 0.44597574375000004 0.63948919375
1 0.4597574421875 0.5216110015625001 0.476846746875 0.545186640625 0.4779492828125 0.5343811390625001 0.4823594265625 0.5216110015625001 0.481256890625 0.5088408640625001 0.48566703437500003 0.469548134375 0.48566703437500003 0.45776031406250006 0.4823594265625 0.44793713124999995 0.48070562343749995 0.42436149375000004 0.4762954796875 0.4204322203125 0.47023153281249996 0.42534381093749996 0.46802646093750006 0.43516699374999995 0.4619625140625 0.441060903125 0.45644983437500003 0.455795678125 0.45644983437500003 0.47642436093749996 0.4597574421875 0.4901768171875 0.4581036390625 0.49607072656250006 0.4597574421875 0.5216110015625001