2 0.8632855562499999 0.76915520625 0.8676957 0.7583497046875001 0.8605292171875 0.7583497046875001 0.8357221609375 0.788801571875 0.8357221609375 0.7956778 0.8417861078125 0.7956778 0.8478500546875001 0.7848722984375 0.8632855562499999 0.76915520625
2 0.5474090406250001 0.63948919375 0.5474090406250001 0.6316306484374999 0.5226019843749999 0.6581532421875 0.5220507171875 0.6620825140625 0.5253583234375 0.6620825140625 0.5347298781250001 0.6552062875 0.5474090406250001 0.63948919375
0 0.1168687984375 0.62671905625 0.1163175296875 0.6326129671875 0.12072767343749999 0.633595284375 0.12072767343749999 0.627701375 0.1168687984375 0.62671905625
1 0.944321940625 0.9056974453125 0.9432194046875001 0.93516699375 0.9404630656249999 0.9420432218749999 0.935501653125 0.9459724953125 0.9222712234375001 0.9459724953125 0.9222712234375001 0.9557956781250001 0.93384785 0.9577603140625 0.9520396906249999 0.9528487234374999 0.9536934953125 0.9656188609375 0.948180815625 0.99901768125 0.976846746875 0.99901768125 0.9779492828125 0.969548134375 0.9746416765625 0.9469548140624999 0.9762954796875001 0.9155206281250001 0.9702315328125 0.89685658125 0.9581036390625 0.8791748531250001 0.9592061734374999 0.8654223968749999 0.9570011031250001 0.85756385 0.948732084375 0.851669940625 0.9448732078125 0.851669940625 0.9432194046875001 0.8546168953125 0.9432194046875001 0.8762278984374999 0.9476295484374999 0.8889980359375 0.9470782796874999 0.8978389 0.944321940625 0.9056974453125
1 0.2431091515625 0.6129666015625 0.2469680265625 0.61394891875 0.24862182968750002 0.6178781921875001 0.24751929375 0.6316306484374999 0.2431091515625 0.63948919375 0.24145534687499998 0.647347740625 0.2431091515625 0.6640471515625 0.23980154374999998 0.6699410609374999 0.23925027499999998 0.6777996078124999 0.24366041875 0.6777996078124999 0.24751929375 0.672888015625 0.24862182968750002 0.6571709234374999 0.2535832421875 0.6444007859374999 0.26736493906250003 0.64243615 0.274531421875 0.6493123765625 0.2783902984375 0.647347740625 0.278941565625 0.63948919375 0.2651598671875 0.633595284375 0.2651598671875 0.6188605109374999 0.2552370453125 0.58840864375 0.24586549062500002 0.5785854609375 0.24145534687499998 0.5677799609374999 0.2348401328125 0.5677799609374999 0.2342888640625 0.5795677796875001 0.23869900781250003 0.58840864375 0.24200661562499998 0.609037328125 0.2431091515625 0.6129666015625
1 0.8869900765625 0.7151277015625 0.8814773984375 0.723968565625 0.882579934375 0.7278978390625 0.8869900765625 0.73084479375 0.890297684375 0.74459725 0.886438809375 0.7534381140625 0.87982359375 0.7583497046875001 0.8770672546875 0.764243615625 0.8748621828124999 0.7711198421875001 0.874310915625 0.7868369359375 0.8704520390624999 0.8084479375000001 0.8638368249999999 0.82023575625 0.8588754140624999 0.8231827109375001 0.861080484375 0.8300589390625 0.8765159875 0.8300589390625 0.8765159875 0.8172888015625001 0.882579934375 0.79469548125 0.8836824703125 0.7789783890625 0.886438809375 0.775049115625 0.8958103640624999 0.7711198421875001 0.902425578125 0.774066796875 0.9095920625 0.7927308453124999 0.9101433296874999 0.800589390625 0.90518191875 0.8055009828124999 0.9057331859375 0.8094302546875 0.9101433296874999 0.8133595281250001 0.9151047406249999 0.8133595281250001 0.9222712234375001 0.8055009828124999 0.915656009375 0.7848722984375 0.907386990625 0.7681728875 0.90904079375 0.750491159375 0.9079382578124999 0.7200392921875001 0.9040793828125 0.6935167 0.8996692390625001 0.6807465625 0.8991179718750001 0.6571709234374999 0.8963616312499999 0.65324165 0.890297684375 0.65324165 0.886438809375 0.6561886046875001 0.8853362734375001 0.6620825140625 0.8847850062499999 0.667976425 0.8891951484374999 0.684675834375 0.8897464171875 0.6944990171875001 0.8869900765625 0.7151277015625
1 0.46471885312500005 0.686640471875 0.4674751921875 0.6886051078125 0.468577728125 0.685658153125 0.4740904078125 0.684675834375 0.476846746875 0.6915520625 0.47960308749999997 0.7328094296875001 0.4884233734375 0.761296659375 0.48787210625000005 0.7789783890625 0.5011025359375 0.7789783890625 0.5038588749999999 0.774066796875 0.5027563390625 0.763261296875 0.5 0.7573673875 0.49834619687500004 0.7426326125 0.49173098125000003 0.73084479375 0.49117971406249994 0.7131630640625 0.493936053125 0.697445971875 0.493936053125 0.684675834375 0.48787210625000005 0.667976425 0.48566703437500003 0.65324165 0.48291069531249997 0.646365421875 0.47519294375000004 0.6375245578125 0.47353914062499997 0.6257367390625 0.47133406874999995 0.622789784375 0.465270121875 0.622789784375 0.46416758593749996 0.6257367390625 0.46416758593749996 0.6375245578125 0.468577728125 0.6512770140625 0.469128996875 0.6699410609374999 0.46471885312500005 0.686640471875
1 0.1681367140625 0.99901768125 0.16482910625 0.98624754375 0.1659316421875 0.9656188609375 0.1681367140625 0.96070726875 0.1681367140625 0.9332023578124999 0.1642778390625 0.9076620828124999 0.1604189640625 0.9056974453125 0.15600882031250002 0.8958742624999999 0.15711135625 0.8693516703125 0.154906284375 0.8634577609375 0.14663726562499999 0.86051080625 0.1433296578125 0.8644400781250001 0.142778390625 0.8929273078125 0.13065049687500002 0.9056974453125 0.12568908437499998 0.9145383109375 0.122381478125 0.928290765625 0.11962513749999999 0.9469548140624999 0.1289966921875 0.96267190625 0.13065049687500002 0.99901768125 0.1681367140625 0.99901768125
1 0.150496140625 0.609037328125 0.15159867656249998 0.6110019640625 0.1543550171875 0.6110019640625 0.15711135625 0.60117878125 0.16207276718750002 0.60117878125 0.163726571875 0.6060903734374999 0.1615215 0.6149312375 0.163726571875 0.6178781921875001 0.16979051875 0.610019646875 0.175303196875 0.610019646875 0.17861080468749999 0.6178781921875001 0.1824696796875 0.620825146875 0.1957001109375 0.6149312375 0.19900771718750002 0.6149312375 0.20507166406250002 0.622789784375 0.208379271875 0.620825146875 0.20782800468749998 0.6041257375 0.1874310921875 0.6051080546875001 0.18191841250000002 0.576620825 0.1764057328125 0.5687622796875 0.1686879828125 0.5638506875 0.1598676953125 0.5638506875 0.1527012125 0.5677799609374999 0.1488423375 0.5746561890625 0.14829106875 0.582514734375 0.15214994531249998 0.5933202359374999 0.15214994531249998 0.6051080546875001 0.150496140625 0.609037328125
1 0.551819184375 0.621807465625 0.5485115765625 0.6296660125 0.5490628453124999 0.6385068765625 0.5507166484375 0.6404715125 0.5501653796875 0.659135559375 0.551819184375 0.672888015625 0.555678059375 0.678781925 0.5573318640625 0.686640471875 0.551819184375 0.7033398828124999 0.559536934375 0.7062868375 0.5738699 0.7033398828124999 0.5771775078125 0.6954813359375 0.5777287765625 0.6817288796875001 0.5738699 0.6777996078124999 0.5694597578125 0.6777996078124999 0.564498346875 0.6640471515625 0.5650496140625 0.65225933125 0.5694597578125 0.635559921875 0.5678059531249999 0.6149312375 0.5633958109375 0.5943025546875 0.5562293281249999 0.5785854609375 0.5551267921874999 0.5638506875 0.5468577734375 0.5638506875 0.5457552375 0.57563850625 0.551267915625 0.5913555984375 0.5523704515625 0.6149312375 0.551819184375 0.621807465625
1 0.1372657109375 0.7141453828125 0.1433296578125 0.711198428125 0.14718853437499999 0.7023575640625 0.14718853437499999 0.6060903734374999 0.14939360468750001 0.5982318265625 0.14718853437499999 0.584479371875 0.1433296578125 0.5805500984374999 0.13561190781250002 0.5893909625 0.134509371875 0.6021611 0.13009922812500002 0.6178781921875001 0.128445425 0.6512770140625 0.12458654843750001 0.6768172890625 0.10859977968750001 0.6915520625 0.10859977968750001 0.697445971875 0.1047409046875 0.7072691546875001 0.10970231562499999 0.711198428125 0.1372657109375 0.7141453828125