2 0.46416758593749996 0.6640471515625 0.468577728125 0.65324165 0.465270121875 0.65324165 0.4536934953125 0.6650294703124999 0.4432194046875 0.66699410625 0.44266813593750004 0.672888015625 0.44432194062499997 0.6748526515625 0.45534729843750005 0.672888015625 0.46416758593749996 0.6640471515625
2 0.8618368765625 0.699593365625 0.8649393609375 0.7023575640625 0.865490628125 0.6954813359375 0.8618368765625 0.699593365625
2 0.8621830203125 0.7072691546875001 0.8588754140624999 0.7033398828124999 0.8602535828125 0.7013752453125 0.844542446875 0.719056975 0.8401323046875 0.7269155203125 0.8412348406250001 0.7278978390625 0.8434399125 0.7220039296875 0.8450937156249999 0.7278978390625 0.8561190734374999 0.712180746875 0.85997795 0.710216109375 0.8621830203125 0.7072691546875001
2 0.5093715546875 0.6444007859374999 0.509922821875 0.634577603125 0.5071664828125 0.6296660125 0.509922821875 0.62868369375 0.51212789375 0.6051080546875001 0.5071664828125 0.6178781921875001 0.506615215625 0.6385068765625 0.50441014375 0.6493123765625 0.50826901875 0.6493123765625 0.5093715546875 0.6444007859374999
2 0.2122381484375 0.6326129671875 0.21444321875 0.6318271125 0.212789415625 0.6434184671875001 0.2160970234375 0.6444007859374999 0.21719955937500002 0.64145383125 0.21775082656250003 0.647347740625 0.2199558984375 0.647347740625 0.225468578125 0.6571709234374999 0.22767365 0.667976425 0.233186328125 0.6689587421875001 0.233186328125 0.660117878125 0.224917309375 0.6444007859374999 0.2155457546875 0.63948919375 0.21444321875 0.6147347734374999 0.2122381484375 0.6110019640625 0.21444321875 0.609037328125 0.212789415625 0.6060903734374999 0.2116868796875 0.610019646875 0.21003307656249998 0.609037328125 0.2122381484375 0.6129666015625 0.20948180781249998 0.6149312375 0.208930540625 0.6188605109374999 0.2122381484375 0.6326129671875
1 0.50826901875 0.569744596875 0.51212789375 0.5805500984374999 0.5093715546875 0.6149312375 0.509922821875 0.6365422390625 0.5055126796875 0.6512770140625 0.5159867703125001 0.65225933125 0.5170893046875 0.6453831046875 0.5292171999999999 0.646365421875 0.5336273421875 0.63948919375 0.5253583234375 0.6119842828125 0.5259095921875 0.60314341875 0.5303197359375 0.5933202359374999 0.5297684671875 0.5815324171875 0.5198456453125 0.5550098234374999 0.5137816984375 0.55009823125 0.509922821875 0.5383104125 0.5049614109375 0.5383104125 0.5033076078125001 0.5412573671875001 0.5038588749999999 0.5540275046875001 0.506615215625 0.557956778125 0.50826901875 0.569744596875
1 0.39911797187500003 0.94891945 0.39966923906249996 0.9960707265625001 0.40077177500000005 0.99901768125 0.41565600937499997 0.99901768125 0.42392502812500005 0.9597249515625 0.429988975 0.9459724953125 0.429988975 0.9066797640625 0.42502756406250003 0.8948919453125 0.4162072765625 0.88605108125 0.4140022046875 0.8634577609375 0.41179713281249997 0.8595284875000001 0.406835721875 0.85854616875 0.40463065 0.86051080625 0.402976846875 0.8683693515625001 0.402976846875 0.8880157171875 0.393054025 0.8998035359375001 0.390297684375 0.9076620828124999 0.3880926125 0.9302554031250001 0.3914002203125 0.9440078578125 0.39636163125 0.9449901765625001 0.39911797187500003 0.94891945
1 0.9206174203125 0.7062868375 0.9140022046875 0.711198428125 0.9128996687500001 0.7151277015625 0.9151047406249999 0.7170923375 0.9211686875 0.711198428125 0.9266813671874999 0.711198428125 0.9294377062500001 0.7151277015625 0.929988975 0.722986246875 0.9211686875 0.7534381140625 0.9206174203125 0.7956778 0.9140022046875 0.801571709375 0.9128996687500001 0.8064833 0.9206174203125 0.8094302546875 0.9294377062500001 0.8084479375000001 0.9288864390624999 0.7593320234375 0.9310915109375 0.7544204328124999 0.9399117968749999 0.7583497046875001 0.9520396906249999 0.775049115625 0.9597574421875 0.7799607078124999 0.964718853125 0.788801571875 0.964718853125 0.7996070734375 0.9702315328125 0.800589390625 0.973539140625 0.7917485265625 0.9724366046874999 0.7848722984375 0.9691289968750001 0.7829076625 0.9614112453124999 0.7671905703124999 0.9476295484374999 0.7524557953125 0.9476295484374999 0.7151277015625 0.9437706718750001 0.6964636546875 0.9426681359375 0.678781925 0.9288864390624999 0.6444007859374999 0.9244762953125001 0.6434184671875001 0.9217199562499999 0.647347740625 0.9217199562499999 0.661100196875 0.9244762953125001 0.6689587421875001 0.92557883125 0.6915520625 0.9206174203125 0.7062868375
1 0.06615214999999999 0.6699410609374999 0.064498346875 0.6807465625 0.0606394703125 0.6905697453124999 0.0606394703125 0.6944990171875001 0.06339581093749999 0.697445971875 0.09536934999999999 0.6944990171875001 0.09867695625 0.685658153125 0.099228225 0.6699410609374999 0.097023153125 0.63948919375 0.099228225 0.635559921875 0.099228225 0.62671905625 0.0959206171875 0.61591355625 0.0959206171875 0.6070726921875 0.09867695625 0.60117878125 0.09867695625 0.58840864375 0.09426681406250001 0.5795677796875001 0.08710033125 0.5805500984374999 0.08379272343750001 0.5874263265625 0.08379272343750001 0.6001964640625 0.0777287765625 0.61591355625 0.07331863281249999 0.660117878125 0.06615214999999999 0.6699410609374999
1 0.2574421171875 0.6640471515625 0.26074972500000004 0.6689587421875001 0.262403528125 0.6807465625 0.2739801546875 0.699410609375 0.2866593171875 0.7278978390625 0.2899669234375 0.7278978390625 0.2899669234375 0.719056975 0.2861080484375 0.7092337921875 0.2899669234375 0.7023575640625 0.29603087031249997 0.710216109375 0.29988974687500003 0.710216109375 0.3004410140625 0.7062868375 0.2866593171875 0.6777996078124999 0.27949283281250004 0.65324165 0.282800440625 0.647347740625 0.2866593171875 0.648330059375 0.2899669234375 0.65324165 0.2905181921875 0.6444007859374999 0.2811466375 0.62671905625 0.2739801546875 0.6178781921875001 0.27232635 0.60117878125 0.26901874375 0.60117878125 0.2657111359375 0.6060903734374999 0.2651598671875 0.6178781921875001 0.2535832421875 0.635559921875 0.2530319734375 0.64243615 0.2574421171875 0.648330059375 0.2590959203125 0.6561886046875001 0.2574421171875 0.6640471515625
1 0.1973539140625 0.6375245578125 0.20286659375 0.63948919375 0.20727673593749998 0.6493123765625 0.208379271875 0.660117878125 0.21719955937500002 0.660117878125 0.21830209531250003 0.6561886046875001 0.212789415625 0.646365421875 0.20948180781249998 0.6188605109374999 0.204520396875 0.6119842828125 0.20672546875000003 0.6051080546875001 0.208930540625 0.6051080546875001 0.208930540625 0.5943025546875 0.20727673593749998 0.5854616890625 0.19955898593750002 0.570726915625 0.2012127890625 0.56286836875 0.19955898593750002 0.55009823125 0.1951488421875 0.55009823125 0.1912899671875 0.5559921421875 0.1824696796875 0.582514734375 0.1824696796875 0.61394891875 0.18798235937500002 0.622789784375 0.1934950390625 0.62671905625 0.1973539140625 0.6375245578125
1 0.47353914062499997 0.64243615 0.469128996875 0.6493123765625 0.4707828 0.65324165 0.469128996875 0.6552062875 0.47905181875 0.6571709234374999 0.47850055156250004 0.685658153125 0.4823594265625 0.698428290625 0.4867695703125 0.7043222 0.4873208375 0.725933203125 0.49117971406249994 0.7278978390625 0.4994487328125 0.7151277015625 0.4966923921875 0.7033398828124999 0.49558985624999996 0.686640471875 0.49228224843749996 0.6768172890625 0.4928335171875 0.6434184671875001 0.49117971406249994 0.6306483296875001 0.4862183015625 0.6110019640625 0.47960308749999997 0.5982318265625 0.4779492828125 0.5854616890625 0.47353914062499997 0.5854616890625 0.47023153281249996 0.59037328125 0.47023153281249996 0.5992141453125 0.4740904078125 0.610019646875 0.4746416765625 0.6365422390625 0.47353914062499997 0.64243615
1 0.87210584375 0.7092337921875 0.8754134515625 0.748526521875 0.8737596468750001 0.7662082515625 0.882579934375 0.7662082515625 0.8836824703125 0.762278978125 0.8952590953125 0.764243615625 0.8958103640624999 0.770137525 0.9068357218750001 0.770137525 0.9095920625 0.761296659375 0.90518191875 0.74361493125 0.9040793828125 0.7278978390625 0.90132304375 0.723968565625 0.898566703125 0.7062868375 0.8996692390625001 0.6768172890625 0.8980154359375 0.6650294703124999 0.8925027562500001 0.646365421875 0.890848953125 0.633595284375 0.8836824703125 0.622789784375 0.8820286656249999 0.6149312375 0.8765159875 0.6041257375 0.8726571109375 0.6060903734374999 0.8710033078125001 0.6149312375 0.8781697906250001 0.6699410609374999 0.8770672546875 0.6886051078125 0.87210584375 0.7092337921875