2 0.4184123484375 0.8939096265625001 0.42502756406250003 0.8821218078124999 0.42116868749999997 0.8762278984374999 0.4222712234375 0.87328094375 0.4288864390625 0.8683693515625001 0.42943770625 0.8762278984374999 0.436052921875 0.8683693515625001 0.43880926093749995 0.85854616875 0.43439911875000004 0.8595284875000001 0.4305402421875 0.8654223968749999 0.4140022046875 0.8762278984374999 0.4084895265625 0.87131630625 0.40463065 0.872298625 0.40407938281250005 0.8801571703125 0.40738699062499995 0.8889980359375 0.41455347343750004 0.8889980359375 0.4184123484375 0.8939096265625001
2 0.3417861078125 0.6689587421875001 0.33517089375000003 0.65324165 0.33461962500000003 0.647347740625 0.33076075 0.6444007859374999 0.33076075 0.6552062875 0.3379272328125 0.6777996078124999 0.3417861078125 0.6777996078124999 0.3417861078125 0.6689587421875001
2 0.92557883125 0.7200392921875001 0.92557883125 0.7151277015625 0.9217199562499999 0.7151277015625 0.915656009375 0.723968565625 0.9134509375000001 0.723968565625 0.894707828125 0.749508840625 0.882579934375 0.7455795671875001 0.882579934375 0.7534381140625 0.886438809375 0.7583497046875001 0.894707828125 0.7583497046875001 0.92557883125 0.7200392921875001
2 0.41786108125 0.9400785859375 0.406835721875 0.9400785859375 0.4057331859375 0.9449901765625001 0.41124586562500004 0.9518664046875 0.41786108125 0.94891945 0.41786108125 0.9400785859375
2 0.8632855562499999 0.974459725 0.8561190734374999 0.9705304515625001 0.853362734375 0.9724950890624999 0.8544652703125 0.9783889984374999 0.857221609375 0.9813359531250001 0.865490628125 0.9823182718749999 0.8632855562499999 0.974459725
2 0.0446527015625 0.6051080546875001 0.0446527015625 0.60117878125 0.0402425578125 0.60117878125 0.03748621875 0.6051080546875001 0.031422271875000005 0.6060903734374999 0.025909592187500004 0.6149312375 0.025909592187500004 0.6188605109374999 0.030319735937499998 0.6178781921875001 0.0463065046875 0.6041257375 0.0446527015625 0.6051080546875001
2 0.7078280046875001 0.697445971875 0.7144432187499999 0.6768172890625 0.7205071671875001 0.6650294703124999 0.7216097015625 0.65422396875 0.7243660421875 0.65225933125 0.717199559375 0.65324165 0.7144432187499999 0.6620825140625 0.7083792718749999 0.66699410625 0.7083792718749999 0.6768172890625 0.7039691296874999 0.6915520625 0.7056229328125 0.698428290625 0.7078280046875001 0.697445971875
2 0.7783902984375 0.96267190625 0.7816979046875 0.96267190625 0.7811466375 0.94891945 0.778941565625 0.9459724953125 0.775082690625 0.9528487234374999 0.76901874375 0.943025540625 0.7651598671875 0.92436149375 0.7613009921875 0.923379175 0.7613009921875 0.9400785859375 0.7646086000000001 0.9518664046875 0.7756339578125 0.9577603140625 0.7783902984375 0.96267190625
2 0.3169790515625 0.62671905625 0.319735390625 0.6257367390625 0.3169790515625 0.6178781921875001 0.3169790515625 0.62671905625
1 0.443770671875 0.9253438109375001 0.45203969062500005 0.9135559921875 0.45644983437500003 0.9145383109375 0.45920617343750003 0.9204322203125 0.443770671875 0.953831040625 0.44597574375000004 0.96070726875 0.45203969062500005 0.96070726875 0.457001103125 0.9420432218749999 0.46416758593749996 0.9312377203125 0.469128996875 0.91159135625 0.469128996875 0.8654223968749999 0.47353914062499997 0.8624754421875 0.4834619625 0.877210215625 0.4862183015625 0.8762278984374999 0.4862183015625 0.8693516703125 0.4823594265625 0.8624754421875 0.4779492828125 0.8398821218749999 0.4724366046875 0.826129665625 0.46471885312500005 0.8163064828125 0.46416758593749996 0.8055009828124999 0.46085997812499996 0.7976424359375 0.45534729843750005 0.7976424359375 0.45148842343749995 0.801571709375 0.45203969062500005 0.82023575625 0.4432194046875 0.8359528484375 0.4415656015625 0.8555992140625 0.44211686875 0.8801571703125 0.436052921875 0.917485265625 0.42557883125 0.9440078578125 0.4244762953125 0.9577603140625 0.42502756406250003 0.96070726875 0.42833517031249996 0.9616895875000001 0.443770671875 0.9253438109375001
1 0.93439911875 0.6915520625 0.93439911875 0.699410609375 0.9250275640625001 0.7092337921875 0.929988975 0.7210216109375 0.9316427781250001 0.736738703125 0.93439911875 0.7426326125 0.93384785 0.75638506875 0.929988975 0.7583497046875001 0.9283351703125 0.7652259328125 0.93439911875 0.76915520625 0.9432194046875001 0.76915520625 0.9465270125 0.7730844796875 0.9503858875000001 0.7848722984375 0.9448732078125 0.7996070734375 0.948180815625 0.8035363453125001 0.9597574421875 0.7996070734375 0.960859978125 0.7917485265625 0.9536934953125 0.7730844796875 0.9492833515625 0.751473478125 0.9492833515625 0.7426326125 0.952590959375 0.729862475 0.956449834375 0.723968565625 0.9575523703125001 0.7161100203124999 0.956449834375 0.698428290625 0.9514884234375 0.6886051078125 0.9476295484374999 0.673870334375 0.9371554578125 0.6581532421875 0.9321940468750001 0.6453831046875 0.9283351703125 0.6404715125 0.9222712234375001 0.6434184671875001 0.9217199562499999 0.6561886046875001 0.9294377062500001 0.6699410609374999 0.929988975 0.67976424375 0.93439911875 0.6915520625
1 0.48291069531249997 0.90962671875 0.4873208375 0.90962671875 0.489525909375 0.9066797640625 0.489525909375 0.88408644375 0.4867695703125 0.8762278984374999 0.4834619625 0.87328094375 0.4823594265625 0.8752455796874999 0.4823594265625 0.8948919453125 0.47960308749999997 0.89882121875 0.47960308749999997 0.9056974453125 0.48291069531249997 0.90962671875
1 0.476846746875 0.8899803531250001 0.476846746875 0.872298625 0.47353914062499997 0.8654223968749999 0.47023153281249996 0.8683693515625001 0.4696802640625 0.8939096265625001 0.47023153281249996 0.89685658125 0.47353914062499997 0.8978389 0.476846746875 0.8899803531250001
1 0.469128996875 0.8084479375000001 0.47188533593750004 0.8143418468749999 0.47353914062499997 0.8300589390625 0.476846746875 0.8349705296875 0.47960308749999997 0.8506876234374999 0.4840132296875 0.851669940625 0.485115765625 0.8438113953125 0.493936053125 0.8339882125000001 0.49834619687500004 0.8241650296874999 0.49834619687500004 0.8104125734375 0.49558985624999996 0.8025540281250001 0.4944873203125 0.788801571875 0.4862183015625 0.76915520625 0.4823594265625 0.7662082515625 0.47739801562500006 0.7534381140625 0.4674751921875 0.7534381140625 0.4663726578125 0.7662082515625 0.47188533593750004 0.7779960703125 0.472987871875 0.7848722984375 0.469128996875 0.8084479375000001
1 0.31201764062500004 0.671905696875 0.30595369375 0.6915520625 0.3070562296875 0.6944990171875001 0.3131201765625 0.6935167 0.3175303203125 0.6630648328125 0.3219404625 0.648330059375 0.32469680312500004 0.6453831046875 0.328004409375 0.647347740625 0.332965821875 0.660117878125 0.33076075 0.685658153125 0.33186328593750003 0.698428290625 0.33461962500000003 0.7013752453125 0.3379272328125 0.699410609375 0.3379272328125 0.6689587421875001 0.33461962500000003 0.6552062875 0.33461962500000003 0.64145383125 0.3417861078125 0.60117878125 0.3384785 0.5815324171875 0.33461962500000003 0.5736738703125 0.3335170890625 0.5559921421875 0.32635060625 0.5550098234374999 0.3230429984375 0.5599214140625 0.3219404625 0.5667976421875001 0.3147739796875 0.576620825 0.3109151046875 0.58840864375 0.3109151046875 0.60117878125 0.31587651562499997 0.6257367390625 0.31367144375 0.635559921875 0.31201764062500004 0.671905696875
1 0.7199558984375 0.6404715125 0.7199558984375 0.647347740625 0.7177508265625 0.65324165 0.7183020953125 0.667976425 0.7216097015625 0.673870334375 0.7216097015625 0.6817288796875001 0.7265711140625 0.7023575640625 0.7298787203125 0.699410609375 0.7287761859375 0.685658153125 0.737596471875 0.6836935171875 0.7386990078125 0.7003929265625 0.7403528109375 0.7043222 0.7431091515625 0.7033398828124999 0.7425578828125 0.6660117875 0.74751929375 0.6561886046875001 0.7447629546875 0.6493123765625 0.7425578828125 0.60117878125 0.7381477390625 0.5933202359374999 0.7304299890625 0.58840864375 0.725468578125 0.5726915515625 0.717199559375 0.5726915515625 0.717199559375 0.61394891875 0.7188533625 0.621807465625 0.7183020953125 0.635559921875 0.7199558984375 0.6404715125
1 0.8996692390625001 0.9666011781250001 0.8880926125 0.94891945 0.8875413453125001 0.9361493125000001 0.8847850062499999 0.9273084484374999 0.8792723265625 0.92436149375 0.8710033078125001 0.9273084484374999 0.8710033078125001 0.94891945 0.865490628125 0.9616895875000001 0.8649393609375 0.99901768125 0.902425578125 0.99901768125 0.9029768468749999 0.9872298625000001 0.8996692390625001 0.9666011781250001
1 0 0.6944990171875001 0.0049614109375 0.6935167 0.0088202859375 0.6689587421875001 0.015986770312500002 0.660117878125 0.0214994484375 0.648330059375 0.025909592187500004 0.6571709234374999 0.02480705625 0.69253438125 0.029768467187499998 0.6954813359375 0.0380374859375 0.6944990171875001 0.0341786109375 0.6807465625 0.034729878125 0.6620825140625 0.0319735390625 0.616895875 0.035281146875 0.610019646875 0.043550165625 0.6051080546875001 0.043550165625 0.60117878125 0.0358324140625 0.5874263265625 0.034729878125 0.571709234375 0.030319735937499998 0.5609037328124999 0.029768467187499998 0.546168959375 0.0214994484375 0.546168959375 0.0203969125 0.557956778125 0.0132304296875 0.571709234375 0.0055126796875 0.597249509375 0.011576626562500001 0.610019646875 0.012679162499999999 0.620825146875 0.0110253578125 0.62868369375 0.0110253578125 0.646365421875 0.002205071875 0.671905696875 0 0.672888015625 0 0.6944990171875001
1 0.977398015625 0.557956778125 0.9740904078125 0.5726915515625 0.9740904078125 0.584479371875 0.981808159375 0.6021611 0.9823594265625 0.6188605109374999 0.9867695703124999 0.622789784375 0.9917309812499999 0.622789784375 0.9917309812499999 0.6257367390625 0.9994487328125 0.6306483296875001 0.9994487328125 0.5550098234374999 0.9972436609375 0.5530451859375 0.9994487328125 0.55009823125 0.9994487328125 0.51375245625 0.9966923921875 0.51178781875 0.9950385890625 0.5039292734374999 0.9917309812499999 0.5019646359375 0.9900771781250001 0.48821218125000004 0.9873208375000001 0.48330058906250006 0.9823594265625 0.48330058906250006 0.97905181875 0.49115913593749994 0.9807056234375 0.504911590625 0.9796030874999999 0.5363457765625 0.9779492828125 0.53929273125 0.977398015625 0.557956778125
1 0.8120176406249999 0.9705304515625001 0.7982359421874999 0.9528487234374999 0.7938258 0.93713163125 0.787210584375 0.9361493125000001 0.7822491734375 0.943025540625 0.782800440625 0.96070726875 0.7778390296875 0.9764243609375001 0.77673649375 0.99901768125 0.8120176406249999 0.99901768125 0.8142227125 0.9911591359375 0.8120176406249999 0.9705304515625001
1 0.5837927234375 0.479371315625 0.58213891875 0.4872298625 0.5865490624999999 0.4872298625 0.5882028671875 0.47838899843749993 0.5837927234375 0.479371315625
1 0.592613009375 0.469548134375 0.59095920625 0.474459725 0.597023153125 0.468565815625 0.6003307609374999 0.469548134375 0.6025358328125 0.482318271875 0.601433296875 0.494106090625 0.605843440625 0.49607072656250006 0.6085997796875 0.482318271875 0.609702315625 0.4587426328125 0.614112459375 0.45284872343749993 0.6207276734375 0.4361493125 0.6212789421875 0.42730844843750004 0.614112459375 0.4135559921875 0.6124586546875 0.403732809375 0.6080485109375 0.402750490625 0.59536935 0.4312377203125 0.5942668140625 0.44990176875000004 0.59095920625 0.4616895875 0.59095920625 0.467583496875 0.592613009375 0.469548134375
1 0.7513781703125 0.6886051078125 0.7552370453125 0.6886051078125 0.7574421171875 0.6817288796875001 0.7557883125 0.6650294703124999 0.7486218296875 0.65422396875 0.74751929375 0.648330059375 0.7469680265624999 0.659135559375 0.750275634375 0.672888015625 0.750275634375 0.685658153125 0.7513781703125 0.6886051078125
1 0.7304299890625 0.58840864375 0.7370452046875 0.5923379171875001 0.7425578828125 0.60117878125 0.7425578828125 0.622789784375 0.7447629546875 0.633595284375 0.74751929375 0.6306483296875001 0.74751929375 0.5923379171875001 0.7381477390625 0.569744596875 0.7342888640624999 0.5667976421875001 0.7304299890625 0.5471512765625001 0.7227122375 0.5481335953124999 0.7216097015625 0.5618860515625 0.72326350625 0.570726915625 0.7260198453125 0.5726915515625 0.7304299890625 0.58840864375