2 0.8269018750000001 0.969548134375 0.8252480703125 0.97544204375 0.8219404625 0.969548134375 0.8219404625 0.97347740625 0.8257993390625 0.9774066796875 0.8274304875 0.970624646875 0.8269018750000001 0.969548134375
2 0.74751929375 0.96070726875 0.7519294375000001 0.9587426328124999 0.7508269015625 0.9459724953125 0.74751929375 0.9440078578125 0.74366041875 0.94990176875 0.737596471875 0.9273084484374999 0.73594266875 0.923379175 0.7326350609375 0.923379175 0.731532525 0.9322200390625 0.7348401328125 0.94891945 0.745865490625 0.9567779953125 0.74751929375 0.96070726875
2 0.4184123484375 0.8438113953125 0.41345093750000006 0.8438113953125 0.402976846875 0.851669940625 0.39250275625 0.8546168953125 0.3919514890625 0.8614931234375 0.39581036406250003 0.8624754421875 0.41565600937499997 0.8506876234374999 0.4184123484375 0.8438113953125
2 0.8638368249999999 0.7013752453125 0.8665931640625001 0.6944990171875001 0.8809261296875001 0.6807465625 0.8853362734375001 0.671905696875 0.8820286656249999 0.6699410609374999 0.8781697906250001 0.672888015625 0.86824696875 0.6886051078125 0.8517089312499999 0.7072691546875001 0.8417861078125 0.7043222 0.8406835718749999 0.7082514734375 0.8434399125 0.7151277015625 0.8506063953125 0.7170923375 0.8638368249999999 0.7013752453125
1 0.9250275640625001 0.571709234375 0.9250275640625001 0.6110019640625 0.927232634375 0.6149312375 0.9316427781250001 0.6110019640625 0.9327453140624999 0.576620825 0.9415656015625 0.57563850625 0.9476295484374999 0.596267190625 0.9597574421875 0.6198428296875 0.9614112453124999 0.6306483296875001 0.966923925 0.6316306484374999 0.9674751921875 0.622789784375 0.9531422265625 0.5805500984374999 0.9520396906249999 0.55009823125 0.9492833515625 0.5412573671875001 0.9470782796874999 0.5216110015625001 0.9437706718750001 0.5147347734375 0.9426681359375 0.50098231875 0.9371554578125 0.49803536406250004 0.9316427781250001 0.5039292734374999 0.93439911875 0.525540275 0.9310915109375 0.53929273125 0.9327453140624999 0.55108055 0.9250275640625001 0.571709234375
1 0.8897464171875 0.671905696875 0.8875413453125001 0.6827111984374999 0.87982359375 0.698428290625 0.8781697906250001 0.7269155203125 0.87596471875 0.7328094296875001 0.8704520390624999 0.737721021875 0.869900771875 0.74459725 0.8776185218749999 0.748526521875 0.882579934375 0.7455795671875001 0.8831312015625 0.724950884375 0.8869900765625 0.7072691546875001 0.8897464171875 0.7033398828124999 0.8996692390625001 0.7200392921875001 0.90132304375 0.7288801578124999 0.8996692390625001 0.7455795671875001 0.9057331859375 0.74459725 0.9079382578124999 0.7406679765625 0.9084895265625 0.729862475 0.90463065 0.71807465625 0.9035281140625001 0.7023575640625 0.9079382578124999 0.6935167 0.911245865625 0.6777996078124999 0.911245865625 0.6650294703124999 0.9079382578124999 0.6493123765625 0.90518191875 0.646365421875 0.9002205078125 0.627701375 0.8919514890625001 0.620825146875 0.8897464171875 0.610019646875 0.886438809375 0.6041257375 0.8787210578125 0.6060903734374999 0.8792723265625 0.6178781921875001 0.882579934375 0.6257367390625 0.882579934375 0.6552062875 0.8710033078125001 0.667976425 0.8726571109375 0.671905696875 0.8836824703125 0.6689587421875001 0.8880926125 0.6689587421875001 0.8897464171875 0.671905696875
1 0.7811466375 0.99901768125 0.7811466375 0.9666011781250001 0.7761852265625 0.9587426328124999 0.7695700109375 0.9557956781250001 0.7635060640625 0.9361493125000001 0.7552370453125 0.9361493125000001 0.7519294375000001 0.9420432218749999 0.7519294375000001 0.9577603140625 0.74751929375 0.969548134375 0.7480705624999999 0.99901768125 0.7811466375 0.99901768125
1 0.429988975 0.8624754421875 0.427232634375 0.8683693515625001 0.427232634375 0.9007858546874999 0.42502756406250003 0.9066797640625 0.41896361562499995 0.91159135625 0.42171995625 0.9184675828125 0.42613009999999996 0.9204322203125 0.432194046875 0.9204322203125 0.43329658281250005 0.917485265625 0.43329658281250005 0.89882121875 0.4371554578125 0.8693516703125 0.4393605296875 0.8644400781250001 0.4432194046875 0.8634577609375 0.448732084375 0.8565815328124999 0.4509371546875 0.8565815328124999 0.45534729843750005 0.8644400781250001 0.4597574421875 0.9017681734374999 0.46085997812499996 0.84675835 0.46471885312500005 0.8133595281250001 0.46471885312500005 0.788801571875 0.457001103125 0.775049115625 0.44818081562499995 0.770137525 0.4465270125 0.7583497046875001 0.443770671875 0.7534381140625 0.436052921875 0.7544204328124999 0.4371554578125 0.775049115625 0.43109151093750003 0.7917485265625 0.43109151093750003 0.8094302546875 0.43439911875000004 0.8222003921875001 0.43439911875000004 0.8398821218749999 0.429988975 0.8624754421875
1 0.2651598671875 0.6817288796875001 0.2695700109375 0.6905697453124999 0.2756339578125 0.6915520625 0.2783902984375 0.6886051078125 0.274531421875 0.673870334375 0.2822491734375 0.6552062875 0.28390297656249996 0.660117878125 0.2822491734375 0.673870334375 0.28390297656249996 0.6777996078124999 0.2877618515625 0.6807465625 0.295479603125 0.6777996078124999 0.29217199531250004 0.66699410625 0.291620728125 0.6571709234374999 0.2949283359375 0.647347740625 0.29658213906249997 0.633595284375 0.29603087031249997 0.5933202359374999 0.30264608593750003 0.55108055 0.3009922828125 0.5432220046875 0.295479603125 0.5422396859374999 0.29272326406250004 0.546168959375 0.291069459375 0.5618860515625 0.2822491734375 0.5795677796875001 0.2811466375 0.5913555984375 0.2783902984375 0.597249509375 0.2772877625 0.64243615 0.2734288859375 0.65225933125 0.26901874375 0.673870334375 0.2651598671875 0.6817288796875001
1 0.724917309375 0.6306483296875001 0.724917309375 0.646365421875 0.7205071671875001 0.6561886046875001 0.7183020953125 0.67976424375 0.724917309375 0.699410609375 0.725468578125 0.7141453828125 0.72326350625 0.7200392921875001 0.72712238125 0.7210216109375 0.7304299890625 0.7200392921875001 0.7331863281250001 0.712180746875 0.7425578828125 0.710216109375 0.7381477390625 0.671905696875 0.741455346875 0.6650294703124999 0.7447629546875 0.6365422390625 0.7386990078125 0.6060903734374999 0.7304299890625 0.5923379171875001 0.7276736500000001 0.576620825 0.724917309375 0.5726915515625 0.7183020953125 0.576620825 0.7188533625 0.5874263265625 0.7216097015625 0.5933202359374999 0.7216097015625 0.6178781921875001 0.724917309375 0.6306483296875001
1 0.9619625140625001 0.99901768125 0.9641675859375001 0.9911591359375 0.9652701218749999 0.97347740625 0.960859978125 0.9666011781250001 0.960859978125 0.9410609031250001 0.9570011031250001 0.9361493125000001 0.948732084375 0.9361493125000001 0.94597574375 0.9410609031250001 0.9415656015625 0.97347740625 0.9360529218750001 0.9872298625000001 0.9349503859375 0.99901768125 0.9619625140625001 0.99901768125
1 0.9950385890625 0.5422396859374999 0.9994487328125 0.5383104125 0.9966923921875 0.5353634578124999 0.996141125 0.5284872296875001 0.9966923921875 0.51375245625 0.9994487328125 0.51178781875 0.9994487328125 0.453831040625 0.9972436609375 0.453831040625 0.9950385890625 0.4616895875 0.9939360531249999 0.48821218125000004 0.9911797140624999 0.5019646359375 0.9911797140624999 0.530451865625 0.9884233734375 0.5383104125 0.9911797140624999 0.5422396859374999 0.9950385890625 0.5422396859374999
1 0.8638368249999999 0.9557956781250001 0.8561190734374999 0.94891945 0.8550165375000001 0.928290765625 0.8506063953125 0.92239685625 0.8439911796875 0.9204322203125 0.8401323046875 0.923379175 0.8406835718749999 0.9440078578125 0.834619625 0.953831040625 0.8318632859375 0.969548134375 0.8307607499999999 0.99901768125 0.8687982359375 0.99901768125 0.8676957 0.9666011781250001 0.8638368249999999 0.9557956781250001
1 0.4619625140625 0.9332023578124999 0.469128996875 0.9302554031250001 0.469128996875 0.9145383109375 0.481256890625 0.8880157171875 0.49007717812499996 0.852652259375 0.497794928125 0.8506876234374999 0.50441014375 0.8418467578125 0.50441014375 0.8349705296875 0.5005512671875 0.8251473484374999 0.4988974640625 0.8094302546875 0.489525909375 0.79469548125 0.49117971406249994 0.7838899796875001 0.49007717812499996 0.7711198421875001 0.481256890625 0.7711198421875001 0.47850055156250004 0.776031434375 0.4779492828125 0.7917485265625 0.468577728125 0.8025540281250001 0.46471885312500005 0.8172888015625001 0.46582138906250004 0.8899803531250001 0.45534729843750005 0.9145383109375 0.4581036390625 0.9312377203125 0.4619625140625 0.9332023578124999
1 0.5220507171875 0.4459724953125 0.518743109375 0.46561886093749993 0.5292171999999999 0.4646365421875 0.5303197359375 0.4774066796875 0.5413450937500001 0.492141453125 0.5418963609375 0.50098231875 0.5551267921874999 0.494106090625 0.5567805953125 0.481335953125 0.551267915625 0.474459725 0.5507166484375 0.4616895875 0.5468577734375 0.4518664046875 0.5463065046875 0.441060903125 0.542998896875 0.428290765625 0.5319735390625 0.40667976406250006 0.526460859375 0.4106090375 0.5275633953125001 0.4204322203125 0.5259095921875 0.4361493125 0.52480705625 0.443025540625 0.5220507171875 0.4459724953125
1 0.7111356125 0.6571709234374999 0.7094818078125 0.678781925 0.7111356125 0.6817288796875001 0.7160970234375 0.6817288796875001 0.7160970234375 0.66699410625 0.7199558984375 0.647347740625 0.7188533625 0.627701375 0.7205071671875001 0.622789784375 0.7205071671875001 0.5943025546875 0.7177508265625 0.5864440078125 0.717199559375 0.576620825 0.712789415625 0.5677799609374999 0.7111356125 0.55108055 0.7083792718749999 0.546168959375 0.7039691296874999 0.546168959375 0.7012127890625 0.5530451859375 0.7006615218750001 0.584479371875 0.7039691296874999 0.6021611 0.704520396875 0.6326129671875 0.7111356125 0.6571709234374999