2 0.179713340625 0.8634577609375 0.1912899671875 0.84577603125 0.192392503125 0.8379174859375 0.1885336265625 0.8388998031250001 0.1725468578125 0.8644400781250001 0.1708930546875 0.8693516703125 0.17364939375 0.8634577609375 0.1747519296875 0.8693516703125 0.179713340625 0.8634577609375
2 0.5689084890625 0.667976425 0.5562293281249999 0.6807465625 0.5490628453124999 0.6777996078124999 0.5485115765625 0.6817288796875001 0.5529217203125001 0.6905697453124999 0.5606394703124999 0.6905697453124999 0.5689084890625 0.667976425
0 0.22601984531250002 0.749508840625 0.21830209531250003 0.750491159375 0.21719955937500002 0.7583497046875001 0.21885336249999998 0.762278978125 0.225468578125 0.7583497046875001 0.22601984531250002 0.749508840625
1 0.8175303203125001 0.4567779953125 0.8197353906249999 0.46561886093749993 0.8158765156250001 0.47347740624999995 0.8153252484375001 0.4872298625 0.8125689078124999 0.49115913593749994 0.8120176406249999 0.4970530453125 0.8213891953125 0.525540275 0.8219404625 0.5422396859374999 0.8263506062499999 0.5491159140625 0.8296582140625001 0.5491159140625 0.8307607499999999 0.48330058906250006 0.8335170890624999 0.47347740624999995 0.834619625 0.4312377203125 0.832965821875 0.4204322203125 0.8307607499999999 0.417485265625 0.8296582140625001 0.39882121875 0.8224917312500001 0.3978389 0.820286659375 0.40176817343750004 0.820286659375 0.41944990156250006 0.8180815875 0.428290765625 0.8175303203125001 0.44499017656250006 0.8175303203125001 0.4567779953125
1 0.8379272328124999 0.647347740625 0.8340683578125001 0.660117878125 0.8423373765625 0.6699410609374999 0.8340683578125001 0.6817288796875001 0.832965821875 0.6905697453124999 0.834619625 0.697445971875 0.83902976875 0.7023575640625 0.8528114656250001 0.7043222 0.8594266812500001 0.7043222 0.865490628125 0.6935167 0.8687982359375 0.698428290625 0.8732083796874999 0.698428290625 0.8737596468750001 0.659135559375 0.8687982359375 0.6365422390625 0.85997795 0.6149312375 0.8517089312499999 0.6041257375 0.849503859375 0.5923379171875001 0.8423373765625 0.5854616890625 0.8357221609375 0.5893909625 0.8357221609375 0.5992141453125 0.83902976875 0.609037328125 0.83902976875 0.620825146875 0.8379272328124999 0.647347740625
1 0 0.9921414531250001 0.00441014375 0.9960707265625001 0.0077177515625 0.994106090625 0.00441014375 0.9646365421875001 0.00441014375 0.9459724953125 0.0066152156249999995 0.9361493125000001 0.008269018749999999 0.9106090375000001 0.015986770312500002 0.89685658125 0.016538037499999998 0.877210215625 0.01212789375 0.8555992140625 0.0033076078124999997 0.84774066875 0 0.8506876234374999 0 0.9921414531250001
1 0.225468578125 0.776031434375 0.21719955937500002 0.7917485265625 0.21775082656250003 0.7966601171875001 0.22326350625 0.7996070734375 0.22601984531250002 0.788801571875 0.23594266875 0.774066796875 0.24366041875 0.787819253125 0.23814773906250003 0.7986247546875 0.23759647187500002 0.8379174859375 0.2342888640625 0.84577603125 0.22657111406250002 0.84774066875 0.22601984531250002 0.8546168953125 0.2326350609375 0.85854616875 0.23759647187500002 0.8565815328124999 0.24200661562499998 0.8506876234374999 0.2447629546875 0.8104125734375 0.24751929375 0.8045186640624999 0.250275634375 0.801571709375 0.266262403125 0.7996070734375 0.27067254687500003 0.8055009828124999 0.2734288859375 0.8163064828125 0.2866593171875 0.8369351671875 0.287210584375 0.851669940625 0.2905181921875 0.8555992140625 0.29603087031249997 0.8555992140625 0.2949283359375 0.8398821218749999 0.291069459375 0.821218075 0.2816979046875 0.8064833 0.2816979046875 0.763261296875 0.2657111359375 0.7161100203124999 0.2657111359375 0.698428290625 0.2629547953125 0.6944990171875001 0.2480705625 0.6935167 0.2403528109375 0.6944990171875001 0.23925027499999998 0.698428290625 0.23980154374999998 0.710216109375 0.24366041875 0.7170923375 0.2425578828125 0.7278978390625 0.225468578125 0.776031434375
1 0.41455347343750004 0.608055009375 0.41289966875 0.6365422390625 0.40959206249999996 0.6502946953125 0.4084895265625 0.6768172890625 0.40518191875 0.6944990171875001 0.40793825781250004 0.698428290625 0.41124586562500004 0.698428290625 0.41289966875 0.6944990171875001 0.4173098125 0.660117878125 0.4173098125 0.6444007859374999 0.42392502812500005 0.6306483296875001 0.4305402421875 0.6365422390625 0.43439911875000004 0.65324165 0.4371554578125 0.6699410609374999 0.4349503859375 0.684675834375 0.439911796875 0.6905697453124999 0.443770671875 0.6905697453124999 0.44597574375000004 0.6807465625 0.44211686875 0.65225933125 0.4371554578125 0.6326129671875 0.43880926093749995 0.5992141453125 0.4432194046875 0.5854616890625 0.44266813593750004 0.558939096875 0.43880926093749995 0.5471512765625001 0.4288864390625 0.5402750484375 0.4266813671875 0.52455795625 0.4228224921875 0.5216110015625001 0.41289966875 0.52455795625 0.41289966875 0.533398821875 0.41565600937499997 0.5412573671875001 0.41179713281249997 0.56286836875 0.41455347343750004 0.608055009375
1 0.2243660421875 0.55009823125 0.23042998906249998 0.544204321875 0.233737596875 0.5559921421875 0.2353914 0.5795677796875001 0.2403528109375 0.584479371875 0.2447629546875 0.584479371875 0.250275634375 0.5933202359374999 0.2513781703125 0.60117878125 0.2557883125 0.60117878125 0.2590959203125 0.583497053125 0.25633958125 0.576620825 0.25248070624999996 0.57563850625 0.2464167578125 0.5609037328124999 0.250275634375 0.5294695484374999 0.2480705625 0.517681728125 0.23980154374999998 0.5 0.231532525 0.495088409375 0.22326350625 0.47544204375000004 0.2199558984375 0.47544204375000004 0.21719955937500002 0.479371315625 0.21719955937500002 0.495088409375 0.22160970156249998 0.507858546875 0.22160970156249998 0.546168959375 0.2243660421875 0.55009823125
1 0.514332965625 0.58840864375 0.5154355015625 0.597249509375 0.5220507171875 0.6001964640625 0.5214994484375 0.5913555984375 0.514332965625 0.58840864375
1 0.5292171999999999 0.5913555984375 0.5319735390625 0.609037328125 0.5341786109375 0.6110019640625 0.5363836828124999 0.621807465625 0.5363836828124999 0.6296660125 0.530871003125 0.63948919375 0.533076075 0.6434184671875001 0.542998896875 0.6434184671875001 0.5468577734375 0.63948919375 0.5468577734375 0.635559921875 0.542998896875 0.621807465625 0.539691290625 0.5933202359374999 0.5457552375 0.583497053125 0.55255811875 0.59107344375 0.5545755234375 0.588040275 0.5545755234375 0.55108055 0.5529217203125001 0.546168959375 0.551819184375 0.52455795625 0.5468577734375 0.5088408640625001 0.542998896875 0.5029469546875001 0.542998896875 0.49607072656250006 0.5347298781250001 0.48821218125000004 0.5292171999999999 0.49115913593749994 0.530871003125 0.519646365625 0.5341786109375 0.530451865625 0.535281146875 0.5422396859374999 0.5347298781250001 0.570726915625 0.5303197359375 0.5805500984374999 0.5292171999999999 0.5913555984375
1 0.4823594265625 0.49901768124999996 0.47905181875 0.5039292734374999 0.4762954796875 0.5412573671875001 0.4663726578125 0.557956778125 0.46802646093750006 0.5618860515625 0.47353914062499997 0.5618860515625 0.48566703437500003 0.5530451859375 0.4884233734375 0.5432220046875 0.49117971406249994 0.546168959375 0.4994487328125 0.5412573671875001 0.502205071875 0.53732809375 0.5011025359375 0.5294695484374999 0.5038588749999999 0.52455795625 0.509922821875 0.530451865625 0.514332965625 0.546168959375 0.518191840625 0.546168959375 0.5154355015625 0.52455795625 0.50826901875 0.51178781875 0.5071664828125 0.482318271875 0.5027563390625 0.453831040625 0.496141125 0.443025540625 0.49503858906250003 0.4312377203125 0.4928335171875 0.42730844843750004 0.485115765625 0.42730844843750004 0.48291069531249997 0.43418467656250004 0.485115765625 0.4440078578125 0.4823594265625 0.4616895875 0.4840132296875 0.4901768171875 0.4823594265625 0.49901768124999996
1 0.5567805953125 0.6001964640625 0.5606394703124999 0.60314341875 0.563947078125 0.620825146875 0.563947078125 0.633595284375 0.5711135609375 0.6365422390625 0.5738699 0.646365421875 0.5733186328125 0.660117878125 0.5667034171875 0.672888015625 0.5667034171875 0.6768172890625 0.572216096875 0.686640471875 0.572216096875 0.6915520625 0.5689084890625 0.6944990171875001 0.5689084890625 0.698428290625 0.581036384375 0.7072691546875001 0.5777287765625 0.722986246875 0.5859977953125 0.723968565625 0.5920617421875 0.712180746875 0.58213891875 0.6876227890625 0.581036384375 0.673870334375 0.5937155453125 0.63948919375 0.589305403125 0.6060903734374999 0.5854465265625 0.5943025546875 0.581036384375 0.5893909625 0.5689084890625 0.584479371875 0.56560088125 0.5785854609375 0.563947078125 0.5687622796875 0.5545755234375 0.5677799609374999 0.5551267921874999 0.5815324171875 0.5534729875 0.5913555984375 0.5562293281249999 0.5943025546875 0.5567805953125 0.6001964640625
1 0.5854465265625 0.5343811390625001 0.5865490624999999 0.546168959375 0.58213891875 0.5736738703125 0.58213891875 0.58840864375 0.5854465265625 0.5913555984375 0.59095920625 0.5795677796875001 0.59481808125 0.5795677796875001 0.6025358328125 0.6129666015625 0.6047409046875 0.6326129671875 0.609151046875 0.634577603125 0.6113561187500001 0.6296660125 0.6085997796875 0.6178781921875001 0.6074972437499999 0.5943025546875 0.6041896359375001 0.582514734375 0.6047409046875 0.5481335953124999 0.605843440625 0.5363457765625 0.6085997796875 0.5294695484374999 0.606945975 0.5039292734374999 0.6041896359375001 0.49607072656250006 0.5959206171875 0.4842829078125 0.5942668140625 0.474459725 0.5865490624999999 0.474459725 0.5837927234375 0.479371315625 0.5815876515625 0.520628684375 0.5667034171875 0.532416503125 0.5694597578125 0.5363457765625 0.5854465265625 0.5343811390625001