2 0.5485115765625 0.7013752453125 0.5485115765625 0.7092337921875 0.5501653796875 0.710216109375 0.5501653796875 0.7013752453125 0.5485115765625 0.7013752453125
2 0.5468577734375 0.6915520625 0.5468577734375 0.6944990171875001 0.5490628453124999 0.6944990171875001 0.5468577734375 0.6915520625
2 0.5220507171875 0.58840864375 0.5226019843749999 0.5805500984374999 0.5071664828125 0.5982318265625 0.5049614109375 0.60117878125 0.5077177515625 0.6051080546875001 0.5126791625 0.60117878125 0.5220507171875 0.58840864375
2 0.4762954796875 0.49115913593749994 0.476846746875 0.495088409375 0.485115765625 0.4774066796875 0.485115765625 0.466601178125 0.4834619625 0.46561886093749993 0.47960308749999997 0.47544204375000004 0.4762954796875 0.4872298625 0.4779492828125 0.48821218125000004 0.4779492828125 0.49115913593749994 0.4762954796875 0.49115913593749994
2 0.5220507171875 0.7151277015625 0.5297684671875 0.698428290625 0.5292171999999999 0.6905697453124999 0.5220507171875 0.7013752453125 0.5154355015625 0.6954813359375 0.5126791625 0.698428290625 0.5132304296875 0.70530451875 0.518191840625 0.7151277015625 0.5220507171875 0.7151277015625
2 0.17916207343749999 0.8821218078124999 0.180264609375 0.8801571703125 0.1852260203125 0.8821218078124999 0.19404630625 0.8683693515625001 0.1907386984375 0.8644400781250001 0.192392503125 0.86051080625 0.19790518125 0.8614931234375 0.19955898593750002 0.85854616875 0.200110253125 0.84774066875 0.19845645 0.84774066875 0.1681367140625 0.9007858546874999 0.15711135625 0.9007858546874999 0.154906284375 0.903732809375 0.154906284375 0.9106090375000001 0.1681367140625 0.9106090375000001 0.18164277812500002 0.8865422390625 0.17916207343749999 0.8821218078124999
2 0.23759647187500002 0.5638506875 0.233737596875 0.5599214140625 0.22932745312499997 0.5599214140625 0.22877618593750002 0.56286836875 0.233186328125 0.570726915625 0.23980154374999998 0.571709234375 0.23759647187500002 0.5638506875
2 0.4867695703125 0.610019646875 0.4834619625 0.609037328125 0.4834619625 0.6178781921875001 0.48566703437500003 0.622789784375 0.489525909375 0.622789784375 0.4867695703125 0.610019646875
2 0.2431091515625 0.5785854609375 0.2530319734375 0.583497053125 0.2535832421875 0.5726915515625 0.2590959203125 0.576620825 0.257993384375 0.583497053125 0.26019845625000004 0.5805500984374999 0.2596471890625 0.576620825 0.2552370453125 0.5726915515625 0.24366041875 0.570726915625 0.2342888640625 0.5618860515625 0.2326350609375 0.5677799609374999 0.22987872031249998 0.5618860515625 0.22877618593750002 0.56286836875 0.23042998906249998 0.5677799609374999 0.23759647187500002 0.571709234375 0.2431091515625 0.5785854609375
1 0.848952590625 0.5 0.8517089312499999 0.506876228125 0.8550165375000001 0.507858546875 0.8588754140624999 0.517681728125 0.8566703421874999 0.53929273125 0.8594266812500001 0.5412573671875001 0.8649393609375 0.5284872296875001 0.865490628125 0.5216110015625001 0.857772878125 0.4901768171875 0.8605292171875 0.474459725 0.8660418968749999 0.46561886093749993 0.869349503125 0.44891945 0.8732083796874999 0.44007858593750004 0.8732083796874999 0.42436149375000004 0.8676957 0.40667976406250006 0.8616317531250001 0.4007858546875 0.857221609375 0.391944990625 0.8550165375000001 0.3801571703125 0.8517089312499999 0.377210215625 0.8478500546875001 0.378192534375 0.844542446875 0.3870333984375 0.8423373765625 0.415520628125 0.8434399125 0.44793713124999995 0.84674751875 0.4587426328125 0.848952590625 0.5
1 0.8197353906249999 0.6552062875 0.816427784375 0.661100196875 0.8125689078124999 0.661100196875 0.8031973546875 0.6493123765625 0.8004410140625 0.65225933125 0.8004410140625 0.659135559375 0.8015435500000001 0.6640471515625 0.8054024249999999 0.667976425 0.8103638375 0.667976425 0.8169790515625 0.6768172890625 0.8219404625 0.6777996078124999 0.8257993390625 0.6827111984374999 0.8274531421875 0.6895874265625 0.8263506062499999 0.6944990171875001 0.8169790515625 0.7043222 0.8131201765625 0.712180746875 0.81367144375 0.7200392921875001 0.8175303203125001 0.7269155203125 0.83020948125 0.7328094296875001 0.8511576625 0.7328094296875001 0.857221609375 0.7200392921875001 0.861080484375 0.7200392921875001 0.8643880921875 0.7161100203124999 0.8660418968749999 0.7082514734375 0.8594266812500001 0.7023575640625 0.857772878125 0.672888015625 0.8461962515625 0.622789784375 0.8384785000000001 0.6149312375 0.8373759640625 0.60117878125 0.8335170890624999 0.5923379171875001 0.8219404625 0.5933202359374999 0.820286659375 0.60117878125 0.8241455343749999 0.622789784375 0.8213891953125 0.6306483296875001 0.8197353906249999 0.6552062875
1 0.47353914062499997 0.595284871875 0.4696802640625 0.6493123765625 0.4674751921875 0.6552062875 0.4614112453125 0.659135559375 0.46085997812499996 0.6640471515625 0.46582138906250004 0.667976425 0.4746416765625 0.667976425 0.47739801562500006 0.6650294703124999 0.47850055156250004 0.6188605109374999 0.48070562343749995 0.61394891875 0.4840132296875 0.6149312375 0.4840132296875 0.6119842828125 0.49117971406249994 0.60117878125 0.49558985624999996 0.60117878125 0.4988974640625 0.6060903734374999 0.5 0.6178781921875001 0.506615215625 0.635559921875 0.50826901875 0.65324165 0.5115766265625 0.6571709234374999 0.5165380374999999 0.6561886046875001 0.5154355015625 0.63948919375 0.5126791625 0.6326129671875 0.51212789375 0.6237721015625 0.5038588749999999 0.5992141453125 0.5038588749999999 0.558939096875 0.5 0.5284872296875001 0.493936053125 0.51375245625 0.4873208375 0.507858546875 0.4884233734375 0.49607072656250006 0.48566703437500003 0.4872298625 0.481808159375 0.48624754374999996 0.47850055156250004 0.48919449843749996 0.4779492828125 0.5108055015625 0.4746416765625 0.5166994109374999 0.47353914062499997 0.52455795625 0.4740904078125 0.545186640625 0.47905181875 0.5530451859375 0.481808159375 0.5746561890625 0.47353914062499997 0.595284871875
1 0.22932745312499997 0.7721021609375 0.22657111406250002 0.7829076625 0.22326350625 0.788801571875 0.22160970156249998 0.7996070734375 0.21389195156250002 0.8182711203125 0.21334068281250002 0.8241650296874999 0.2205071671875 0.8241650296874999 0.22987872031249998 0.8045186640624999 0.23098125625 0.7966601171875001 0.23814773906250003 0.777013753125 0.24200661562499998 0.775049115625 0.2508269015625 0.7927308453124999 0.25192943749999996 0.8055009828124999 0.24917309843750002 0.8133595281250001 0.25633958125 0.8290766203125 0.2546857765625 0.8379174859375 0.24751929375 0.8379174859375 0.24751929375 0.84577603125 0.2508269015625 0.86051080625 0.2513781703125 0.8889980359375 0.25633958125 0.88605108125 0.25633958125 0.866404715625 0.257993384375 0.8565815328124999 0.26185226093749997 0.8506876234374999 0.2651598671875 0.8624754421875 0.2761852265625 0.8693516703125 0.28390297656249996 0.8811394890625 0.287210584375 0.8821218078124999 0.291620728125 0.8909626718749999 0.291620728125 0.9047151281250001 0.29713340625 0.9056974453125 0.3004410140625 0.8978389 0.2987872109375 0.8850687625000001 0.2811466375 0.8565815328124999 0.274531421875 0.8497053046874999 0.2739801546875 0.8388998031250001 0.27673649375 0.82023575625 0.2778390296875 0.7917485265625 0.2761852265625 0.78192534375 0.26901874375 0.7662082515625 0.268467475 0.7544204328124999 0.27232635 0.751473478125 0.2761852265625 0.7534381140625 0.2861080484375 0.763261296875 0.29272326406250004 0.776031434375 0.295479603125 0.7721021609375 0.295479603125 0.7652259328125 0.278941565625 0.7416502953124999 0.2739801546875 0.7406679765625 0.26405733124999997 0.7288801578124999 0.24751929375 0.7269155203125 0.2447629546875 0.722986246875 0.24366041875 0.712180746875 0.24145534687499998 0.7082514734375 0.2348401328125 0.7082514734375 0.23042998906249998 0.7151277015625 0.2348401328125 0.7328094296875001 0.2348401328125 0.7416502953124999 0.23042998906249998 0.7544204328124999 0.22932745312499997 0.7721021609375
1 0.3395810359375 0.685658153125 0.3384785 0.7141453828125 0.33461962500000003 0.729862475 0.33461962500000003 0.7416502953124999 0.33902976875 0.74459725 0.340683571875 0.7396856578125 0.348952590625 0.6748526515625 0.35556780625 0.6620825140625 0.3588754140625 0.660117878125 0.3649393609375 0.673870334375 0.361080484375 0.7318271125 0.369349503125 0.7455795671875001 0.37210584375 0.7406679765625 0.369349503125 0.7318271125 0.3687982359375 0.712180746875 0.373759646875 0.678781925 0.373759646875 0.660117878125 0.369900771875 0.634577603125 0.369900771875 0.622789784375 0.3704520390625 0.6149312375 0.3748621828125 0.60117878125 0.37651598750000004 0.5785854609375 0.373759646875 0.5677799609374999 0.36769569999999996 0.56286836875 0.3649393609375 0.556974459375 0.3649393609375 0.5343811390625001 0.35556780625 0.5353634578124999 0.353362734375 0.546168959375 0.35556780625 0.558939096875 0.3472987875 0.570726915625 0.3461962515625 0.576620825 0.34674751875 0.616895875 0.3434399125 0.6434184671875001 0.34288864375 0.6689587421875001 0.3395810359375 0.685658153125
1 0.1824696796875 0.58840864375 0.18136714375000001 0.616895875 0.1769570015625 0.6257367390625 0.173098125 0.62868369375 0.17364939375 0.635559921875 0.1885336265625 0.6385068765625 0.19018743124999998 0.635559921875 0.1885336265625 0.6070726921875 0.1912899671875 0.5913555984375 0.1968026453125 0.584479371875 0.208930540625 0.5805500984374999 0.2238147734375 0.5982318265625 0.23759647187500002 0.6247544203125 0.2425578828125 0.63948919375 0.25192943749999996 0.6385068765625 0.2530319734375 0.6316306484374999 0.2442116875 0.6247544203125 0.23869900781250003 0.6060903734374999 0.22657111406250002 0.582514734375 0.2243660421875 0.570726915625 0.22601984531250002 0.5638506875 0.23042998906249998 0.5658153234375 0.2326350609375 0.56286836875 0.225468578125 0.5383104125 0.2122381484375 0.517681728125 0.208930540625 0.5157170921875001 0.20617420000000003 0.49901768124999996 0.19955898593750002 0.5 0.1951488421875 0.518664046875 0.1874310921875 0.5294695484374999 0.18412348437499998 0.5383104125 0.18412348437499998 0.546168959375 0.18963616249999998 0.5530451859375 0.18963616249999998 0.5599214140625 0.1824696796875 0.58840864375
1 0.42833517031249996 0.5 0.42833517031249996 0.5166994109374999 0.43164277812499996 0.5363457765625 0.43825799375 0.519646365625 0.439911796875 0.5039292734374999 0.44266813593750004 0.5 0.443770671875 0.4901768171875 0.44707827968749997 0.48330058906250006 0.4415656015625 0.47249508906250004 0.443770671875 0.47102161093749995 0.44432194062499997 0.4646365421875 0.4432194046875 0.44891945 0.44707827968749997 0.4440078578125 0.45314222656250003 0.453831040625 0.46085997812499996 0.45284872343749993 0.4597574421875 0.4390962671875 0.4498346203125 0.428290765625 0.44707827968749997 0.4184675828125 0.44046306562500004 0.41453831093750004 0.4371554578125 0.4204322203125 0.4393605296875 0.468565815625 0.4415656015625 0.47347740624999995 0.44211686875 0.48330058906250006 0.42833517031249996 0.5
1 0.4393605296875 0.5147347734375 0.4371554578125 0.5235756390625 0.4349503859375 0.525540275 0.43329658281250005 0.5402750484375 0.427232634375 0.5550098234374999 0.42833517031249996 0.558939096875 0.42116868749999997 0.570726915625 0.43439911875000004 0.570726915625 0.44211686875 0.545186640625 0.4432194046875 0.532416503125 0.44597574375000004 0.5284872296875001 0.46471885312500005 0.533398821875 0.468577728125 0.5658153234375 0.4724366046875 0.5667976421875001 0.472987871875 0.5166994109374999 0.4707828 0.492141453125 0.472987871875 0.4872298625 0.469128996875 0.482318271875 0.469128996875 0.468565815625 0.47023153281249996 0.46561886093749993 0.47519294375000004 0.46561886093749993 0.47850055156250004 0.469548134375 0.48070562343749995 0.47838899843749993 0.485115765625 0.47347740624999995 0.48566703437500003 0.46561886093749993 0.481808159375 0.4587426328125 0.4746416765625 0.453831040625 0.4558985671875 0.453831040625 0.4492833515625 0.4440078578125 0.4432194046875 0.4440078578125 0.4415656015625 0.44793713124999995 0.44487320781250006 0.482318271875 0.4432194046875 0.49901768124999996 0.43880926093749995 0.5098231828124999 0.4393605296875 0.5147347734375
1 0.5347298781250001 0.647347740625 0.531422271875 0.65225933125 0.5303197359375 0.660117878125 0.533076075 0.6640471515625 0.53748621875 0.6620825140625 0.53748621875 0.667976425 0.531422271875 0.6817288796875001 0.5292171999999999 0.6944990171875001 0.5385887546875 0.724950884375 0.5385887546875 0.7416502953124999 0.535281146875 0.7465618859375 0.5347298781250001 0.7573673875 0.5413450937500001 0.7583497046875001 0.547960309375 0.750491159375 0.551267915625 0.7396856578125 0.5485115765625 0.7151277015625 0.5501653796875 0.7082514734375 0.5485115765625 0.6915520625 0.56174200625 0.659135559375 0.5606394703124999 0.622789784375 0.5589856671875 0.61394891875 0.5534729875 0.6051080546875001 0.551819184375 0.5982318265625 0.542998896875 0.58840864375 0.539140021875 0.5874263265625 0.5319735390625 0.5677799609374999 0.5253583234375 0.571709234375 0.527012128125 0.6051080546875001 0.5347298781250001 0.622789784375 0.535281146875 0.6296660125 0.5347298781250001 0.647347740625
1 0.518743109375 0.671905696875 0.527012128125 0.671905696875 0.5303197359375 0.667976425 0.5281146640625 0.660117878125 0.533076075 0.627701375 0.531422271875 0.6257367390625 0.5303197359375 0.61394891875 0.5253583234375 0.6110019640625 0.5242557890625 0.646365421875 0.5226019843749999 0.6561886046875001 0.5176405734375 0.66699410625 0.518743109375 0.671905696875
1 0.5214994484375 0.5343811390625001 0.5115766265625 0.533398821875 0.5110253578124999 0.5383104125 0.5176405734375 0.546168959375 0.5259095921875 0.546168959375 0.5297684671875 0.5432220046875 0.5319735390625 0.55009823125 0.5319735390625 0.5677799609374999 0.5347298781250001 0.5726915515625 0.5358324140625 0.583497053125 0.5474090406250001 0.5923379171875001 0.5567805953125 0.6110019640625 0.5551267921874999 0.6060903734374999 0.5573318640625 0.6051080546875001 0.5551267921874999 0.596267190625 0.555678059375 0.558939096875 0.5529217203125001 0.51178781875 0.539691290625 0.479371315625 0.5358324140625 0.47838899843749993 0.5319735390625 0.48330058906250006 0.531422271875 0.506876228125 0.526460859375 0.5166994109374999 0.52480705625 0.5284872296875001 0.5214994484375 0.5343811390625001