0 0.19955898593750002 0.5638506875 0.19900771718750002 0.570726915625 0.20286659375 0.571709234375 0.20286659375 0.5638506875 0.19955898593750002 0.5638506875
1 0.6477398015625 0.627701375 0.647188534375 0.6375245578125 0.651047409375 0.6385068765625 0.6543550171875 0.6316306484374999 0.6576626234375 0.64243615 0.6560088203125 0.672888015625 0.663175303125 0.6915520625 0.663175303125 0.7151277015625 0.6786108046875 0.710216109375 0.6819184125 0.7062868375 0.6824696796875 0.698428290625 0.66979051875 0.6640471515625 0.6747519296875 0.62671905625 0.67364939375 0.6051080546875001 0.6686879828125 0.5933202359374999 0.6604189640625 0.5815324171875 0.658765159375 0.5687622796875 0.651047409375 0.5667976421875001 0.6477398015625 0.570726915625 0.6477398015625 0.5785854609375 0.6515986765624999 0.5923379171875001 0.6521499453125 0.6129666015625 0.6477398015625 0.627701375
1 0.69018743125 0.622789784375 0.6934950390625 0.647347740625 0.692392503125 0.6650294703124999 0.6896361625 0.6777996078124999 0.6934950390625 0.678781925 0.6968026453125 0.6895874265625 0.7028665937499999 0.6905697453124999 0.7072767359375 0.6777996078124999 0.7072767359375 0.6660117875 0.7028665937499999 0.64243615 0.7028665937499999 0.627701375 0.7056229328125 0.610019646875 0.704520396875 0.5854616890625 0.70672546875 0.5658153234375 0.7006615218750001 0.530451865625 0.6951488421875001 0.52652259375 0.6912899671875 0.5343811390625001 0.6912899671875 0.5687622796875 0.6868798234375 0.5795677796875001 0.69018743125 0.5874263265625 0.69018743125 0.622789784375
1 0.13506063906250002 0.88408644375 0.138368246875 0.8948919453125 0.14057331875 0.9449901765625001 0.1394707828125 0.968565815625 0.1438809265625 0.9705304515625001 0.14718853437499999 0.9666011781250001 0.1477398015625 0.9508840859375001 0.154906284375 0.94891945 0.15600882031250002 0.9449901765625001 0.150496140625 0.9322200390625 0.154906284375 0.88408644375 0.1477398015625 0.8742632609375001 0.1565600875 0.872298625 0.16097023125 0.8546168953125 0.16482910625 0.8506876234374999 0.1664829109375 0.7996070734375 0.163175303125 0.788801571875 0.158765159375 0.7868369359375 0.15600882031250002 0.78192534375 0.1543550171875 0.7662082515625 0.15159867656249998 0.762278978125 0.14718853437499999 0.762278978125 0.1433296578125 0.7662082515625 0.142778390625 0.7868369359375 0.134509371875 0.7996070734375 0.1312017640625 0.8104125734375 0.1273428890625 0.8388998031250001 0.13009922812500002 0.85756385 0.134509371875 0.87131630625 0.13506063906250002 0.88408644375
1 0.5259095921875 0.647347740625 0.5292171999999999 0.647347740625 0.531422271875 0.6306483296875001 0.5402425578125001 0.635559921875 0.5463065046875 0.65324165 0.5468577734375 0.671905696875 0.551267915625 0.673870334375 0.5529217203125001 0.6689587421875001 0.5529217203125001 0.6552062875 0.5507166484375 0.6434184671875001 0.5441014328125 0.62671905625 0.5413450937500001 0.6041257375 0.5418963609375 0.5854616890625 0.5380374859375 0.571709234375 0.530871003125 0.5618860515625 0.5275633953125001 0.546168959375 0.5259095921875 0.5432220046875 0.5214994484375 0.546168959375 0.518743109375 0.5913555984375 0.5214994484375 0.608055009375 0.5226019843749999 0.63948919375 0.5259095921875 0.647347740625
1 0.514332965625 0.5943025546875 0.5157200265624999 0.598421953125 0.5154355015625 0.5923379171875001 0.514332965625 0.5943025546875
1 0.5159867703125001 0.6041257375 0.5157632828125001 0.599346890625 0.514332965625 0.6001964640625 0.5154355015625 0.6041257375 0.5137816984375 0.609037328125 0.5154355015625 0.6178781921875001 0.518743109375 0.61394891875 0.518743109375 0.610019646875 0.5159867703125001 0.6041257375
1 0.496141125 0.5923379171875001 0.493384784375 0.596267190625 0.4884233734375 0.597249509375 0.4873208375 0.60117878125 0.48787210625000005 0.6051080546875001 0.4944873203125 0.61394891875 0.49834619687500004 0.6129666015625 0.5 0.609037328125 0.5011025359375 0.595284871875 0.5038588749999999 0.5913555984375 0.50441014375 0.5854616890625 0.51212789375 0.5854616890625 0.5165380374999999 0.5795677796875001 0.5203969125000001 0.558939096875 0.518191840625 0.49607072656250006 0.5159867703125001 0.49115913593749994 0.5055126796875 0.48330058906250006 0.5 0.48821218125000004 0.5 0.4970530453125 0.5033076078125001 0.5088408640625001 0.5038588749999999 0.545186640625 0.496141125 0.5923379171875001
1 0.5038588749999999 0.775049115625 0.5077177515625 0.7789783890625 0.514332965625 0.7789783890625 0.5165380374999999 0.737721021875 0.518191840625 0.7328094296875001 0.5214994484375 0.7337917484375 0.5242557890625 0.737721021875 0.5259095921875 0.751473478125 0.5303197359375 0.763261296875 0.5303197359375 0.776031434375 0.5275633953125001 0.7868369359375 0.5336273421875 0.788801571875 0.53748621875 0.7789783890625 0.53748621875 0.7711198421875001 0.535281146875 0.764243615625 0.5347298781250001 0.7465618859375 0.530871003125 0.7328094296875001 0.533076075 0.698428290625 0.5303197359375 0.6876227890625 0.5297684671875 0.6650294703124999 0.5253583234375 0.6493123765625 0.5170893046875 0.64145383125 0.5154355015625 0.62671905625 0.5110253578124999 0.627701375 0.5071664828125 0.633595284375 0.5093715546875 0.735756384375 0.50826901875 0.7652259328125 0.5038588749999999 0.7711198421875001 0.5038588749999999 0.775049115625
1 0.1852260203125 0.546168959375 0.1907386984375 0.546168959375 0.19018743124999998 0.5147347734375 0.191841234375 0.5088408640625001 0.194597575 0.507858546875 0.19845645 0.51375245625 0.2034178609375 0.53929273125 0.20507166406250002 0.5422396859374999 0.2122381484375 0.5412573671875001 0.212789415625 0.5343811390625001 0.20948180781249998 0.532416503125 0.20562293281250002 0.5216110015625001 0.19790518125 0.48624754374999996 0.200110253125 0.46267190625000004 0.19955898593750002 0.43222003906250006 0.1951488421875 0.4312377203125 0.19018743124999998 0.441060903125 0.18412348437499998 0.4440078578125 0.1780595375 0.455795678125 0.1769570015625 0.46561886093749993 0.1852260203125 0.50098231875 0.18357221562499998 0.52455795625 0.1852260203125 0.546168959375
2 0.5046875 0.709375 0.5078125 0.7109375 0.50625 0.721875 0.4984375 0.7359375 0.4984375 0.74375 0.4921875 0.7640625 0.4890625 0.7671875 0.484375 0.7640625 0.484375 0.7578125 0.4921875 0.7484375 0.4953125 0.734375 0.5015625 0.7296875 0.5 0.7203125 0.5046875 0.7109375
2 0.1859375 0.484375 0.1921875 0.4859375 0.1921875 0.509375 0.1890625 0.50625 0.1859375 0.4859375
2 0.178125 0.4609375 0.18125 0.4640625 0.1859375 0.4796875 0.1921875 0.4828125 0.190625 0.4953125 0.1921875 0.509375 0.1890625 0.5078125 0.1859375 0.490625 0.178125 0.4703125 0.178125 0.4625
2 0.1421875 0.8734375 0.15625 0.8734375 0.1609375 0.8765625 0.1671875 0.8765625 0.1703125 0.8796875 0.1828125 0.88125 0.190625 0.8875 0.190625 0.890625 0.1859375 0.8921875 0.1703125 0.8859375 0.1578125 0.8859375 0.15 0.8796875 0.140625 0.8765625 0.1421875 0.875
2 0.6234375 0.61875 0.625 0.6265625 0.63125 0.6359375 0.6421875 0.6359375 0.646875 0.640625 0.640625 0.6421875 0.6328125 0.6390625 0.6234375 0.6390625 0.6203125 0.63125 0.6203125 0.6203125 0.621875 0.6203125
2 0.49140625 0.75 0.015625 0.034375