2 0.731532525 0.7033398828124999 0.7342888640624999 0.698428290625 0.7342888640624999 0.6876227890625 0.7370452046875 0.6817288796875001 0.737596471875 0.672888015625 0.7342888640624999 0.673870334375 0.7331863281250001 0.678781925 0.7216097015625 0.697445971875 0.7221609703125 0.7033398828124999 0.731532525 0.7033398828124999
2 0.7546857765625 0.6149312375 0.7513781703125 0.6149312375 0.7425578828125 0.647347740625 0.742006615625 0.65324165 0.74366041875 0.6552062875 0.7530319734375001 0.6296660125 0.7546857765625 0.6149312375
2 0.056229328125 0.86051080625 0.064498346875 0.8388998031250001 0.06504961406250001 0.827111984375 0.0589856671875 0.827111984375 0.0501653796875 0.84675835 0.0490628453125 0.8555992140625 0.055126792187499996 0.872298625 0.0567805953125 0.88408644375 0.056229328125 0.86051080625
2 0.0689084890625 0.953831040625 0.07056229375 0.9587426328124999 0.072767365625 0.953831040625 0.072216096875 0.9410609031250001 0.070011025 0.9390962671875001 0.068357221875 0.9312377203125 0.064498346875 0.928290765625 0.067805953125 0.923379175 0.062293275 0.923379175 0.064498346875 0.929273084375 0.06560088124999999 0.9528487234374999 0.0689084890625 0.953831040625
2 0.1890848953125 0.5088408640625001 0.1824696796875 0.49115913593749994 0.17750826875 0.49115913593749994 0.17750826875 0.494106090625 0.1852260203125 0.506876228125 0.1890848953125 0.5088408640625001
2 0.5038588749999999 0.5540275046875001 0.50826901875 0.5530451859375 0.5115766265625 0.546168959375 0.5110253578124999 0.5432220046875 0.506615215625 0.545186640625 0.49724366093750005 0.5658153234375 0.49724366093750005 0.571709234375 0.502205071875 0.5677799609374999 0.50441014375 0.5618860515625 0.5038588749999999 0.5540275046875001
2 0.138919515625 0.917485265625 0.14002205 0.9017681734374999 0.134509371875 0.9017681734374999 0.1273428890625 0.9194499015625001 0.12624035312499998 0.9263261296874999 0.128445425 0.9302554031250001 0.133958103125 0.928290765625 0.138919515625 0.917485265625
2 0.5650496140625 0.73084479375 0.5694597578125 0.7269155203125 0.5672546859375001 0.723968565625 0.56560088125 0.729862475 0.5628445421875 0.723968565625 0.5611907390625 0.724950884375 0.5562293281249999 0.74361493125 0.5545755234375 0.7534381140625 0.5562293281249999 0.7652259328125 0.56174200625 0.738703340625 0.5650496140625 0.73084479375
0 0.20507166406250002 0.5294695484374999 0.202315325 0.533398821875 0.202315325 0.5422396859374999 0.208379271875 0.5412573671875001 0.20782800468749998 0.530451865625 0.20507166406250002 0.5294695484374999
1 0.3643880921875 0.729862475 0.365490628125 0.7328094296875001 0.3726571109375 0.7337917484375 0.37651598750000004 0.7416502953124999 0.378169790625 0.7789783890625 0.3754134515625 0.788801571875 0.3754134515625 0.800589390625 0.382579934375 0.8123772109375 0.386438809375 0.8133595281250001 0.3880926125 0.8084479375000001 0.390297684375 0.8084479375000001 0.39525909531250003 0.8172888015625001 0.39525909531250003 0.8241650296874999 0.390297684375 0.8349705296875 0.390297684375 0.84675835 0.394156559375 0.8438113953125 0.40407938281250005 0.84675835 0.4084895265625 0.83300589375 0.40793825781250004 0.821218075 0.4035281140625 0.8094302546875 0.39581036406250003 0.7996070734375 0.3919514890625 0.789783890625 0.39250275625 0.777013753125 0.39911797187500003 0.762278978125 0.39856670312500003 0.74361493125 0.39966923906249996 0.73084479375 0.402976846875 0.7200392921875001 0.402425578125 0.7151277015625 0.394156559375 0.698428290625 0.386438809375 0.6905697453124999 0.38478500625 0.672888015625 0.3787210578125 0.6699410609374999 0.374310915625 0.673870334375 0.373759646875 0.6915520625 0.369349503125 0.7033398828124999 0.36824696874999996 0.722986246875 0.3643880921875 0.729862475
1 0.7546857765625 0.685658153125 0.7679162078124999 0.685658153125 0.7701212796875 0.6915520625 0.7701212796875 0.7072691546875001 0.77673649375 0.7072691546875001 0.7794928328124999 0.697445971875 0.778941565625 0.6905697453124999 0.77287761875 0.673870334375 0.76901874375 0.6689587421875001 0.768467475 0.6640471515625 0.7695700109375 0.6502946953125 0.7723263499999999 0.646365421875 0.7734288859375 0.63948919375 0.7734288859375 0.627701375 0.77673649375 0.61394891875 0.7761852265625 0.6051080546875001 0.766262403125 0.5736738703125 0.7651598671875 0.556974459375 0.757993384375 0.5550098234374999 0.7557883125 0.56286836875 0.7546857765625 0.6178781921875001 0.7574421171875 0.673870334375 0.75248070625 0.6817288796875001 0.7546857765625 0.685658153125
1 0.5738699 0.719056975 0.56615215 0.719056975 0.564498346875 0.723968565625 0.576626240625 0.735756384375 0.5733186328125 0.7534381140625 0.57056229375 0.7593320234375 0.5711135609375 0.7907662078125 0.5667034171875 0.8045186640624999 0.5733186328125 0.8084479375000001 0.5738699 0.8172888015625001 0.5777287765625 0.82023575625 0.5865490624999999 0.8133595281250001 0.5865490624999999 0.7838899796875001 0.599228225 0.7573673875 0.6003307609374999 0.7406679765625 0.5986769562500001 0.7170923375 0.597023153125 0.7131630640625 0.5981256890625 0.699410609375 0.5959206171875 0.6915520625 0.5898566703125 0.6817288796875001 0.5898566703125 0.672888015625 0.5859977953125 0.6660117875 0.581036384375 0.6660117875 0.576626240625 0.672888015625 0.5777287765625 0.684675834375 0.581036384375 0.6915520625 0.5777287765625 0.7151277015625 0.5738699 0.719056975
1 0.07828004375 0.99901768125 0.080485115625 0.994106090625 0.0815876515625 0.9823182718749999 0.076626240625 0.974459725 0.07442116875 0.9656188609375 0.0788313125 0.94793713125 0.0788313125 0.9361493125000001 0.0777287765625 0.9135559921875 0.072216096875 0.8929273078125 0.07442116875 0.87131630625 0.0738699 0.852652259375 0.06615214999999999 0.852652259375 0.0606394703125 0.85756385 0.0573318640625 0.8693516703125 0.0573318640625 0.8821218078124999 0.0490628453125 0.8978389 0.045755237500000004 0.91159135625 0.045755237500000004 0.93516699375 0.043550165625 0.953831040625 0.0446527015625 0.99901768125 0.07828004375 0.99901768125
1 0.16482910625 0.5412573671875001 0.1725468578125 0.5422396859374999 0.1725468578125 0.52652259375 0.179713340625 0.5216110015625001 0.1742006609375 0.5098231828124999 0.1747519296875 0.49607072656250006 0.1780595375 0.49115913593749994 0.1824696796875 0.494106090625 0.1830209484375 0.46267190625000004 0.18632855625 0.44990176875000004 0.18963616249999998 0.423379175 0.18632855625 0.417485265625 0.18357221562499998 0.417485265625 0.1764057328125 0.4312377203125 0.1681367140625 0.44007858593750004 0.16097023125 0.4587426328125 0.1664829109375 0.492141453125 0.163726571875 0.53732809375 0.16482910625 0.5412573671875001
1 0.5959206171875 0.7721021609375 0.59095920625 0.775049115625 0.59095920625 0.7838899796875001 0.601433296875 0.7829076625 0.6003307609374999 0.775049115625 0.5959206171875 0.7721021609375
1 0.600882028125 0.7023575640625 0.5997794921875 0.7220039296875 0.609151046875 0.723968565625 0.6168687984375001 0.7318271125 0.633958103125 0.7406679765625 0.6389195156249999 0.750491159375 0.64002205 0.7573673875 0.6433296578125 0.7593320234375 0.6460859984375 0.749508840625 0.6460859984375 0.737721021875 0.6378169796875001 0.7318271125 0.6334068359375 0.723968565625 0.622381478125 0.719056975 0.617420065625 0.70530451875 0.6168687984375001 0.65324165 0.6003307609374999 0.64243615 0.597023153125 0.6365422390625 0.59481808125 0.6237721015625 0.5859977953125 0.6247544203125 0.584895259375 0.659135559375 0.5865490624999999 0.6650294703124999 0.5986769562500001 0.6777996078124999 0.600882028125 0.7023575640625
1 0.5214994484375 0.5127701375 0.5220507171875 0.5412573671875001 0.5303197359375 0.5726915515625 0.5303197359375 0.6051080546875001 0.5418963609375 0.6051080546875001 0.542998896875 0.596267190625 0.539140021875 0.583497053125 0.5385887546875 0.5726915515625 0.535281146875 0.558939096875 0.535281146875 0.5432220046875 0.53748621875 0.532416503125 0.5358324140625 0.482318271875 0.5292171999999999 0.4616895875 0.5214994484375 0.46365422343749996 0.5214994484375 0.495088409375 0.5176405734375 0.50098231875 0.5170893046875 0.507858546875 0.5214994484375 0.5127701375
1 0.08324145468750001 0.99901768125 0.10859977968750001 0.99901768125 0.1102535828125 0.9901768171875001 0.10915104687499999 0.9528487234374999 0.1025358328125 0.9145383109375 0.09040793750000001 0.89685658125 0.0898566703125 0.88605108125 0.0876515984375 0.8811394890625 0.080485115625 0.878192534375 0.07442116875 0.88408644375 0.07331863281249999 0.89685658125 0.0777287765625 0.91159135625 0.08213891875 0.94990176875 0.08324145468750001 0.99901768125