2 0.19404630625 0.622789784375 0.2012127890625 0.622789784375 0.19955898593750002 0.6149312375 0.1890848953125 0.610019646875 0.1874310921875 0.6178781921875001 0.18357221562499998 0.609037328125 0.1780595375 0.608055009375 0.1764057328125 0.609037328125 0.1769570015625 0.6129666015625 0.18136714375000001 0.616895875 0.19404630625 0.622789784375
2 0.202315325 0.6296660125 0.20948180781249998 0.6296660125 0.212789415625 0.62671905625 0.2160970234375 0.6178781921875001 0.2155457546875 0.6129666015625 0.212789415625 0.610019646875 0.20672546875000003 0.61394891875 0.1934950390625 0.61394891875 0.1830209484375 0.609037328125 0.1769570015625 0.6110019640625 0.18191841250000002 0.616895875 0.1890848953125 0.6188605109374999 0.202315325 0.6296660125
2 0.45203969062500005 0.56286836875 0.46471885312500005 0.5677799609374999 0.47519294375000004 0.576620825 0.481808159375 0.576620825 0.48566703437500003 0.570726915625 0.4867695703125 0.5540275046875001 0.4823594265625 0.5550098234374999 0.4823594265625 0.558939096875 0.47850055156250004 0.5658153234375 0.47353914062499997 0.5677799609374999 0.46802646093750006 0.56286836875 0.4619625140625 0.56286836875 0.45644983437500003 0.5550098234374999 0.439911796875 0.545186640625 0.43384785 0.5383104125 0.43439911875000004 0.546168959375 0.4432194046875 0.5550098234374999 0.4476295484375 0.5559921421875 0.45203969062500005 0.56286836875
2 0.452590959375 0.51178781875 0.45148842343749995 0.504911590625 0.448732084375 0.5039292734374999 0.44818081562499995 0.5157170921875001 0.46085997812499996 0.533398821875 0.46582138906250004 0.533398821875 0.452590959375 0.51178781875
1 0.911245865625 0.492141453125 0.9084895265625 0.50098231875 0.9123484015625 0.5039292734374999 0.9140022046875 0.5088408640625001 0.9140022046875 0.55009823125 0.9167585453125 0.5736738703125 0.9206174203125 0.5785854609375 0.9349503859375 0.5785854609375 0.9388092609375001 0.570726915625 0.9305402421875 0.5530451859375 0.9266813671874999 0.53929273125 0.9310915109375 0.507858546875 0.929988975 0.47249508906250004 0.92557883125 0.453831040625 0.9217199562499999 0.44695481406250004 0.9200661515625 0.43222003906250006 0.915656009375 0.42730844843750004 0.907386990625 0.429273084375 0.9079382578124999 0.44891945 0.9123484015625 0.4587426328125 0.9101433296874999 0.47053045156250006 0.911245865625 0.492141453125
1 0.40738699062499995 0.76915520625 0.40793825781250004 0.7573673875 0.41345093750000006 0.749508840625 0.4184123484375 0.7544204328124999 0.4184123484375 0.770137525 0.41455347343750004 0.787819253125 0.41455347343750004 0.8055009828124999 0.40407938281250005 0.8133595281250001 0.40022050781249996 0.8418467578125 0.39636163125 0.84675835 0.39525909531250003 0.85756385 0.40077177500000005 0.8555992140625 0.4035281140625 0.8438113953125 0.4084895265625 0.8379174859375 0.4084895265625 0.8290766203125 0.41345093750000006 0.8172888015625001 0.43439911875000004 0.7907662078125 0.4393605296875 0.7976424359375 0.44266813593750004 0.8241650296874999 0.44266813593750004 0.84577603125 0.448732084375 0.851669940625 0.4509371546875 0.8438113953125 0.4492833515625 0.8349705296875 0.4492833515625 0.8035363453125001 0.4476295484375 0.7996070734375 0.448732084375 0.7789783890625 0.4465270125 0.748526521875 0.443770671875 0.735756384375 0.4432194046875 0.712180746875 0.43770672499999996 0.699410609375 0.42943770625 0.6935167 0.42833517031249996 0.6817288796875001 0.4244762953125 0.673870334375 0.4173098125 0.673870334375 0.41455347343750004 0.6807465625 0.41675854531249995 0.7023575640625 0.40959206249999996 0.7170923375 0.40407938281250005 0.749508840625 0.4035281140625 0.7662082515625 0.4057331859375 0.76915520625 0.40407938281250005 0.7711198421875001 0.40738699062499995 0.76915520625
1 0.7960308703125001 0.6512770140625 0.8009922828124999 0.648330059375 0.8042998890625 0.6502946953125 0.8081587656250001 0.6689587421875001 0.8081587656250001 0.6777996078124999 0.8042998890625 0.6944990171875001 0.8042998890625 0.71807465625 0.8158765156250001 0.7416502953124999 0.816427784375 0.7465618859375 0.8125689078124999 0.750491159375 0.8120176406249999 0.75540275 0.820286659375 0.75638506875 0.8208379265625 0.7721021609375 0.8257993390625 0.774066796875 0.8335170890624999 0.761296659375 0.834619625 0.7534381140625 0.8257993390625 0.7396856578125 0.8224917312500001 0.7288801578124999 0.8213891953125 0.7023575640625 0.828555678125 0.6827111984374999 0.8313120171874999 0.6571709234374999 0.83020948125 0.647347740625 0.8335170890624999 0.6434184671875001 0.8340683578125001 0.6365422390625 0.8291069453125001 0.6188605109374999 0.8213891953125 0.6060903734374999 0.8169790515625 0.6041257375 0.8092613015625 0.5943025546875 0.8031973546875 0.57563850625 0.7965821390625 0.5746561890625 0.7938258 0.5795677796875001 0.7971334062500001 0.6051080546875001 0.7927232640625 0.622789784375 0.7927232640625 0.6404715125 0.7960308703125001 0.6512770140625
1 0.427232634375 0.51178781875 0.4305402421875 0.52455795625 0.439911796875 0.546168959375 0.4476295484375 0.5530451859375 0.44818081562499995 0.5599214140625 0.452590959375 0.5618860515625 0.4558985671875 0.558939096875 0.45148842343749995 0.5540275046875001 0.4432194046875 0.5275049109375 0.4432194046875 0.519646365625 0.44818081562499995 0.507858546875 0.44707827968749997 0.5 0.443770671875 0.494106090625 0.44707827968749997 0.48526522656250004 0.44597574375000004 0.482318271875 0.4393605296875 0.481335953125 0.4349503859375 0.47347740624999995 0.4349503859375 0.45972495156250004 0.43880926093749995 0.45284872343749993 0.439911796875 0.4440078578125 0.4393605296875 0.43222003906250006 0.436052921875 0.428290765625 0.43164277812499996 0.428290765625 0.42833517031249996 0.443025540625 0.4222712234375 0.45284872343749993 0.42171995625 0.4567779953125 0.4266813671875 0.46561886093749993 0.42502756406250003 0.48624754374999996 0.427232634375 0.51178781875
1 0.907386990625 0.7003929265625 0.9079382578124999 0.710216109375 0.9101433296874999 0.7141453828125 0.9283351703125 0.722986246875 0.93825799375 0.723968565625 0.94597574375 0.7072691546875001 0.9558985671875 0.698428290625 0.948732084375 0.6954813359375 0.9448732078125 0.684675834375 0.948180815625 0.6709233796875 0.94597574375 0.6444007859374999 0.9388092609375001 0.61394891875 0.929988975 0.6001964640625 0.9288864390624999 0.584479371875 0.9250275640625001 0.5795677796875001 0.9173098124999999 0.5795677796875001 0.9145534734374999 0.5854616890625 0.9140022046875 0.5923379171875001 0.9162072765625 0.5982318265625 0.9167585453125 0.610019646875 0.9128996687500001 0.622789784375 0.911245865625 0.6571709234374999 0.90904079375 0.6660117875 0.9101433296874999 0.6768172890625 0.9145534734374999 0.6817288796875001 0.9128996687500001 0.6895874265625 0.907386990625 0.7003929265625
1 0.6742006609375 0.5550098234374999 0.6780595375 0.56286836875 0.6852260203125 0.5658153234375 0.691841234375 0.5667976421875001 0.6968026453125 0.5638506875 0.7006615218750001 0.5677799609374999 0.7034178609375 0.576620825 0.7034178609375 0.5874263265625 0.7006615218750001 0.5923379171875001 0.6995589859375 0.6001964640625 0.692392503125 0.609037328125 0.6885336265625 0.6178781921875001 0.6885336265625 0.62671905625 0.694597575 0.660117878125 0.6934950390625 0.671905696875 0.69018743125 0.6777996078124999 0.6907386984375 0.6817288796875001 0.704520396875 0.6807465625 0.69845645 0.6296660125 0.7012127890625 0.622789784375 0.70672546875 0.620825146875 0.712789415625 0.610019646875 0.717199559375 0.610019646875 0.7199558984375 0.6149312375 0.72326350625 0.62671905625 0.7326350609375 0.6434184671875001 0.737596471875 0.6571709234374999 0.7392502750000001 0.667976425 0.74366041875 0.6689587421875001 0.7464167578125 0.6620825140625 0.7403528109375 0.6444007859374999 0.7386990078125 0.6316306484374999 0.729327453125 0.6149312375 0.721058434375 0.5383104125 0.7133406828125 0.5275049109375 0.7094818078125 0.5039292734374999 0.7034178609375 0.5039292734374999 0.700110253125 0.5127701375 0.700110253125 0.533398821875 0.691841234375 0.5540275046875001 0.6742006609375 0.5550098234374999
1 0.12403528125 0.6316306484374999 0.1124586546875 0.648330059375 0.1003307609375 0.6561886046875001 0.0997794921875 0.672888015625 0.1025358328125 0.6777996078124999 0.1063947078125 0.6660117875 0.117420065625 0.65225933125 0.128445425 0.6493123765625 0.1295479609375 0.659135559375 0.1251378171875 0.6807465625 0.121830209375 0.6886051078125 0.13175303124999999 0.6935167 0.1416758546875 0.6886051078125 0.1416758546875 0.684675834375 0.134509371875 0.6777996078124999 0.134509371875 0.6689587421875001 0.1438809265625 0.63948919375 0.1416758546875 0.5982318265625 0.1438809265625 0.5923379171875001 0.14994487343750001 0.5923379171875001 0.15159867656249998 0.58840864375 0.151047409375 0.584479371875 0.1433296578125 0.576620825 0.1477398015625 0.5618860515625 0.1438809265625 0.5481335953124999 0.1438809265625 0.53929273125 0.1477398015625 0.52455795625 0.14718853437499999 0.518664046875 0.1394707828125 0.5166994109374999 0.13506063906250002 0.5216110015625001 0.1334068359375 0.532416503125 0.12624035312499998 0.5471512765625001 0.12458654843750001 0.5785854609375 0.12072767343749999 0.60117878125 0.12403528125 0.6188605109374999 0.12403528125 0.6316306484374999
1 0.589305403125 0.698428290625 0.5904079375 0.7062868375 0.5986769562500001 0.7062868375 0.605843440625 0.6581532421875 0.609151046875 0.65225933125 0.614112459375 0.65225933125 0.6201764062499999 0.647347740625 0.6378169796875001 0.673870334375 0.6433296578125 0.6915520625 0.647188534375 0.6944990171875001 0.6493936046875 0.7013752453125 0.6543550171875 0.7072691546875001 0.6598676953125 0.7072691546875001 0.6598676953125 0.698428290625 0.6565600875000001 0.6944990171875001 0.6477398015625 0.6699410609374999 0.6389195156249999 0.6561886046875001 0.634509371875 0.634577603125 0.634509371875 0.6178781921875001 0.630099228125 0.5992141453125 0.6295479609375 0.5893909625 0.6212789421875 0.570726915625 0.6201764062499999 0.5559921421875 0.6168687984375001 0.55009823125 0.6119073875 0.55009823125 0.6085997796875 0.5540275046875001 0.6085997796875 0.569744596875 0.6041896359375001 0.5785854609375 0.6025358328125 0.58840864375 0.6030871 0.6051080546875001 0.6074972437499999 0.627701375 0.597023153125 0.65324165 0.589305403125 0.698428290625
1 0.361080484375 0.56286836875 0.378169790625 0.557956778125 0.3831312015625 0.5550098234374999 0.38919514843749997 0.546168959375 0.39525909531250003 0.545186640625 0.3969129 0.5491159140625 0.39525909531250003 0.570726915625 0.40187431093750003 0.5726915515625 0.4084895265625 0.570726915625 0.40793825781250004 0.56286836875 0.40407938281250005 0.558939096875 0.402976846875 0.5471512765625001 0.40407938281250005 0.53929273125 0.41124586562500004 0.525540275 0.41675854531249995 0.52455795625 0.41786108125 0.5216110015625001 0.42116868749999997 0.5235756390625 0.43164277812499996 0.5412573671875001 0.43384785 0.5412573671875001 0.4327453140625 0.530451865625 0.42613009999999996 0.5098231828124999 0.4244762953125 0.4842829078125 0.42557883125 0.46267190625000004 0.42116868749999997 0.45776031406250006 0.41565600937499997 0.46561886093749993 0.4084895265625 0.469548134375 0.39966923906249996 0.482318271875 0.39966923906249996 0.48624754374999996 0.386438809375 0.5088408640625001 0.38478500625 0.517681728125 0.385887540625 0.532416503125 0.3814773984375 0.545186640625 0.3588754140625 0.5530451859375 0.3550165375 0.5599214140625 0.35556780625 0.5687622796875 0.3588754140625 0.5677799609374999 0.361080484375 0.56286836875
1 0.30595369375 0.92436149375 0.308158765625 0.9322200390625 0.308158765625 0.9597249515625 0.3114663734375 0.9705304515625001 0.3131201765625 0.9891944984375 0.31587651562499997 0.99901768125 0.32524807031249997 0.99901768125 0.32579933906249997 0.9921414531250001 0.3230429984375 0.9813359531250001 0.32414553437500004 0.9675834968749999 0.3296582140625 0.9567779953125 0.33076075 0.93713163125 0.33902976875 0.89685658125 0.3417861078125 0.8929273078125 0.34288864375 0.88605108125 0.3417861078125 0.84577603125 0.3373759640625 0.8339882125000001 0.32635060625 0.8280943031250001 0.3274531421875 0.8045186640624999 0.32249173125 0.7976424359375 0.31863285625 0.7976424359375 0.3131201765625 0.8064833 0.3153252484375 0.826129665625 0.305402425 0.8349705296875 0.30154355 0.8428290765625001 0.29988974687500003 0.8487229859375001 0.29988974687500003 0.877210215625 0.3042998890625 0.89882121875 0.30595369375 0.92436149375
1 0.8131201765625 0.596267190625 0.8175303203125001 0.6041257375 0.8213891953125 0.6051080546875001 0.8252480703125 0.6110019640625 0.8340683578125001 0.6365422390625 0.834619625 0.647347740625 0.83020948125 0.6630648328125 0.8291069453125001 0.6905697453124999 0.8384785000000001 0.712180746875 0.8384785000000001 0.719056975 0.8340683578125001 0.725933203125 0.8340683578125001 0.729862475 0.8357221609375 0.7328094296875001 0.8500551265625 0.7318271125 0.8517089312499999 0.722986246875 0.8450937156249999 0.710216109375 0.8434399125 0.6944990171875001 0.85997795 0.699410609375 0.8676957 0.7062868375 0.8732083796874999 0.7023575640625 0.8710033078125001 0.698428290625 0.8660418968749999 0.698428290625 0.8472987875 0.6768172890625 0.8472987875 0.6571709234374999 0.8500551265625 0.6493123765625 0.8511576625 0.635559921875 0.8434399125 0.616895875 0.8423373765625 0.60117878125 0.8296582140625001 0.5795677796875001 0.8224917312500001 0.5726915515625 0.8208379265625 0.56286836875 0.8169790515625 0.558939096875 0.80981256875 0.558939096875 0.8087100328125001 0.56286836875 0.80981256875 0.570726915625 0.8125689078124999 0.57563850625 0.8131201765625 0.596267190625