2 0.9685777281249999 0.571709234375 0.9707828 0.5638506875 0.9807056234375 0.558939096875 0.989525909375 0.55009823125 0.99558985625 0.5412573671875001 0.99558985625 0.53732809375 0.9911797140624999 0.53732809375 0.9928335171875 0.5432220046875 0.9917309812499999 0.545186640625 0.9867695703124999 0.5422396859374999 0.9718853359375 0.5618860515625 0.960308709375 0.571709234375 0.9520396906249999 0.5726915515625 0.9492833515625 0.576620825 0.9503858875000001 0.5805500984374999 0.960859978125 0.5795677796875001 0.9685777281249999 0.571709234375
2 0.6598676953125 0.6817288796875001 0.6576626234375 0.6748526515625 0.6482910687500001 0.7023575640625 0.647188534375 0.712180746875 0.651047409375 0.710216109375 0.654906284375 0.7023575640625 0.6598676953125 0.6817288796875001
2 0.9117971328125 0.7996070734375 0.9178610812500001 0.80746561875 0.9250275640625001 0.8084479375000001 0.9404630656249999 0.7917485265625 0.973539140625 0.7662082515625 0.9746416765625 0.7583497046875001 0.9707828 0.7593320234375 0.9305402421875 0.7956778 0.9222712234375001 0.7976424359375 0.911245865625 0.7907662078125 0.9117971328125 0.7996070734375
2 0.7034178609375 0.627701375 0.7028665937499999 0.633595284375 0.7056229328125 0.633595284375 0.716648290625 0.616895875 0.717199559375 0.609037328125 0.712789415625 0.6110019640625 0.7061742 0.622789784375 0.7083792718749999 0.62671905625 0.70672546875 0.6306483296875001 0.7034178609375 0.627701375
2 0.133958103125 0.65225933125 0.13009922812500002 0.648330059375 0.1273428890625 0.6493123765625 0.1273428890625 0.6620825140625 0.13065049687500002 0.6689587421875001 0.133958103125 0.6689587421875001 0.133958103125 0.65225933125
2 0.599228225 0.9332023578124999 0.600882028125 0.9390962671875001 0.6052921718750001 0.9410609031250001 0.6041896359375001 0.9204322203125 0.5997794921875 0.9145383109375 0.59536935 0.8673870328125 0.5920617421875 0.8742632609375001 0.592613009375 0.8880157171875 0.5981256890625 0.917485265625 0.5964718859375 0.9312377203125 0.599228225 0.9332023578124999
2 0.105843440625 0.6650294703124999 0.0997794921875 0.6689587421875001 0.100882028125 0.6748526515625 0.1157662625 0.671905696875 0.1124586546875 0.6650294703124999 0.105843440625 0.6650294703124999
2 0.665380375 0.6817288796875001 0.6692392500000001 0.6660117875 0.6722712234375 0.661100196875 0.6708930546875 0.6561886046875001 0.6642778390624999 0.6640471515625 0.6604189640625 0.6640471515625 0.6598676953125 0.6709233796875 0.65711135625 0.671905696875 0.6521499453125 0.6944990171875001 0.6477398015625 0.7043222 0.647188534375 0.711198428125 0.6527012125 0.7072691546875001 0.6604189640625 0.684675834375 0.66482910625 0.6895874265625 0.6620727671875 0.684675834375 0.665380375 0.6817288796875001
2 0.8042998890625 0.9891944984375 0.8031973546875 0.9783889984374999 0.799889746875 0.97347740625 0.7965821390625 0.97544204375 0.7960308703125001 0.9842829078124999 0.7987872109375 0.99901768125 0.807607496875 0.99901768125 0.8042998890625 0.9891944984375
2 0.5981256890625 0.9263261296874999 0.59536935 0.928290765625 0.5981256890625 0.9341846765625 0.595962928125 0.938718609375 0.5986769562500001 0.9341846765625 0.6047409046875 0.9410609031250001 0.6030871 0.93516699375 0.6030871 0.9204322203125 0.5986769562500001 0.9194499015625001 0.5981256890625 0.9263261296874999
2 0.5898566703125 0.94891945 0.594876290625 0.940533896875 0.5915104734375001 0.93516699375 0.5876515984374999 0.9440078578125 0.58710033125 0.94891945 0.5898566703125 0.94891945
2 0.4173098125 0.994106090625 0.4173098125 0.9872298625000001 0.415104740625 0.9823182718749999 0.4084895265625 0.9823182718749999 0.4057331859375 0.9852652265625 0.40518191875 0.994106090625 0.40959206249999996 0.99901768125 0.41455347343750004 0.99901768125 0.4173098125 0.994106090625
1 0.42171995625 0.9273084484374999 0.42833517031249996 0.9459724953125 0.43109151093750003 0.9616895875000001 0.42557883125 0.9783889984374999 0.42392502812500005 0.98821218125 0.4244762953125 0.99901768125 0.429988975 0.99901768125 0.43329658281250005 0.9911591359375 0.44266813593750004 0.9911591359375 0.452590959375 0.97544204375 0.46085997812499996 0.9901768171875001 0.46306505 0.99901768125 0.4696802640625 0.99901768125 0.469128996875 0.9872298625000001 0.465270121875 0.980353634375 0.46306505 0.9400785859375 0.45534729843750005 0.9125736734375 0.45644983437500003 0.903732809375 0.460308709375 0.9017681734374999 0.4614112453125 0.8978389 0.46085997812499996 0.891944990625 0.4536934953125 0.8889980359375 0.44707827968749997 0.8821218078124999 0.4349503859375 0.8821218078124999 0.4327453140625 0.8693516703125 0.4288864390625 0.8634577609375 0.42116868749999997 0.8673870328125 0.41896361562499995 0.878192534375 0.42557883125 0.8948919453125 0.42171995625 0.9145383109375 0.42171995625 0.9273084484374999
1 0.7177508265625 0.6060903734374999 0.7205071671875001 0.609037328125 0.7265711140625 0.595284871875 0.7287761859375 0.6051080546875001 0.7216097015625 0.62671905625 0.7188533625 0.6640471515625 0.7227122375 0.6640471515625 0.73098125625 0.6306483296875001 0.7381477390625 0.622789784375 0.742006615625 0.6316306484374999 0.74366041875 0.6434184671875001 0.7519294375000001 0.6561886046875001 0.7519294375000001 0.66699410625 0.7546857765625 0.673870334375 0.7557883125 0.6886051078125 0.7596471890625 0.6905697453124999 0.7613009921875 0.6886051078125 0.762403528125 0.6777996078124999 0.757993384375 0.6660117875 0.75633958125 0.65324165 0.75248070625 0.6453831046875 0.7486218296875 0.62671905625 0.7491730984375 0.5805500984374999 0.74751929375 0.571709234375 0.7353913999999999 0.5540275046875001 0.7331863281250001 0.53732809375 0.72712238125 0.53732809375 0.7260198453125 0.5402750484375 0.7260198453125 0.557956778125 0.72326350625 0.5658153234375 0.72326350625 0.5795677796875001 0.7177508265625 0.6060903734374999
1 0.9762954796875001 0.7583497046875001 0.9796030874999999 0.7652259328125 0.976846746875 0.7711198421875001 0.9762954796875001 0.7917485265625 0.973539140625 0.80746561875 0.966923925 0.8163064828125 0.96306505 0.8172888015625001 0.96306505 0.821218075 0.973539140625 0.8290766203125 0.9807056234375 0.8290766203125 0.9796030874999999 0.8045186640624999 0.985115765625 0.800589390625 0.9867695703124999 0.8133595281250001 0.9900771781250001 0.8172888015625001 0.996141125 0.8369351671875 0.9966923921875 0.84577603125 0.9911797140624999 0.851669940625 0.9911797140624999 0.85756385 0.9994487328125 0.8595284875000001 0.9994487328125 0.8438113953125 0.9972436609375 0.8438113953125 0.9966923921875 0.840864440625 0.9994487328125 0.8385726921875 0.9994487328125 0.8123772109375 0.9966923921875 0.80746561875 0.9966923921875 0.7986247546875 0.9994487328125 0.7956778 0.9994487328125 0.722986246875 0.9823594265625 0.7043222 0.9807056234375 0.6944990171875001 0.9779492828125 0.6905697453124999 0.973539140625 0.6886051078125 0.9691289968750001 0.6915520625 0.9691289968750001 0.7033398828124999 0.9762954796875001 0.7170923375 0.9785005515625 0.7416502953124999 0.9762954796875001 0.7583497046875001
1 0.0898566703125 0.724950884375 0.092613009375 0.7652259328125 0.09536934999999999 0.770137525 0.09867695625 0.76915520625 0.1003307609375 0.7583497046875001 0.097023153125 0.7426326125 0.0997794921875 0.729862475 0.10308710000000001 0.7278978390625 0.1130099234375 0.7583497046875001 0.113561190625 0.774066796875 0.1163175296875 0.7779960703125 0.122381478125 0.7779960703125 0.122381478125 0.7671905703124999 0.11852260156250001 0.7573673875 0.11852260156250001 0.750491159375 0.113561190625 0.7347740671875 0.1124586546875 0.724950884375 0.10915104687499999 0.71807465625 0.10859977968750001 0.7072691546875001 0.10308710000000001 0.6836935171875 0.1041896359375 0.672888015625 0.10970231562499999 0.671905696875 0.1124586546875 0.667976425 0.10749724375 0.6640471515625 0.101433296875 0.65324165 0.0997794921875 0.635559921875 0.092613009375 0.620825146875 0.09095920625000001 0.6021611 0.0826901875 0.6021611 0.081036384375 0.6257367390625 0.07828004375 0.6296660125 0.07056229375 0.6571709234374999 0.070011025 0.667976425 0.0777287765625 0.678781925 0.0815876515625 0.7062868375 0.0898566703125 0.724950884375
1 0.74751929375 0.48821218125000004 0.7386990078125 0.49115913593749994 0.737596471875 0.495088409375 0.7392502750000001 0.49901768124999996 0.7513781703125 0.49803536406250004 0.74751929375 0.48821218125000004
1 0.7442116875 0.44499017656250006 0.7425578828125 0.4567779953125 0.74366041875 0.474459725 0.7469680265624999 0.47838899843749993 0.74751929375 0.48330058906250006 0.7491730984375 0.47642436093749996 0.7546857765625 0.47053045156250006 0.7574421171875 0.47838899843749993 0.7635060640625 0.48330058906250006 0.7679162078124999 0.49115913593749994 0.768467475 0.5039292734374999 0.77287761875 0.5039292734374999 0.77673649375 0.49607072656250006 0.77673649375 0.49115913593749994 0.76405733125 0.469548134375 0.7651598671875 0.4518664046875 0.7635060640625 0.44695481406250004 0.7635060640625 0.43222003906250006 0.7651598671875 0.41944990156250006 0.7552370453125 0.389980353125 0.7519294375000001 0.38605108125 0.74751929375 0.38605108125 0.745865490625 0.390962671875 0.7464167578125 0.4076620828125 0.7431091515625 0.41944990156250006 0.7431091515625 0.4263261296875 0.74751929375 0.4332023578125 0.74751929375 0.4390962671875 0.7442116875 0.44499017656250006
1 0.65711135625 0.7200392921875001 0.659316428125 0.719056975 0.6604189640625 0.7043222 0.66482910625 0.6836935171875 0.6703417859374999 0.673870334375 0.673098125 0.6748526515625 0.6769570015624999 0.6935167 0.6780595375 0.736738703125 0.6824696796875 0.74459725 0.6841234843749999 0.7416502953124999 0.6824696796875 0.6660117875 0.6852260203125 0.620825146875 0.6819184125 0.610019646875 0.671995590625 0.60117878125 0.6692392500000001 0.595284871875 0.6692392500000001 0.58840864375 0.665380375 0.584479371875 0.6604189640625 0.5854616890625 0.658765159375 0.5893909625 0.6598676953125 0.6021611 0.6560088203125 0.610019646875 0.655457553125 0.6178781921875001 0.6598676953125 0.6620825140625 0.6560088203125 0.6758349703125 0.65325248125 0.7141453828125 0.65711135625 0.7200392921875001
1 0.5606394703124999 0.787819253125 0.564498346875 0.7848722984375 0.5650496140625 0.800589390625 0.5689084890625 0.8104125734375 0.5694597578125 0.8241650296874999 0.5738699 0.8290766203125 0.5804851156249999 0.8497053046874999 0.58213891875 0.878192534375 0.5793825796875 0.88605108125 0.5793825796875 0.8929273078125 0.5876515984374999 0.8939096265625001 0.5904079375 0.88605108125 0.5904079375 0.877210215625 0.5898566703125 0.8595284875000001 0.5859977953125 0.8339882125000001 0.59095920625 0.8241650296874999 0.59095920625 0.8123772109375 0.5898566703125 0.788801571875 0.5854465265625 0.7671905703124999 0.5815876515625 0.7534381140625 0.5777287765625 0.7465618859375 0.570011025 0.7416502953124999 0.568357221875 0.7288801578124999 0.564498346875 0.724950884375 0.5567805953125 0.729862475 0.5562293281249999 0.750491159375 0.5534729875 0.7583497046875001 0.5551267921874999 0.7986247546875 0.5584343984375 0.7986247546875 0.5606394703124999 0.79469548125 0.5606394703124999 0.787819253125
1 0.3732083796875 0.699410609375 0.3732083796875 0.7062868375 0.3809261296875 0.7062868375 0.3836824703125 0.7023575640625 0.3831312015625 0.672888015625 0.3853362734375 0.6660117875 0.386438809375 0.647347740625 0.390297684375 0.648330059375 0.3969129 0.6640471515625 0.40738699062499995 0.6650294703124999 0.41345093750000006 0.678781925 0.4184123484375 0.6777996078124999 0.41896361562499995 0.671905696875 0.41565600937499997 0.6571709234374999 0.406835721875 0.6552062875 0.40022050781249996 0.646365421875 0.39966923906249996 0.6119842828125 0.402425578125 0.6051080546875001 0.402976846875 0.597249509375 0.39856670312500003 0.5795677796875001 0.3914002203125 0.5667976421875001 0.390848953125 0.5559921421875 0.3880926125 0.55009823125 0.382028665625 0.55009823125 0.3809261296875 0.5540275046875001 0.3809261296875 0.5618860515625 0.378169790625 0.5726915515625 0.378169790625 0.58840864375 0.3748621828125 0.6021611 0.3748621828125 0.6119842828125 0.3787210578125 0.6188605109374999 0.378169790625 0.6886051078125 0.3732083796875 0.699410609375