2 0.8406835718749999 0.723968565625 0.83517089375 0.723968565625 0.8131201765625 0.74459725 0.8131201765625 0.750491159375 0.8169790515625 0.749508840625 0.8401323046875 0.7278978390625 0.8406835718749999 0.723968565625
2 0.9432194046875001 0.774066796875 0.9426681359375 0.770137525 0.929988975 0.7583497046875001 0.929988975 0.7711198421875001 0.9349503859375 0.7779960703125 0.9393605296875001 0.7789783890625 0.9432194046875001 0.774066796875
2 0.502205071875 0.6237721015625 0.4994487328125 0.6178781921875001 0.496141125 0.6188605109374999 0.49558985624999996 0.647347740625 0.49834619687500004 0.648330059375 0.5005512671875 0.6434184671875001 0.502205071875 0.6237721015625
2 0.4432194046875 0.685658153125 0.4432194046875 0.6827111984374999 0.4349503859375 0.685658153125 0.42502756406250003 0.6827111984374999 0.4244762953125 0.69253438125 0.42833517031249996 0.698428290625 0.4327453140625 0.697445971875 0.4432194046875 0.685658153125
2 0.19955898593750002 0.673870334375 0.1957001109375 0.672888015625 0.1868798234375 0.684675834375 0.1830209484375 0.6915520625 0.18357221562499998 0.6944990171875001 0.1912899671875 0.6905697453124999 0.19955898593750002 0.673870334375
2 0.2205071671875 0.635559921875 0.2122381484375 0.65225933125 0.212789415625 0.659135559375 0.21719955937500002 0.6552062875 0.22657111406250002 0.633595284375 0.2205071671875 0.635559921875
1 0.8434399125 0.6886051078125 0.834619625 0.6905697453124999 0.834619625 0.6944990171875001 0.8373759640625 0.697445971875 0.849503859375 0.697445971875 0.8522601984374999 0.7023575640625 0.853362734375 0.7141453828125 0.8511576625 0.73084479375 0.8544652703125 0.7406679765625 0.8550165375000001 0.749508840625 0.869900771875 0.78192534375 0.8649393609375 0.7937131625 0.869349503125 0.7966601171875001 0.8809261296875001 0.7956778 0.8814773984375 0.7907662078125 0.8748621828124999 0.762278978125 0.8687982359375 0.7475442046875 0.869349503125 0.7288801578124999 0.8726571109375 0.7082514734375 0.8676957 0.672888015625 0.85997795 0.6561886046875001 0.8566703421874999 0.6552062875 0.8522601984374999 0.647347740625 0.8511576625 0.635559921875 0.848952590625 0.6316306484374999 0.8406835718749999 0.6316306484374999 0.83902976875 0.6365422390625 0.83902976875 0.6493123765625 0.8439911796875 0.661100196875 0.8450937156249999 0.6807465625 0.8434399125 0.6886051078125
1 0.5011025359375 0.5893909625 0.5 0.609037328125 0.4966923921875 0.6149312375 0.49558985624999996 0.622789784375 0.49558985624999996 0.64145383125 0.5 0.65324165 0.49834619687500004 0.6709233796875 0.5027563390625 0.672888015625 0.5077177515625 0.66699410625 0.5093715546875 0.6561886046875001 0.5192943765625 0.6571709234374999 0.5214994484375 0.65324165 0.5214994484375 0.648330059375 0.518191840625 0.64145383125 0.514332965625 0.621807465625 0.5170893046875 0.6051080546875001 0.5170893046875 0.58840864375 0.5126791625 0.5677799609374999 0.5038588749999999 0.5550098234374999 0.5011025359375 0.5432220046875 0.49558985624999996 0.5422396859374999 0.4928335171875 0.5471512765625001 0.4928335171875 0.5550098234374999 0.4966923921875 0.5658153234375 0.5011025359375 0.5893909625
1 0.9476295484374999 0.9204322203125 0.9371554578125 0.9410609031250001 0.9415656015625 0.953831040625 0.9388092609375001 0.9970530453125 0.9470782796874999 0.99901768125 0.948180815625 0.995088409375 0.9509371546875001 0.995088409375 0.9558985671875 0.98821218125 0.964718853125 0.99901768125 0.977398015625 0.99901768125 0.976846746875 0.994106090625 0.9685777281249999 0.980353634375 0.9696802640625 0.953831040625 0.9718853359375 0.943025540625 0.9707828 0.9165029468749999 0.973539140625 0.902750490625 0.9729878718749999 0.8811394890625 0.9685777281249999 0.8644400781250001 0.9636163171875 0.8555992140625 0.96306505 0.8369351671875 0.960308709375 0.8310412578124999 0.9558985671875 0.826129665625 0.9520396906249999 0.826129665625 0.948180815625 0.8339882125000001 0.9509371546875001 0.84675835 0.9520396906249999 0.8673870328125 0.9476295484374999 0.8821218078124999 0.9476295484374999 0.9204322203125
1 0.233737596875 0.6316306484374999 0.2348401328125 0.635559921875 0.231532525 0.6434184671875001 0.2326350609375 0.646365421875 0.23594266875 0.646365421875 0.2403528109375 0.6404715125 0.2425578828125 0.64243615 0.2469680265625 0.66699410625 0.2546857765625 0.678781925 0.25633958125 0.6886051078125 0.26130099218749997 0.6886051078125 0.26405733124999997 0.684675834375 0.25633958125 0.6699410609374999 0.257993384375 0.6650294703124999 0.26405733124999997 0.6650294703124999 0.2811466375 0.673870334375 0.2861080484375 0.6817288796875001 0.28941565625 0.678781925 0.2866593171875 0.6689587421875001 0.282800440625 0.6689587421875001 0.2695700109375 0.6571709234374999 0.2635060640625 0.6365422390625 0.25192943749999996 0.6110019640625 0.24366041875 0.5992141453125 0.2431091515625 0.5923379171875001 0.23869900781250003 0.584479371875 0.2348401328125 0.5854616890625 0.233186328125 0.59037328125 0.2342888640625 0.6178781921875001 0.21830209531250003 0.63948919375 0.21664829062500002 0.647347740625 0.2205071671875 0.646365421875 0.2227122375 0.6404715125 0.233737596875 0.6316306484374999
1 0.055126792187499996 0.6817288796875001 0.0441014328125 0.6895874265625 0.0385887546875 0.7033398828124999 0.039140021875 0.711198428125 0.07442116875 0.711198428125 0.0777287765625 0.7062868375 0.080485115625 0.6886051078125 0.0777287765625 0.673870334375 0.0777287765625 0.6178781921875001 0.080485115625 0.60117878125 0.0749724359375 0.5923379171875001 0.070011025 0.5923379171875001 0.06560088124999999 0.597249509375 0.06504961406250001 0.6129666015625 0.059536934374999996 0.6237721015625 0.056229328125 0.6434184671875001 0.055126792187499996 0.6817288796875001
1 0.9785005515625 0.719056975 0.976846746875 0.7269155203125 0.9663726578125 0.7406679765625 0.9680264609375 0.7465618859375 0.9658213890624999 0.748526521875 0.985667034375 0.7529469546875001 0.985115765625 0.761296659375 0.977398015625 0.7789783890625 0.9779492828125 0.788801571875 0.9867695703124999 0.8143418468749999 0.9862183015625 0.8251473484374999 0.9823594265625 0.8310412578124999 0.981256890625 0.8379174859375 0.9994487328125 0.8379174859375 0.9994487328125 0.826129665625 0.996141125 0.8231827109375001 0.9939360531249999 0.8045186640624999 0.98787210625 0.7858546171875 0.9884233734375 0.7799607078124999 0.9994487328125 0.775049115625 0.9994487328125 0.7161100203124999 0.9966923921875 0.7141453828125 0.99558985625 0.699410609375 0.9834619625000001 0.6817288796875001 0.9801543546874999 0.667976425 0.973539140625 0.6620825140625 0.9702315328125 0.6640471515625 0.9685777281249999 0.6699410609374999 0.9691289968750001 0.6807465625 0.97519294375 0.6915520625 0.97519294375 0.7023575640625 0.9785005515625 0.719056975
1 0.1725468578125 0.6149312375 0.1780595375 0.6070726921875 0.1934950390625 0.62671905625 0.19900771718750002 0.6385068765625 0.2034178609375 0.6385068765625 0.20286659375 0.6306483296875001 0.1957001109375 0.620825146875 0.1934950390625 0.610019646875 0.1868798234375 0.596267190625 0.1868798234375 0.583497053125 0.1912899671875 0.5746561890625 0.19018743124999998 0.5638506875 0.1824696796875 0.55108055 0.1780595375 0.5491159140625 0.173098125 0.53732809375 0.1686879828125 0.5383104125 0.16758544687500002 0.55009823125 0.1642778390625 0.558939096875 0.165380375 0.62671905625 0.16758544687500002 0.6306483296875001 0.171995590625 0.6296660125 0.1725468578125 0.6149312375
1 0.4432194046875 0.6817288796875001 0.44597574375000004 0.684675834375 0.452590959375 0.678781925 0.45479603125 0.6827111984374999 0.4509371546875 0.710216109375 0.45314222656250003 0.722986246875 0.4597574421875 0.736738703125 0.45920617343750003 0.7406679765625 0.45479603125 0.7455795671875001 0.45479603125 0.749508840625 0.45644983437500003 0.7524557953125 0.4619625140625 0.7524557953125 0.46802646093750006 0.748526521875 0.46802646093750006 0.7416502953124999 0.465270121875 0.735756384375 0.46306505 0.7210216109375 0.46085997812499996 0.71807465625 0.460308709375 0.710216109375 0.465270121875 0.7023575640625 0.469128996875 0.7033398828124999 0.4823594265625 0.724950884375 0.4834619625 0.7347740671875 0.4873208375 0.736738703125 0.49007717812499996 0.7278978390625 0.481808159375 0.7062868375 0.4740904078125 0.6935167 0.47188533593750004 0.672888015625 0.46582138906250004 0.6552062875 0.46306505 0.63948919375 0.457001103125 0.6296660125 0.45314222656250003 0.6149312375 0.45038588749999997 0.6110019640625 0.44432194062499997 0.6149312375 0.443770671875 0.6178781921875001 0.44432194062499997 0.6257367390625 0.4476295484375 0.633595284375 0.4509371546875 0.6660117875 0.4432194046875 0.6817288796875001
1 0.2899669234375 0.99901768125 0.291069459375 0.97544204375 0.2982359421875 0.94990176875 0.2982359421875 0.9361493125000001 0.2943770671875 0.9145383109375 0.2899669234375 0.9076620828124999 0.283351709375 0.903732809375 0.2822491734375 0.8762278984374999 0.27949283281250004 0.8693516703125 0.27177508281249996 0.8683693515625001 0.26901874375 0.872298625 0.26791620781250003 0.9056974453125 0.257993384375 0.9273084484374999 0.2535832421875 0.9459724953125 0.2535832421875 0.9616895875000001 0.26019845625000004 0.9813359531250001 0.2568908484375 0.99901768125 0.2899669234375 0.99901768125