1 0.6251378171875001 0.65324165 0.622381478125 0.65225933125 0.622381478125 0.6640471515625 0.626240353125 0.667976425 0.630650496875 0.6650294703124999 0.6251378171875001 0.65324165
1 0.6493936046875 0.65225933125 0.6482910687500001 0.6640471515625 0.6543550171875 0.6650294703124999 0.6576626234375 0.6512770140625 0.66097023125 0.648330059375 0.6637265718750001 0.65324165 0.6659316421875 0.6660117875 0.665380375 0.671905696875 0.6598676953125 0.684675834375 0.6604189640625 0.719056975 0.655457553125 0.729862475 0.6560088203125 0.736738703125 0.6626240359375 0.736738703125 0.6659316421875 0.7318271125 0.665380375 0.7200392921875001 0.6708930546875 0.6886051078125 0.6769570015624999 0.6905697453124999 0.6912899671875 0.7072691546875001 0.6934950390625 0.711198428125 0.6912899671875 0.71807465625 0.691841234375 0.723968565625 0.6990077171875 0.722986246875 0.7012127890625 0.7072691546875001 0.6968026453125 0.698428290625 0.6824696796875 0.6807465625 0.6819184125 0.64243615 0.679713340625 0.6316306484374999 0.6753031968750001 0.6237721015625 0.6626240359375 0.61394891875 0.658765159375 0.5992141453125 0.65325248125 0.5982318265625 0.6488423375 0.6021611 0.6482910687500001 0.6070726921875 0.6521499453125 0.6188605109374999 0.6521499453125 0.6444007859374999 0.6493936046875 0.65225933125
1 0.523153253125 0.723968565625 0.5259095921875 0.719056975 0.5259095921875 0.711198428125 0.5220507171875 0.7072691546875001 0.5170893046875 0.7072691546875001 0.5176405734375 0.7200392921875001 0.5203969125000001 0.723968565625 0.523153253125 0.723968565625
1 0.5 0.635559921875 0.5005512671875 0.6699410609374999 0.49724366093750005 0.6777996078124999 0.49724366093750005 0.6827111984374999 0.5038588749999999 0.697445971875 0.5165380374999999 0.7062868375 0.5159867703125001 0.6817288796875001 0.5132304296875 0.6768172890625 0.5132304296875 0.6699410609374999 0.518191840625 0.647347740625 0.5198456453125 0.6129666015625 0.5159867703125001 0.6021611 0.5055126796875 0.6001964640625 0.5005512671875 0.5795677796875001 0.493936053125 0.5795677796875001 0.49228224843749996 0.582514734375 0.49007717812499996 0.620825146875 0.4840132296875 0.627701375 0.4834619625 0.6316306484374999 0.5 0.635559921875
1 0.7056229328125 0.5943025546875 0.7083792718749999 0.5982318265625 0.7083792718749999 0.6453831046875 0.7122381484375 0.6660117875 0.7111356125 0.6817288796875001 0.7072767359375 0.69253438125 0.717199559375 0.6944990171875001 0.721058434375 0.6895874265625 0.7183020953125 0.6404715125 0.7227122375 0.6149312375 0.72326350625 0.571709234375 0.7199558984375 0.53732809375 0.717199559375 0.533398821875 0.7138919515625 0.533398821875 0.7094818078125 0.5422396859374999 0.7111356125 0.5638506875 0.7083792718749999 0.5874263265625 0.7056229328125 0.5893909625 0.7056229328125 0.5943025546875
1 0.518191840625 0.6905697453124999 0.5176405734375 0.7003929265625 0.5242557890625 0.7033398828124999 0.526460859375 0.712180746875 0.5259095921875 0.776031434375 0.52094818125 0.787819253125 0.523153253125 0.7917485265625 0.5292171999999999 0.7927308453124999 0.533076075 0.788801571875 0.5336273421875 0.76915520625 0.5402425578125001 0.7711198421875001 0.5402425578125001 0.776031434375 0.5468577734375 0.7799607078124999 0.551267915625 0.7789783890625 0.551819184375 0.7711198421875001 0.5501653796875 0.736738703125 0.5474090406250001 0.7318271125 0.5490628453124999 0.7072691546875001 0.5474090406250001 0.6561886046875001 0.535281146875 0.64145383125 0.5336273421875 0.6257367390625 0.5259095921875 0.62868369375 0.5259095921875 0.6552062875 0.5214994484375 0.6777996078124999 0.5214994484375 0.6886051078125 0.518191840625 0.6905697453124999
1 0.1163175296875 0.88605108125 0.1273428890625 0.86051080625 0.13009922812500002 0.8595284875000001 0.13175303124999999 0.8644400781250001 0.1289966921875 0.8998035359375001 0.1289966921875 0.9253438109375001 0.1433296578125 0.9852652265625 0.1438809265625 0.99901768125 0.150496140625 0.99901768125 0.151047409375 0.9911591359375 0.16482910625 0.9872298625000001 0.16482910625 0.9616895875000001 0.163175303125 0.9528487234374999 0.155457553125 0.93516699375 0.15600882031250002 0.903732809375 0.15711135625 0.9007858546874999 0.159316428125 0.902750490625 0.16097023125 0.9184675828125 0.165380375 0.917485265625 0.16923925 0.8889980359375 0.16923925 0.8624754421875 0.163726571875 0.8428290765625001 0.15214994531249998 0.826129665625 0.15159867656249998 0.8084479375000001 0.14829106875 0.8045186640624999 0.1416758546875 0.8045186640624999 0.1394707828125 0.80746561875 0.1372657109375 0.815324165625 0.1378169796875 0.827111984375 0.13009922812500002 0.8339882125000001 0.11852260156250001 0.8595284875000001 0.1157662625 0.87328094375 0.1119073875 0.8821218078124999 0.1124586546875 0.8889980359375 0.1163175296875 0.88605108125
1 0.17750826875 0.5235756390625 0.18191841250000002 0.533398821875 0.1857772875 0.533398821875 0.19018743124999998 0.5383104125 0.1912899671875 0.55009823125 0.19900771718750002 0.55009823125 0.19955898593750002 0.546168959375 0.196251378125 0.5402750484375 0.19404630625 0.5147347734375 0.19404630625 0.505893909375 0.19900771718750002 0.5 0.19955898593750002 0.4459724953125 0.2012127890625 0.4390962671875 0.19900771718750002 0.42730844843750004 0.1912899671875 0.428290765625 0.18963616249999998 0.441060903125 0.1824696796875 0.44990176875000004 0.1780595375 0.47544204375000004 0.18412348437499998 0.507858546875 0.1808158765625 0.5166994109374999 0.1780595375 0.517681728125 0.17750826875 0.5235756390625
1 0.518191840625 0.597249509375 0.5214994484375 0.6021611 0.52480705625 0.5982318265625 0.5253583234375 0.5923379171875001 0.5226019843749999 0.56483300625 0.5259095921875 0.5550098234374999 0.526460859375 0.507858546875 0.5259095921875 0.5029469546875001 0.5132304296875 0.482318271875 0.50826901875 0.481335953125 0.50826901875 0.546168959375 0.5110253578124999 0.5658153234375 0.509922821875 0.597249509375 0.518191840625 0.597249509375
0 0.2191212796875 0.5341876234375 0.218245865625 0.53356385 0.21719459687499998 0.533876228125 0.216319184375 0.5355923375 0.2164939359375 0.53746561875 0.2171069453125 0.539025540625 0.2185959203125 0.5398064828125 0.21955953749999998 0.5377770140625 0.2194718859375 0.5362170921875 0.2191212796875 0.5341876234375
2 0.70625 0.60625 0.7078125 0.60625 0.70625 0.6171875 0.6984375 0.634375 0.69375 0.6375 0.6953125 0.6296875 0.70625 0.6078125
2 0.2 0.5015625 0.2109375 0.521875 0.2125 0.5296875 0.209375 0.53125 0.20625 0.525 0.2 0.509375 0.2 0.503125
2 0.2 0.5015625 0.2140625 0.53125 0.21875 0.534375 0.2171875 0.540625 0.2109375 0.5359375 0.2 0.509375 0.2 0.503125
2 0.515625 0.7046875 0.51875 0.7265625 0.515625 0.734375 0.5140625 0.7578125 0.5109375 0.7625 0.50625 0.759375 0.50625 0.7546875 0.5125 0.7453125 0.515625 0.70625