2 0.5997794921875 0.55009823125 0.5997794921875 0.556974459375 0.60363836875 0.557956778125 0.6052921718750001 0.55009823125 0.5997794921875 0.55009823125
2 0.7519294375000001 0.6051080546875001 0.74751929375 0.6051080546875001 0.7453142234375 0.610019646875 0.7342888640624999 0.6188605109374999 0.7243660421875 0.633595284375 0.7094818078125 0.647347740625 0.708930540625 0.65324165 0.712789415625 0.65225933125 0.7508269015625 0.6110019640625 0.7519294375000001 0.6051080546875001
2 0.539691290625 0.5795677796875001 0.5413450937500001 0.5687622796875 0.539140021875 0.5667976421875001 0.5319735390625 0.570726915625 0.5303197359375 0.5746561890625 0.52480705625 0.576620825 0.5203969125000001 0.584479371875 0.5115766265625 0.59037328125 0.5115766265625 0.597249509375 0.5203969125000001 0.596267190625 0.5319735390625 0.576620825 0.539691290625 0.5795677796875001
2 0.10859977968750001 0.8359528484375 0.1119073875 0.8438113953125 0.1119073875 0.8506876234374999 0.114112459375 0.8546168953125 0.11962513749999999 0.8555992140625 0.11962513749999999 0.84675835 0.10859977968750001 0.82023575625 0.10804851093750001 0.8231827109375001 0.1102535828125 0.8251473484374999 0.10804851093750001 0.8290766203125 0.10859977968750001 0.8359528484375
2 0.5115766265625 0.44990176875000004 0.50826901875 0.44891945 0.50441014375 0.455795678125 0.50441014375 0.4616895875 0.50826901875 0.468565815625 0.5110253578124999 0.4616895875 0.5115766265625 0.44990176875000004
2 0.6245865484374999 0.9165029468749999 0.625689084375 0.928290765625 0.630099228125 0.9400785859375 0.6312017640625001 0.9361493125000001 0.6289966921875 0.9155206281250001 0.622381478125 0.891944990625 0.6212789421875 0.8762278984374999 0.6196251375 0.87131630625 0.6163175296875 0.8693516703125 0.617420065625 0.8880157171875 0.6196251375 0.8929273078125 0.622381478125 0.9125736734375 0.6245865484374999 0.9165029468749999
2 0.6085997796875 0.48821218125000004 0.6052921718750001 0.50098231875 0.605843440625 0.5235756390625 0.6085997796875 0.520628684375 0.6102535828125 0.506876228125 0.6085997796875 0.48821218125000004
2 0.6163175296875 0.91159135625 0.6130099234374999 0.9125736734375 0.614112459375 0.9361493125000001 0.6168687984375001 0.9400785859375 0.6245865484374999 0.9400785859375 0.6163175296875 0.91159135625
1 0.836273428125 0.5029469546875001 0.8395810359375 0.507858546875 0.8439911796875 0.5 0.8528114656250001 0.50098231875 0.8544652703125 0.49803536406250004 0.8517089312499999 0.48624754374999996 0.8511576625 0.466601178125 0.8588754140624999 0.44499017656250006 0.85997795 0.42730844843750004 0.8588754140624999 0.417485265625 0.8511576625 0.4007858546875 0.8478500546875001 0.4007858546875 0.8417861078125 0.40864440156250004 0.83902976875 0.41453831093750004 0.8384785000000001 0.423379175 0.8401323046875 0.454813359375 0.8423373765625 0.466601178125 0.8417861078125 0.48330058906250006 0.836273428125 0.5029469546875001
1 0.6113561187500001 0.5609037328124999 0.6157662625 0.56286836875 0.6185226015625 0.558939096875 0.617420065625 0.5235756390625 0.6201764062499999 0.5216110015625001 0.622381478125 0.525540275 0.625689084375 0.52455795625 0.630650496875 0.51375245625 0.625689084375 0.5029469546875001 0.6251378171875001 0.4774066796875 0.6168687984375001 0.455795678125 0.6163175296875 0.44499017656250006 0.6085997796875 0.44499017656250006 0.6085997796875 0.5225933203124999 0.6124586546875 0.5383104125 0.6130099234374999 0.5530451859375 0.6113561187500001 0.5609037328124999
1 0.0363836828125 0.5550098234374999 0.03748621875 0.5746561890625 0.0358324140625 0.584479371875 0.03748621875 0.58840864375 0.04134509375 0.58840864375 0.0441014328125 0.5785854609375 0.0463065046875 0.57563850625 0.0501653796875 0.5785854609375 0.0529217203125 0.571709234375 0.0529217203125 0.558939096875 0.047960309374999996 0.5540275046875001 0.0446527015625 0.5412573671875001 0.0446527015625 0.525540275 0.047409040624999996 0.5147347734375 0.05181918437500001 0.5108055015625 0.05181918437500001 0.494106090625 0.0468577734375 0.474459725 0.0441014328125 0.47347740624999995 0.039691290625 0.46561886093749993 0.039691290625 0.4567779953125 0.0380374859375 0.45284872343749993 0.0319735390625 0.453831040625 0.029768467187499998 0.467583496875 0.0214994484375 0.47838899843749993 0.0214994484375 0.5029469546875001 0.029768467187499998 0.51178781875 0.030871003125 0.5294695484374999 0.0363836828125 0.5550098234374999
1 0.5126791625 0.49115913593749994 0.5110253578124999 0.507858546875 0.5159867703125001 0.507858546875 0.518191840625 0.5039292734374999 0.5214994484375 0.507858546875 0.5259095921875 0.507858546875 0.5297684671875 0.5 0.5220507171875 0.4774066796875 0.52094818125 0.46561886093749993 0.5214994484375 0.45284872343749993 0.5259095921875 0.4361493125 0.5259095921875 0.417485265625 0.5170893046875 0.40667976406250006 0.5154355015625 0.3939096265625 0.509922821875 0.3948919453125 0.50826901875 0.403732809375 0.5055126796875 0.4312377203125 0.509922821875 0.443025540625 0.50826901875 0.4774066796875 0.5126791625 0.49115913593749994
1 0.7535832421875 0.6149312375 0.7513781703125 0.62671905625 0.7513781703125 0.671905696875 0.74751929375 0.6777996078124999 0.7464167578125 0.684675834375 0.7513781703125 0.685658153125 0.7535832421875 0.697445971875 0.76019845625 0.697445971875 0.7651598671875 0.6935167 0.7651598671875 0.6777996078124999 0.7679162078124999 0.6620825140625 0.76901874375 0.63948919375 0.7734288859375 0.62671905625 0.77287761875 0.5923379171875001 0.76901874375 0.5805500984374999 0.7618522609375 0.5677799609374999 0.758544653125 0.5550098234374999 0.7546857765625 0.55009823125 0.7513781703125 0.55009823125 0.74751929375 0.5550098234374999 0.74751929375 0.5638506875 0.7513781703125 0.571709234375 0.7513781703125 0.608055009375 0.7535832421875 0.6149312375
1 0.6334068359375 0.99901768125 0.665380375 0.99901768125 0.667585446875 0.995088409375 0.6659316421875 0.9901768171875001 0.667585446875 0.97544204375 0.665380375 0.9715127703125 0.66482910625 0.9616895875000001 0.6565600875000001 0.9469548140624999 0.6515986765624999 0.9263261296874999 0.6477398015625 0.923379175 0.6433296578125 0.92436149375 0.6394707828125 0.9302554031250001 0.6389195156249999 0.9390962671875001 0.6367144437500001 0.9440078578125 0.6312017640625001 0.9400785859375 0.6273428890625 0.943025540625 0.625689084375 0.9813359531250001 0.6289966921875 0.9872298625000001 0.630099228125 0.995088409375 0.6334068359375 0.99901768125
1 0.6692392500000001 0.98624754375 0.6664829109375 0.994106090625 0.667585446875 0.9931237718749999 0.6692392500000001 0.99901768125 0.6951488421875001 0.99901768125 0.6990077171875 0.994106090625 0.696251378125 0.9656188609375 0.69790518125 0.943025540625 0.696251378125 0.9390962671875001 0.68632855625 0.9361493125000001 0.683572215625 0.9312377203125 0.68136714375 0.9106090375000001 0.673098125 0.9106090375000001 0.6703417859374999 0.9155206281250001 0.6708930546875 0.93516699375 0.6620727671875 0.9440078578125 0.6615215 0.9528487234374999 0.6637265718750001 0.9557956781250001 0.6686879828125 0.9774066796875 0.6692392500000001 0.98624754375
1 0.084895259375 0.827111984375 0.0898566703125 0.8379174859375 0.084895259375 0.85756385 0.089305403125 0.86051080625 0.0876515984375 0.8654223968749999 0.08324145468750001 0.8683693515625001 0.08379272343750001 0.8762278984374999 0.0876515984375 0.88408644375 0.09040793750000001 0.8821218078124999 0.09040793750000001 0.877210215625 0.0876515984375 0.87131630625 0.0898566703125 0.85756385 0.09426681406250001 0.8555992140625 0.099228225 0.8654223968749999 0.101433296875 0.8850687625000001 0.1041896359375 0.8939096265625001 0.1157662625 0.8929273078125 0.117420065625 0.88605108125 0.11135611875 0.8811394890625 0.10804851093750001 0.87131630625 0.10859977968750001 0.84577603125 0.105843440625 0.8310412578124999 0.10749724375 0.8222003921875001 0.101433296875 0.7681728875 0.101433296875 0.7544204328124999 0.099228225 0.74459725 0.09867695625 0.7200392921875001 0.09095920625000001 0.7200392921875001 0.0882028671875 0.724950884375 0.0882028671875 0.7396856578125 0.0865490625 0.7465618859375 0.08213891875 0.7534381140625 0.0777287765625 0.7681728875 0.0738699 0.7956778 0.0738699 0.8084479375000001 0.0771775078125 0.82023575625 0.084895259375 0.827111984375
1 0.30374862187499996 0.7671905703124999 0.29217199531250004 0.7917485265625 0.29658213906249997 0.7956778 0.3070562296875 0.7927308453124999 0.308158765625 0.7730844796875 0.3142227125 0.749508840625 0.319735390625 0.7426326125 0.32469680312500004 0.7406679765625 0.3379272328125 0.7652259328125 0.3500551265625 0.776031434375 0.348952590625 0.79469548125 0.35611907343750004 0.79469548125 0.3588754140625 0.7907662078125 0.3588754140625 0.7799607078124999 0.349503859375 0.763261296875 0.3395810359375 0.751473478125 0.3384785 0.7170923375 0.33461962500000003 0.7013752453125 0.332965821875 0.6827111984374999 0.3291069453125 0.6689587421875001 0.32469680312500004 0.661100196875 0.3213891953125 0.647347740625 0.31642778437499997 0.647347740625 0.31367144375 0.65225933125 0.3180815875 0.7141453828125 0.3169790515625 0.7200392921875001 0.308158765625 0.736738703125 0.30374862187499996 0.7671905703124999
1 0.7012127890625 0.6561886046875001 0.7072767359375 0.6552062875 0.7083792718749999 0.6493123765625 0.704520396875 0.6434184671875001 0.7050716640625 0.6316306484374999 0.7072767359375 0.6247544203125 0.721058434375 0.6149312375 0.7243660421875 0.608055009375 0.7205071671875001 0.5805500984374999 0.7227122375 0.571709234375 0.7304299890625 0.5667976421875001 0.73098125625 0.5471512765625001 0.7298787203125 0.5383104125 0.7265711140625 0.532416503125 0.724917309375 0.5166994109374999 0.7221609703125 0.5127701375 0.7177508265625 0.51375245625 0.7144432187499999 0.5294695484374999 0.7039691296874999 0.546168959375 0.7039691296874999 0.610019646875 0.6968026453125 0.6188605109374999 0.69790518125 0.6316306484374999 0.6951488421875001 0.6444007859374999 0.6957001109375 0.6512770140625 0.7012127890625 0.6561886046875001
1 0.9994487328125 0.6365422390625 0.9994487328125 0.5943025546875 0.9972436609375 0.5943025546875 0.9911797140624999 0.5805500984374999 0.9834619625000001 0.570726915625 0.9801543546874999 0.558939096875 0.9740904078125 0.557956778125 0.9691289968750001 0.56286836875 0.96306505 0.5982318265625 0.956449834375 0.6060903734374999 0.9570011031250001 0.620825146875 0.960308709375 0.6237721015625 0.9823594265625 0.633595284375 0.9994487328125 0.6365422390625
1 0.5347298781250001 0.596267190625 0.53748621875 0.596267190625 0.539140021875 0.5923379171875001 0.5385887546875 0.576620825 0.542998896875 0.5785854609375 0.5485115765625 0.5667976421875001 0.5523704515625 0.5638506875 0.5562293281249999 0.5687622796875 0.5567805953125 0.57563850625 0.5606394703124999 0.5746561890625 0.56174200625 0.5677799609374999 0.5611907390625 0.556974459375 0.5562293281249999 0.5530451859375 0.5606394703124999 0.5402750484375 0.5589856671875 0.5157170921875001 0.5457552375 0.4901768171875 0.5424476296875 0.48821218125000004 0.5385887546875 0.492141453125 0.5385887546875 0.5709233796875 0.53748621875 0.5805500984374999 0.533076075 0.5893909625 0.5347298781250001 0.596267190625
1 0.7635060640625 0.51178781875 0.7635060640625 0.482318271875 0.7546857765625 0.455795678125 0.7513781703125 0.45284872343749993 0.7469680265624999 0.454813359375 0.74751929375 0.5402750484375 0.7491730984375 0.546168959375 0.757993384375 0.55108055 0.7635060640625 0.51178781875
1 0.3875413453125 0.5638506875 0.38919514843749997 0.584479371875 0.394156559375 0.584479371875 0.3919514890625 0.530451865625 0.394156559375 0.520628684375 0.394156559375 0.5019646359375 0.3969129 0.49115913593749994 0.39636163125 0.48330058906250006 0.3853362734375 0.45776031406250006 0.382579934375 0.455795678125 0.37982359374999997 0.4567779953125 0.378169790625 0.47347740624999995 0.3732083796875 0.4872298625 0.3726571109375 0.5039292734374999 0.37651598750000004 0.51375245625 0.3787210578125 0.5402750484375 0.3875413453125 0.5638506875