2 0.0777287765625 0.8801571703125 0.080485115625 0.8683693515625001 0.0738699 0.872298625 0.07331863281249999 0.8762278984374999 0.060088203124999996 0.8978389 0.06174200625 0.903732809375 0.059536934374999996 0.9047151281250001 0.0606394703125 0.9066797640625 0.0777287765625 0.8801571703125
2 0.0589856671875 0.9194499015625001 0.0606394703125 0.9066797640625 0.0793825796875 0.8752455796874999 0.080485115625 0.8683693515625001 0.0777287765625 0.8683693515625001 0.060088203124999996 0.8978389 0.0534729875 0.8978389 0.0529217203125 0.8889980359375 0.0529217203125 0.89685658125 0.047960309374999996 0.9017681734374999 0.0446527015625 0.90962671875 0.0446527015625 0.9184675828125 0.047960309374999996 0.92239685625 0.0567805953125 0.92239685625 0.0589856671875 0.9194499015625001
2 0.295479603125 0.519646365625 0.29988974687500003 0.5127701375 0.308158765625 0.506876228125 0.30981256875 0.48526522656250004 0.30595369375 0.479371315625 0.3042998890625 0.49803536406250004 0.291069459375 0.517681728125 0.29217199531250004 0.519646365625 0.295479603125 0.519646365625
2 0.2943770671875 0.7976424359375 0.3109151046875 0.7711198421875001 0.3042998890625 0.774066796875 0.29217199531250004 0.7917485265625 0.2850055125 0.7917485265625 0.28059536875 0.7956778 0.278941565625 0.800589390625 0.2822491734375 0.8055009828124999 0.2905181921875 0.80746561875 0.2943770671875 0.7976424359375
2 0.6378169796875001 0.6493123765625 0.64002205 0.647347740625 0.6565600875000001 0.622789784375 0.660694596875 0.614440078125 0.6582138921875 0.6188605109374999 0.6576626234375 0.6110019640625 0.638368246875 0.64145383125 0.6163175296875 0.6561886046875001 0.6168687984375001 0.6650294703124999 0.6289966921875 0.6640471515625 0.633958103125 0.6561886046875001 0.6295479609375 0.65324165 0.6312017640625001 0.6502946953125 0.636163175 0.6434184671875001 0.6378169796875001 0.6493123765625
2 0.6764057328125 0.533398821875 0.6791620734375 0.5235756390625 0.6780595375 0.5166994109374999 0.6742006609375 0.520628684375 0.6686879828125 0.5343811390625001 0.6659316421875 0.544204321875 0.6681367140625001 0.55009823125 0.6725468578125 0.545186640625 0.6764057328125 0.533398821875
0 0.0507166484375 0.8909626718749999 0.0501653796875 0.89685658125 0.056229328125 0.8978389 0.0567805953125 0.8889980359375 0.0507166484375 0.8909626718749999
1 0.8511576625 0.49901768124999996 0.844542446875 0.51178781875 0.844542446875 0.5166994109374999 0.8511576625 0.5157170921875001 0.861080484375 0.48330058906250006 0.8649393609375 0.4901768171875 0.8649393609375 0.51178781875 0.869349503125 0.51178781875 0.8710033078125001 0.506876228125 0.869349503125 0.47347740624999995 0.8732083796874999 0.4587426328125 0.874310915625 0.4440078578125 0.8737596468750001 0.423379175 0.869349503125 0.390962671875 0.8649393609375 0.389980353125 0.85997795 0.3948919453125 0.8472987875 0.4440078578125 0.8478500546875001 0.44793713124999995 0.8550165375000001 0.45088408593749996 0.8555678062500001 0.4646365421875 0.8511576625 0.49901768124999996
1 0.5920617421875 0.51178781875 0.5898566703125 0.50098231875 0.5859977953125 0.5 0.5865490624999999 0.5166994109374999 0.5876515984374999 0.519646365625 0.5915104734375001 0.519646365625 0.5920617421875 0.51178781875
1 0.5986769562500001 0.48821218125000004 0.5997794921875 0.49803536406250004 0.6041896359375001 0.504911590625 0.606945975 0.5235756390625 0.605843440625 0.5294695484374999 0.6085997796875 0.530451865625 0.6113561187500001 0.5166994109374999 0.6085997796875 0.479371315625 0.6157662625 0.46561886093749993 0.6130099234374999 0.4567779953125 0.6025358328125 0.4390962671875 0.5986769562500001 0.423379175 0.59536935 0.423379175 0.5920617421875 0.429273084375 0.5915104734375001 0.4390962671875 0.59536935 0.44793713124999995 0.592613009375 0.47347740624999995 0.5986769562500001 0.48821218125000004
1 0.3169790515625 0.6954813359375 0.32414553437500004 0.7062868375 0.32579933906249997 0.7200392921875001 0.328555678125 0.724950884375 0.3274531421875 0.7416502953124999 0.332965821875 0.763261296875 0.3340683578125 0.777013753125 0.3384785 0.775049115625 0.3395810359375 0.7652259328125 0.344542446875 0.764243615625 0.35170893125 0.770137525 0.3550165375 0.76915520625 0.3544652703125 0.7593320234375 0.3472987875 0.7534381140625 0.3434399125 0.7465618859375 0.3472987875 0.7269155203125 0.34785005468749997 0.7062868375 0.34288864375 0.6886051078125 0.3340683578125 0.6699410609374999 0.33020948125 0.6660117875 0.3213891953125 0.6640471515625 0.31367144375 0.65225933125 0.307607496875 0.65422396875 0.3070562296875 0.6650294703124999 0.3087100328125 0.671905696875 0.3125689078125 0.678781925 0.3169790515625 0.6954813359375
1 0.6637265718750001 0.6051080546875001 0.6659316421875 0.6041257375 0.6692392500000001 0.5923379171875001 0.6725468578125 0.5923379171875001 0.6747519296875 0.5982318265625 0.6708930546875 0.616895875 0.6742006609375 0.6571709234374999 0.6692392500000001 0.667976425 0.6824696796875 0.6689587421875001 0.6830209484374999 0.660117878125 0.6857772875 0.6571709234374999 0.69018743125 0.667976425 0.6885336265625 0.6777996078124999 0.6907386984375 0.6817288796875001 0.694597575 0.6817288796875001 0.6995589859375 0.671905696875 0.6995589859375 0.6640471515625 0.691841234375 0.6493123765625 0.6879823593750001 0.6306483296875001 0.6934950390625 0.6178781921875001 0.6957001109375 0.5923379171875001 0.6808158765625001 0.5638506875 0.6742006609375 0.5618860515625 0.6692392500000001 0.5550098234374999 0.6686879828125 0.55009823125 0.66482910625 0.5471512765625001 0.6604189640625 0.55108055 0.6598676953125 0.56286836875 0.665380375 0.5726915515625 0.6664829109375 0.58840864375 0.6637265718750001 0.6051080546875001
1 0.5589856671875 0.62671905625 0.55788313125 0.635559921875 0.5589856671875 0.63948919375 0.5628445421875 0.6404715125 0.5650496140625 0.6385068765625 0.56615215 0.6316306484374999 0.5667034171875 0.596267190625 0.57442116875 0.56286836875 0.5733186328125 0.5422396859374999 0.56560088125 0.5284872296875001 0.563947078125 0.5157170921875001 0.5611907390625 0.51178781875 0.5551267921874999 0.51375245625 0.5485115765625 0.5412573671875001 0.5485115765625 0.5677799609374999 0.5562293281249999 0.5943025546875 0.5567805953125 0.6198428296875 0.5589856671875 0.62671905625
1 0.081036384375 0.88408644375 0.07828004375 0.92436149375 0.081036384375 0.9302554031250001 0.0854465265625 0.9273084484374999 0.0865490625 0.8998035359375001 0.0898566703125 0.88605108125 0.09095920625000001 0.8703339874999999 0.09426681406250001 0.8634577609375 0.0964718859375 0.8634577609375 0.0997794921875 0.87131630625 0.099228225 0.91159135625 0.0964718859375 0.9273084484374999 0.100882028125 0.9332023578124999 0.1047409046875 0.9322200390625 0.10970231562499999 0.92436149375 0.10970231562499999 0.9204322203125 0.105843440625 0.9125736734375 0.105843440625 0.9007858546874999 0.10859977968750001 0.8880157171875 0.10970231562499999 0.832023575 0.1124586546875 0.8222003921875001 0.117971334375 0.8172888015625001 0.117971334375 0.8094302546875 0.11135611875 0.7848722984375 0.10804851093750001 0.7789783890625 0.0997794921875 0.775049115625 0.09481808124999999 0.7583497046875001 0.0876515984375 0.7583497046875001 0.0854465265625 0.761296659375 0.084895259375 0.775049115625 0.0865490625 0.78192534375 0.0777287765625 0.7986247546875 0.0777287765625 0.8192534374999999 0.081036384375 0.8310412578124999 0.0793825796875 0.851669940625 0.081036384375 0.88408644375
1 0.621830209375 0.5618860515625 0.6367144437500001 0.57563850625 0.6356119078125 0.5913555984375 0.64057331875 0.5923379171875001 0.6449834625 0.584479371875 0.6449834625 0.5795677796875001 0.6433296578125 0.5726915515625 0.6378169796875001 0.5658153234375 0.6334068359375 0.5550098234374999 0.6350606390625 0.532416503125 0.633958103125 0.517681728125 0.6240352812500001 0.48919449843749996 0.613561190625 0.474459725 0.609151046875 0.47642436093749996 0.6130099234374999 0.5166994109374999 0.6168687984375001 0.530451865625 0.617971334375 0.5540275046875001 0.621830209375 0.5618860515625
1 0.5501653796875 0.46561886093749993 0.5474090406250001 0.4842829078125 0.5523704515625 0.5039292734374999 0.5545755234375 0.5039292734374999 0.555678059375 0.49803536406250004 0.555678059375 0.4842829078125 0.5606394703124999 0.482318271875 0.56560088125 0.4901768171875 0.5694597578125 0.492141453125 0.5755237046875 0.5039292734374999 0.5749724359374999 0.5166994109374999 0.5777287765625 0.520628684375 0.5804851156249999 0.519646365625 0.58213891875 0.5166994109374999 0.5826901875 0.504911590625 0.5694597578125 0.47642436093749996 0.5633958109375 0.43713163125000004 0.5589856671875 0.42730844843750004 0.5501653796875 0.417485265625 0.5468577734375 0.4076620828125 0.542998896875 0.4076620828125 0.5418963609375 0.41257367343749995 0.5424476296875 0.43713163125000004 0.5363836828124999 0.44891945 0.5501653796875 0.44990176875000004 0.5501653796875 0.46561886093749993
1 0.68136714375 0.520628684375 0.6824696796875 0.56483300625 0.6874310921875 0.5785854609375 0.6951488421875001 0.5874263265625 0.692392503125 0.5599214140625 0.6990077171875 0.5284872296875001 0.6995589859375 0.48624754374999996 0.694597575 0.47347740624999995 0.692392503125 0.4587426328125 0.6857772875 0.4567779953125 0.6824696796875 0.4616895875 0.6824696796875 0.494106090625 0.6786108046875 0.5127701375 0.6786108046875 0.5166994109374999 0.68136714375 0.520628684375
1 0.33517089375000003 0.520628684375 0.33020948125 0.5216110015625001 0.33020948125 0.5294695484374999 0.33461962500000003 0.533398821875 0.3379272328125 0.532416503125 0.33517089375000003 0.520628684375
1 0.3070562296875 0.517681728125 0.3048511578125 0.5275049109375 0.305402425 0.545186640625 0.29988974687500003 0.5559921421875 0.29988974687500003 0.5618860515625 0.3092613015625 0.5599214140625 0.31367144375 0.53929273125 0.3180815875 0.530451865625 0.32524807031249997 0.5284872296875001 0.33131201718750003 0.507858546875 0.3296582140625 0.48330058906250006 0.31863285625 0.46267190625000004 0.3175303203125 0.44891945 0.3125689078125 0.44793713124999995 0.30981256875 0.45284872343749993 0.3125689078125 0.4774066796875 0.3087100328125 0.4872298625 0.30595369375 0.5108055015625 0.3070562296875 0.517681728125