2 0.6119073875 0.635559921875 0.601433296875 0.635559921875 0.599228225 0.6385068765625 0.5832414546875 0.635559921875 0.58213891875 0.6434184671875001 0.59095920625 0.6493123765625 0.6063947078124999 0.6434184671875001 0.6119073875 0.635559921875
2 0.658765159375 0.609037328125 0.6615215 0.60117878125 0.65711135625 0.60117878125 0.6493936046875 0.609037328125 0.6493936046875 0.6129666015625 0.6504961406249999 0.609037328125 0.6521499453125 0.6129666015625 0.658765159375 0.609037328125
2 0.9746416765625 0.7406679765625 0.9779492828125 0.7396856578125 0.9972436609375 0.7161100203124999 0.9994487328125 0.7161100203124999 0.9994487328125 0.7082514734375 0.9966923921875 0.7082514734375 0.9696802640625 0.7396856578125 0.9581036390625 0.735756384375 0.9581036390625 0.74459725 0.96306505 0.749508840625 0.9691289968750001 0.749508840625 0.9746416765625 0.7406679765625
0 0.14718853437499999 0.6561886046875001 0.14663726562499999 0.6630648328125 0.14939360468750001 0.6640471515625 0.151047409375 0.6571709234374999 0.14718853437499999 0.6561886046875001
1 0.48070562343749995 0.6827111984374999 0.48070562343749995 0.6935167 0.4779492828125 0.7023575640625 0.4779492828125 0.7406679765625 0.4823594265625 0.7534381140625 0.485115765625 0.774066796875 0.481808159375 0.787819253125 0.4823594265625 0.7937131625 0.4840132296875 0.79469548125 0.493384784375 0.7838899796875001 0.5033076078125001 0.7829076625 0.5005512671875 0.7711198421875001 0.5 0.7465618859375 0.49724366093750005 0.7337917484375 0.5005512671875 0.6905697453124999 0.5 0.6827111984374999 0.496141125 0.671905696875 0.49558985624999996 0.65225933125 0.48787210625000005 0.64145383125 0.4862183015625 0.633595284375 0.4823594265625 0.627701375 0.47739801562500006 0.62868369375 0.476846746875 0.63948919375 0.47960308749999997 0.65324165 0.47850055156250004 0.672888015625 0.48070562343749995 0.6827111984374999
1 0.5303197359375 0.596267190625 0.5385887546875 0.6070726921875 0.542998896875 0.62671905625 0.5474090406250001 0.627701375 0.5501653796875 0.622789784375 0.5501653796875 0.6149312375 0.542998896875 0.5913555984375 0.5424476296875 0.5815324171875 0.5441014328125 0.569744596875 0.5463065046875 0.5658153234375 0.5507166484375 0.5667976421875001 0.551819184375 0.5638506875 0.5501653796875 0.5412573671875001 0.5418963609375 0.52455795625 0.535281146875 0.519646365625 0.5303197359375 0.507858546875 0.5253583234375 0.5088408640625001 0.5242557890625 0.52455795625 0.5214994484375 0.5294695484374999 0.5214994484375 0.55009823125 0.5253583234375 0.55009823125 0.52866593125 0.558939096875 0.5303197359375 0.596267190625
1 0.9994487328125 0.6444007859374999 0.9994487328125 0.6306483296875001 0.9966923921875 0.62868369375 0.9966923921875 0.6188605109374999 0.9994487328125 0.6149312375 0.9994487328125 0.5039292734374999 0.996141125 0.507858546875 0.9950385890625 0.546168959375 0.9911797140624999 0.56286836875 0.9906284453125 0.622789784375 0.985667034375 0.63948919375 0.9884233734375 0.6434184671875001 0.9994487328125 0.6444007859374999
1 0.10915104687499999 0.787819253125 0.10749724375 0.788801571875 0.10970231562499999 0.788801571875 0.10749724375 0.79469548125 0.1157662625 0.8163064828125 0.11466372656249998 0.8388998031250001 0.1168687984375 0.84675835 0.1289966921875 0.8693516703125 0.13009922812500002 0.8939096265625001 0.1267916203125 0.9056974453125 0.121830209375 0.9145383109375 0.121830209375 0.9194499015625001 0.13065049687500002 0.9312377203125 0.136163175 0.9312377203125 0.138368246875 0.9273084484374999 0.134509371875 0.9184675828125 0.134509371875 0.9125736734375 0.138368246875 0.89882121875 0.1460859984375 0.8821218078124999 0.14718853437499999 0.8683693515625001 0.134509371875 0.840864440625 0.134509371875 0.815324165625 0.1372657109375 0.8104125734375 0.1433296578125 0.821218075 0.14829106875 0.821218075 0.150496140625 0.8143418468749999 0.1449834625 0.8104125734375 0.142227121875 0.8035363453125001 0.1416758546875 0.788801571875 0.138368246875 0.7730844796875 0.138919515625 0.749508840625 0.1334068359375 0.7465618859375 0.12624035312499998 0.7534381140625 0.12624035312499998 0.770137525 0.11852260156250001 0.7838899796875001 0.1163175296875 0.79469548125 0.10915104687499999 0.787819253125
1 0.159316428125 0.558939096875 0.16482910625 0.558939096875 0.16482910625 0.5275049109375 0.1664829109375 0.519646365625 0.1708930546875 0.5127701375 0.1769570015625 0.525540275 0.179713340625 0.5422396859374999 0.1824696796875 0.546168959375 0.1885336265625 0.546168959375 0.18412348437499998 0.5275049109375 0.18191841250000002 0.5039292734374999 0.17861080468749999 0.495088409375 0.1808158765625 0.466601178125 0.1780595375 0.45972495156250004 0.1769570015625 0.441060903125 0.16923925 0.441060903125 0.1686879828125 0.4518664046875 0.1604189640625 0.46267190625000004 0.159316428125 0.469548134375 0.158765159375 0.482318271875 0.16097023125 0.494106090625 0.158765159375 0.533398821875 0.159316428125 0.558939096875
1 0.6146637265625 0.6296660125 0.6196251375 0.6296660125 0.622381478125 0.6257367390625 0.6240352812500001 0.627701375 0.6240352812500001 0.6581532421875 0.6295479609375 0.6827111984374999 0.625689084375 0.7033398828124999 0.6334068359375 0.7043222 0.6372657109375 0.699410609375 0.638368246875 0.6895874265625 0.6356119078125 0.6777996078124999 0.634509371875 0.65324165 0.6389195156249999 0.6434184671875001 0.64057331875 0.60117878125 0.6334068359375 0.5795677796875001 0.626240353125 0.5746561890625 0.6240352812500001 0.5599214140625 0.6146637265625 0.558939096875 0.614112459375 0.569744596875 0.6207276734375 0.5982318265625 0.6196251375 0.610019646875 0.6146637265625 0.6296660125
1 0.48566703437500003 0.610019646875 0.485115765625 0.5933202359374999 0.48291069531249997 0.5923379171875001 0.48070562343749995 0.597249509375 0.47850055156250004 0.61394891875 0.4801543546875 0.6178781921875001 0.4834619625 0.6178781921875001 0.48566703437500003 0.610019646875
1 0.4834619625 0.5746561890625 0.4884233734375 0.5913555984375 0.49117971406249994 0.5933202359374999 0.496141125 0.6060903734374999 0.49558985624999996 0.62671905625 0.5011025359375 0.62671905625 0.5055126796875 0.6149312375 0.49503858906250003 0.5785854609375 0.49834619687500004 0.5402750484375 0.4966923921875 0.5166994109374999 0.4944873203125 0.507858546875 0.48787210625000005 0.5 0.48566703437500003 0.48821218125000004 0.47905181875 0.4872298625 0.4779492828125 0.5 0.481808159375 0.5166994109374999 0.481808159375 0.556974459375 0.4834619625 0.5746561890625
1 0.6598676953125 0.659135559375 0.654906284375 0.6699410609374999 0.6642778390624999 0.6817288796875001 0.6659316421875 0.6905697453124999 0.6742006609375 0.6905697453124999 0.67750826875 0.685658153125 0.67364939375 0.6326129671875 0.6769570015624999 0.61394891875 0.6780595375 0.56286836875 0.6747519296875 0.5550098234374999 0.6747519296875 0.5422396859374999 0.6725468578125 0.533398821875 0.6659316421875 0.5343811390625001 0.6637265718750001 0.5667976421875001 0.6615215 0.571709234375 0.6565600875000001 0.5726915515625 0.6565600875000001 0.576620825 0.663175303125 0.58840864375 0.6598676953125 0.6178781921875001 0.6598676953125 0.659135559375