0 0.17364939375 0.6561886046875001 0.16923925 0.6561886046875001 0.16979051875 0.6640471515625 0.17364939375 0.6620825140625 0.17364939375 0.6561886046875001
1 0.90132304375 0.7671905703124999 0.9084895265625 0.7996070734375 0.9084895265625 0.8339882125000001 0.9002205078125 0.8850687625000001 0.8969129 0.8958742624999999 0.8897464171875 0.9017681734374999 0.890848953125 0.9076620828124999 0.8980154359375 0.9106090375000001 0.9068357218750001 0.8939096265625001 0.9095920625 0.8693516703125 0.9145534734374999 0.8497053046874999 0.9250275640625001 0.851669940625 0.9371554578125 0.8349705296875 0.9492833515625 0.826129665625 0.9448732078125 0.8222003921875001 0.93439911875 0.8222003921875001 0.9294377062500001 0.8251473484374999 0.92557883125 0.8231827109375001 0.9261301 0.8025540281250001 0.929988975 0.7917485265625 0.9310915109375 0.775049115625 0.9283351703125 0.7583497046875001 0.9217199562499999 0.748526521875 0.9228224921875 0.724950884375 0.9211686875 0.7200392921875001 0.9101433296874999 0.7210216109375 0.9084895265625 0.723968565625 0.9084895265625 0.7318271125 0.9029768468749999 0.7396856578125 0.886438809375 0.7406679765625 0.8787210578125 0.74459725 0.8781697906250001 0.748526521875 0.882579934375 0.750491159375 0.8996692390625001 0.750491159375 0.90132304375 0.7671905703124999
1 0.21719955937500002 0.6257367390625 0.21775082656250003 0.646365421875 0.22601984531250002 0.672888015625 0.22601984531250002 0.6944990171875001 0.23042998906249998 0.6954813359375 0.2326350609375 0.6895874265625 0.233186328125 0.6777996078124999 0.22932745312499997 0.6571709234374999 0.22712238125 0.65324165 0.22712238125 0.648330059375 0.22987872031249998 0.6434184671875001 0.2370452046875 0.6552062875 0.23869900781250003 0.673870334375 0.2431091515625 0.671905696875 0.2431091515625 0.65225933125 0.2353914 0.633595284375 0.2342888640625 0.61591355625 0.2342888640625 0.60314341875 0.23869900781250003 0.5933202359374999 0.2342888640625 0.5815324171875 0.224917309375 0.5677799609374999 0.22216097031249998 0.5550098234374999 0.21664829062500002 0.5559921421875 0.2155457546875 0.5687622796875 0.2111356125 0.5815324171875 0.212789415625 0.61394891875 0.21719955937500002 0.6257367390625
1 0.0292172 0.9390962671875001 0.035281146875 0.9273084484374999 0.0441014328125 0.9273084484374999 0.047409040624999996 0.93516699375 0.0424476296875 0.9557956781250001 0.042998896875 0.96070726875 0.047409040624999996 0.9616895875000001 0.0529217203125 0.9518664046875 0.05181918437500001 0.9302554031250001 0.059536934374999996 0.9145383109375 0.059536934374999996 0.902750490625 0.05181918437500001 0.8811394890625 0.039140021875 0.8703339874999999 0.03748621875 0.851669940625 0.0319735390625 0.84774066875 0.023153253125000002 0.8565815328124999 0.0220507171875 0.866404715625 0.027012128125 0.88605108125 0.027012128125 0.9312377203125 0.0292172 0.9390962671875001
1 0.10529217187499999 0.9833005890625 0.1130099234375 0.9656188609375 0.1130099234375 0.9567779953125 0.10859977968750001 0.9449901765625001 0.1102535828125 0.90962671875 0.10749724375 0.9007858546874999 0.10749724375 0.8939096265625001 0.1119073875 0.878192534375 0.106945975 0.8654223968749999 0.100882028125 0.8644400781250001 0.097023153125 0.8683693515625001 0.09536934999999999 0.87328094375 0.09536934999999999 0.8909626718749999 0.0876515984375 0.8998035359375001 0.084895259375 0.9184675828125 0.084895259375 0.9891944984375 0.0876515984375 0.99901768125 0.1025358328125 0.99901768125 0.10529217187499999 0.9833005890625
1 0.11466372656249998 0.6777996078124999 0.11852260156250001 0.678781925 0.122381478125 0.6581532421875 0.12458654843750001 0.6552062875 0.12624035312499998 0.64145383125 0.1295479609375 0.633595284375 0.13065049687500002 0.6178781921875001 0.134509371875 0.609037328125 0.1372657109375 0.58840864375 0.1372657109375 0.5795677796875001 0.1334068359375 0.5677799609374999 0.1334068359375 0.55009823125 0.1273428890625 0.55009823125 0.12403528125 0.5618860515625 0.1168687984375 0.5687622796875 0.113561190625 0.57760314375 0.11466372656249998 0.6110019640625 0.11852260156250001 0.635559921875 0.1130099234375 0.671905696875 0.11466372656249998 0.6777996078124999
1 0.7425578828125 0.583497053125 0.7431091515625 0.5913555984375 0.7508269015625 0.5923379171875001 0.7530319734375001 0.5687622796875 0.7552370453125 0.5638506875 0.7590959203125001 0.56286836875 0.7695700109375 0.5795677796875001 0.7717750828125001 0.5913555984375 0.775082690625 0.5923379171875001 0.77673649375 0.5795677796875001 0.7657111359375001 0.558939096875 0.76405733125 0.544204321875 0.7646086000000001 0.5157170921875001 0.7552370453125 0.481335953125 0.750275634375 0.482318271875 0.7486218296875 0.49803536406250004 0.7447629546875 0.51178781875 0.7491730984375 0.5284872296875001 0.750275634375 0.56286836875 0.74751929375 0.57563850625 0.7425578828125 0.583497053125
1 0.985667034375 0.6768172890625 0.97905181875 0.6817288796875001 0.97905181875 0.685658153125 0.9834619625000001 0.6915520625 0.9906284453125 0.6915520625 0.9928335171875 0.6748526515625 0.9944873203125001 0.671905696875 0.9994487328125 0.671905696875 0.9994487328125 0.55108055 0.9906284453125 0.55009823125 0.9884233734375 0.5530451859375 0.9867695703124999 0.5815324171875 0.9807056234375 0.5923379171875001 0.981256890625 0.597249509375 0.9862183015625 0.6060903734374999 0.9867695703124999 0.6699410609374999 0.985667034375 0.6768172890625
1 0.8980154359375 0.79469548125 0.9029768468749999 0.78192534375 0.9035281140625001 0.7711198421875001 0.9007717749999999 0.7583497046875001 0.8996692390625001 0.7603143421875 0.8996692390625001 0.76915520625 0.8969129 0.774066796875 0.8919514890625001 0.7956778 0.8980154359375 0.79469548125
1 0.8952590953125 0.735756384375 0.9035281140625001 0.736738703125 0.907386990625 0.7278978390625 0.9095920625 0.6964636546875 0.9123484015625 0.6827111984374999 0.9228224921875 0.6817288796875001 0.9211686875 0.6660117875 0.9095920625 0.646365421875 0.9084895265625 0.6296660125 0.9040793828125 0.622789784375 0.8996692390625001 0.62671905625 0.8980154359375 0.6434184671875001 0.8880926125 0.65324165 0.8836824703125 0.6689587421875001 0.8836824703125 0.6768172890625 0.8891951484374999 0.685658153125 0.890848953125 0.710216109375 0.8952590953125 0.735756384375
1 0.647188534375 0.736738703125 0.6504961406249999 0.7288801578124999 0.6515986765624999 0.729862475 0.6515986765624999 0.7789783890625 0.65325248125 0.7838899796875001 0.6637265718750001 0.7838899796875001 0.6598676953125 0.770137525 0.6604189640625 0.7465618859375 0.6637265718750001 0.7337917484375 0.6615215 0.6964636546875 0.6642778390624999 0.6935167 0.6681367140625001 0.6777996078124999 0.6681367140625001 0.6561886046875001 0.6642778390624999 0.635559921875 0.6565600875000001 0.635559921875 0.65325248125 0.659135559375 0.6499448734375 0.6640471515625 0.6438809265625001 0.6660117875 0.64002205 0.672888015625 0.6389195156249999 0.7161100203124999 0.636163175 0.719056975 0.6334068359375 0.711198428125 0.628445425 0.711198428125 0.625689084375 0.7151277015625 0.625689084375 0.723968565625 0.633958103125 0.7278978390625 0.6389195156249999 0.736738703125 0.647188534375 0.736738703125
2 0.865625 0.7796875 0.86875 0.7796875 0.8734375 0.796875 0.871875 0.8015625 0.865625 0.7984375 0.865625 0.78125
2 0.5640625 0.48203125 0.01015625 0.053125
2 0.56875 0.45625 0.56875 0.4703125 0.565625 0.48125 0.5609375 0.4828125 0.5609375 0.4765625 0.5640625 0.4734375 0.5671875 0.4578125
2 0.8671875 0.778125 0.875 0.79375 0.8984375 0.796875 0.8921875 0.809375 0.8859375 0.8109375 0.8671875 0.8015625 0.865625 0.7796875
2 0.1375 0.628125 0.1421875 0.628125 0.146875 0.6328125 0.15 0.640625 0.15 0.64375 0.146875 0.6453125 0.1375 0.6296875
2 0.56875 0.453125 0.56875 0.4703125 0.5671875 0.471875 0.5671875 0.5 0.56875 0.5015625 0.5640625 0.5078125 0.5609375 0.50625 0.5609375 0.4859375 0.559375 0.484375 0.56875 0.4546875
2 0.7421875 0.49765625 0.0125 0.0453125
2 0.1359375 0.6046875 0.140625 0.609375 0.1359375 0.61875 0.1359375 0.6234375 0.140625 0.625 0.15 0.640625 0.15 0.64375 0.146875 0.6453125 0.1390625 0.634375 0.134375 0.63125 0.1328125 0.6140625 0.1359375 0.60625
2 0.571875 0.4296875 0.5703125 0.4453125 0.571875 0.45625 0.56875 0.471875 0.565625 0.48125 0.5640625 0.4828125 0.5609375 0.48125 0.571875 0.440625 0.571875 0.43125