2 0.509922821875 0.61394891875 0.5126791625 0.610019646875 0.5093715546875 0.6041257375 0.51212789375 0.6001964640625 0.50826901875 0.6051080546875001 0.5077177515625 0.61394891875 0.50441014375 0.6237721015625 0.5038588749999999 0.63948919375 0.50826901875 0.63948919375 0.5110253578124999 0.622789784375 0.509922821875 0.61394891875
2 0.45644983437500003 0.671905696875 0.45920617343750003 0.6660117875 0.457001103125 0.6699410609374999 0.45534729843750005 0.6650294703124999 0.44597574375000004 0.671905696875 0.43825799375 0.6709233796875 0.43770672499999996 0.6777996078124999 0.4393605296875 0.6817288796875001 0.4454244765625 0.6817288796875001 0.45644983437500003 0.671905696875
2 0.8737596468750001 0.6748526515625 0.8732083796874999 0.6444007859374999 0.869349503125 0.648330059375 0.8688937890625 0.67918795 0.8737596468750001 0.6748526515625
2 0.8687982359375 0.685658153125 0.8665931640625001 0.698428290625 0.8687982359375 0.7151277015625 0.874310915625 0.69253438125 0.8737596468750001 0.685658153125 0.8688907734375 0.679392175 0.8687982359375 0.685658153125
2 0.8710033078125001 0.6178781921875001 0.8737596468750001 0.6178781921875001 0.8765159875 0.6110019640625 0.8765159875 0.5746561890625 0.869349503125 0.5746561890625 0.8726571109375 0.584479371875 0.869349503125 0.5982318265625 0.8710033078125001 0.6178781921875001
2 0.8522601984374999 0.7170923375 0.8406835718749999 0.724950884375 0.8340683578125001 0.7337917484375 0.832965821875 0.7396856578125 0.83517089375 0.7406679765625 0.8472987875 0.7278978390625 0.8522601984374999 0.7170923375
1 0.5077177515625 0.6178781921875001 0.5049614109375 0.627701375 0.5077177515625 0.647347740625 0.5049614109375 0.6561886046875001 0.51212789375 0.659135559375 0.5170893046875 0.65324165 0.5132304296875 0.6375245578125 0.514884234375 0.62868369375 0.5214994484375 0.633595284375 0.5214994484375 0.6434184671875001 0.5303197359375 0.6434184671875001 0.5303197359375 0.635559921875 0.5226019843749999 0.61591355625 0.5259095921875 0.610019646875 0.527012128125 0.6021611 0.5242557890625 0.5795677796875001 0.50826901875 0.546168959375 0.5038588749999999 0.546168959375 0.5011025359375 0.55108055 0.5011025359375 0.5559921421875 0.5093715546875 0.5893909625 0.5077177515625 0.6178781921875001
1 0.3809261296875 0.99901768125 0.3869900765625 0.9705304515625001 0.3969129 0.94891945 0.39856670312500003 0.9263261296874999 0.3980154359375 0.9145383109375 0.394707828125 0.9017681734374999 0.3836824703125 0.88605108125 0.3853362734375 0.8683693515625001 0.3836824703125 0.86051080625 0.3748621828125 0.8595284875000001 0.3704520390625 0.8644400781250001 0.369349503125 0.8880157171875 0.3621830203125 0.8948919453125 0.35611907343750004 0.9056974453125 0.353362734375 0.9194499015625001 0.352811465625 0.93516699375 0.361631753125 0.94891945 0.36659316406250003 0.99901768125 0.3809261296875 0.99901768125
1 0.94597574375 0.722986246875 0.9470782796874999 0.7328094296875001 0.94597574375 0.74459725 0.9388092609375001 0.764243615625 0.93825799375 0.775049115625 0.93384785 0.7956778 0.923373759375 0.8064833 0.9222712234375001 0.8123772109375 0.929988975 0.8172888015625001 0.93825799375 0.8163064828125 0.9388092609375001 0.8025540281250001 0.9465270125 0.7829076625 0.948732084375 0.7671905703124999 0.9558985671875 0.762278978125 0.960308709375 0.7662082515625 0.9724366046874999 0.7917485265625 0.973539140625 0.7996070734375 0.9713340687500001 0.8045186640624999 0.9680264609375 0.8055009828124999 0.9691289968750001 0.8123772109375 0.9807056234375 0.8163064828125 0.9840132296874999 0.8133595281250001 0.9807056234375 0.788801571875 0.9680264609375 0.761296659375 0.9674751921875 0.7328094296875001 0.956449834375 0.6827111984374999 0.9465270125 0.66699410625 0.94211686875 0.65225933125 0.9360529218750001 0.6512770140625 0.93384785 0.6561886046875001 0.93439911875 0.667976425 0.9388092609375001 0.678781925 0.9393605296875001 0.7023575640625 0.927232634375 0.723968565625 0.9294377062500001 0.7269155203125 0.9349503859375 0.7210216109375 0.9432194046875001 0.719056975 0.94597574375 0.722986246875
1 0.0898566703125 0.698428290625 0.09371554531250001 0.6886051078125 0.09371554531250001 0.634577603125 0.09095920625000001 0.616895875 0.09371554531250001 0.5913555984375 0.0882028671875 0.5815324171875 0.08324145468750001 0.5815324171875 0.07828004375 0.5893909625 0.0777287765625 0.6051080546875001 0.0738699 0.6110019640625 0.068357221875 0.659135559375 0.0606394703125 0.673870334375 0.059536934374999996 0.686640471875 0.0567805953125 0.6944990171875001 0.059536934374999996 0.698428290625 0.0898566703125 0.698428290625
1 0.27232635 0.699410609375 0.274531421875 0.711198428125 0.2783902984375 0.7200392921875001 0.282800440625 0.7200392921875001 0.2822491734375 0.7082514734375 0.2783902984375 0.7003929265625 0.275082690625 0.6827111984374999 0.2783902984375 0.6748526515625 0.28445424531249996 0.6807465625 0.2866593171875 0.6886051078125 0.295479603125 0.7033398828124999 0.3004410140625 0.70530451875 0.30154355 0.6954813359375 0.29988974687500003 0.6905697453124999 0.2943770671875 0.686640471875 0.2899669234375 0.6748526515625 0.282800440625 0.6640471515625 0.27949283281250004 0.65324165 0.2778390296875 0.64243615 0.27949283281250004 0.6404715125 0.2822491734375 0.6444007859374999 0.28555678125 0.6434184671875001 0.28555678125 0.63948919375 0.2816979046875 0.62671905625 0.27232635 0.6119842828125 0.27177508281249996 0.6001964640625 0.26901874375 0.5933202359374999 0.2651598671875 0.5933202359374999 0.262403528125 0.597249509375 0.26074972500000004 0.6119842828125 0.2530319734375 0.62671905625 0.25192943749999996 0.6404715125 0.2590959203125 0.660117878125 0.2651598671875 0.686640471875 0.27232635 0.699410609375
1 0.19955898593750002 0.648330059375 0.200110253125 0.659135559375 0.20727673593749998 0.6640471515625 0.2111356125 0.6571709234374999 0.212789415625 0.660117878125 0.2122381484375 0.6640471515625 0.21885336249999998 0.667976425 0.2199558984375 0.6650294703124999 0.208930540625 0.65324165 0.20672546875000003 0.646365421875 0.208379271875 0.635559921875 0.20507166406250002 0.6296660125 0.2012127890625 0.6110019640625 0.202315325 0.6021611 0.20562293281250002 0.60117878125 0.20782800468749998 0.5923379171875001 0.20782800468749998 0.5805500984374999 0.19955898593750002 0.5658153234375 0.19900771718750002 0.55108055 0.196251378125 0.546168959375 0.191841234375 0.546168959375 0.18798235937500002 0.557956778125 0.18412348437499998 0.56286836875 0.17916207343749999 0.59037328125 0.179713340625 0.609037328125 0.1951488421875 0.6306483296875001 0.1957001109375 0.6385068765625 0.19955898593750002 0.648330059375
1 0.46471885312500005 0.6552062875 0.46471885312500005 0.660117878125 0.4696802640625 0.6581532421875 0.47353914062499997 0.661100196875 0.47353914062499997 0.673870334375 0.4707828 0.6905697453124999 0.47353914062499997 0.7023575640625 0.47905181875 0.712180746875 0.476846746875 0.7328094296875001 0.48070562343749995 0.7337917484375 0.49007717812499996 0.723968565625 0.49724366093750005 0.723968565625 0.49724366093750005 0.7161100203124999 0.4944873203125 0.6954813359375 0.4884233734375 0.678781925 0.489525909375 0.65225933125 0.485115765625 0.627701375 0.48070562343749995 0.61394891875 0.4746416765625 0.6051080546875001 0.472987871875 0.5943025546875 0.4696802640625 0.5923379171875001 0.46582138906250004 0.597249509375 0.4663726578125 0.609037328125 0.469128996875 0.6149312375 0.47023153281249996 0.64243615 0.46471885312500005 0.6552062875
1 0.8704520390624999 0.667976425 0.8726571109375 0.671905696875 0.8732083796874999 0.6886051078125 0.87210584375 0.7023575640625 0.865490628125 0.7200392921875001 0.8638368249999999 0.7544204328124999 0.857772878125 0.774066796875 0.8627342890625 0.7789783890625 0.86824696875 0.770137525 0.8748621828124999 0.724950884375 0.8897464171875 0.723968565625 0.8991179718750001 0.736738703125 0.9002205078125 0.7465618859375 0.9040793828125 0.7544204328124999 0.9040793828125 0.7662082515625 0.902425578125 0.770137525 0.8991179718750001 0.7711198421875001 0.8996692390625001 0.775049115625 0.9057331859375 0.7789783890625 0.9123484015625 0.7789783890625 0.9134509375000001 0.76915520625 0.911245865625 0.7534381140625 0.907386990625 0.737721021875 0.8996692390625001 0.719056975 0.894707828125 0.6817288796875001 0.890848953125 0.672888015625 0.8897464171875 0.661100196875 0.8781697906250001 0.634577603125 0.8765159875 0.622789784375 0.8737596468750001 0.6178781921875001 0.869349503125 0.6178781921875001 0.865490628125 0.6247544203125 0.865490628125 0.634577603125 0.8704520390624999 0.647347740625 0.869900771875 0.660117878125 0.8704520390624999 0.667976425