2 0.5358324140625 0.729862475 0.5385887546875 0.7278978390625 0.535281146875 0.7288801578124999 0.530871003125 0.724950884375 0.531422271875 0.7170923375 0.535281146875 0.7210216109375 0.5176405734375 0.698428290625 0.5165380374999999 0.7033398828124999 0.5132304296875 0.698428290625 0.531422271875 0.7269155203125 0.5358324140625 0.729862475
2 0.5071664828125 0.697445971875 0.50826901875 0.6895874265625 0.5 0.6709233796875 0.4994487328125 0.6650294703124999 0.49503858906250003 0.660117878125 0.49228224843749996 0.661100196875 0.4928335171875 0.6689587421875001 0.5 0.6827111984374999 0.5038588749999999 0.698428290625 0.5071664828125 0.697445971875
1 0.8114663734375 0.9931237718749999 0.8120176406249999 0.99901768125 0.8605292171875 0.99901768125 0.8632855562499999 0.9901768171875001 0.8632855562499999 0.97347740625 0.869900771875 0.969548134375 0.874310915625 0.994106090625 0.8787210578125 0.9931237718749999 0.8770672546875 0.9567779953125 0.8732083796874999 0.9361493125000001 0.8555678062500001 0.89882121875 0.83902976875 0.883104125 0.83902976875 0.8595284875000001 0.834619625 0.852652259375 0.8257993390625 0.851669940625 0.8224917312500001 0.85756385 0.8224917312500001 0.8742632609375001 0.824696803125 0.88408644375 0.8169790515625 0.8948919453125 0.8125689078124999 0.9086444015625 0.8109151046875 0.9390962671875001 0.8081587656250001 0.9449901765625001 0.8031973546875 0.9774066796875 0.799889746875 0.9833005890625 0.8009922828124999 0.9931237718749999 0.8054024249999999 0.995088409375 0.8070562296875 0.9872298625000001 0.8114663734375 0.9931237718749999
1 0.915656009375 0.84774066875 0.9162072765625 0.851669940625 0.9244762953125001 0.8555992140625 0.9327453140624999 0.8546168953125 0.9332965828124999 0.827111984375 0.9399117968749999 0.8339882125000001 0.9388092609375001 0.8300589390625 0.9415656015625 0.826129665625 0.9454244765625001 0.826129665625 0.9448732078125 0.8349705296875 0.960308709375 0.83300589375 0.960859978125 0.8300589390625 0.9570011031250001 0.82023575625 0.9531422265625 0.7848722984375 0.9696802640625 0.762278978125 0.9696802640625 0.7220039296875 0.9724366046874999 0.711198428125 0.9724366046874999 0.7033398828124999 0.9680264609375 0.686640471875 0.956449834375 0.6689587421875001 0.956449834375 0.65225933125 0.9509371546875001 0.6434184671875001 0.94211686875 0.6444007859374999 0.9388092609375001 0.6493123765625 0.93825799375 0.6561886046875001 0.9388092609375001 0.6689587421875001 0.9432194046875001 0.6777996078124999 0.9415656015625 0.7062868375 0.9448732078125 0.7318271125 0.93825799375 0.7524557953125 0.9244762953125001 0.775049115625 0.9222712234375001 0.7829076625 0.9222712234375001 0.8172888015625001 0.9250275640625001 0.8369351671875 0.9222712234375001 0.8428290765625001 0.915656009375 0.84774066875
1 0.371554575 0.711198428125 0.37651598750000004 0.7033398828124999 0.3792723265625 0.6915520625 0.378169790625 0.65225933125 0.3792723265625 0.627701375 0.3809261296875 0.622789784375 0.377618521875 0.5805500984374999 0.3814773984375 0.570726915625 0.3814773984375 0.5599214140625 0.3770672546875 0.55108055 0.369900771875 0.55108055 0.3649393609375 0.558939096875 0.36383682500000003 0.571709234375 0.3566703421875 0.5933202359374999 0.3544652703125 0.6434184671875001 0.3550165375 0.672888015625 0.352811465625 0.6768172890625 0.33572216093749996 0.684675834375 0.33020948125 0.699410609375 0.33076075 0.711198428125 0.33517089375000003 0.7072691546875001 0.352811465625 0.711198428125 0.371554575 0.711198428125
1 0.5896022390625 0.597249509375 0.588754134375 0.5923379171875001 0.5832414546875 0.5923379171875001 0.5832414546875 0.597249509375 0.5896022390625 0.597249509375
1 0.6124586546875 0.647347740625 0.6163175296875 0.647347740625 0.6163175296875 0.6296660125 0.609151046875 0.6257367390625 0.5997794921875 0.6110019640625 0.59095920625 0.6051080546875001 0.5900771781249999 0.6 0.5904079375 0.6041257375 0.58710033125 0.6051080546875001 0.5898566703125 0.6060903734374999 0.5920617421875 0.6178781921875001 0.59481808125 0.622789784375 0.606945975 0.634577603125 0.6124586546875 0.647347740625
1 0.551819184375 0.5540275046875001 0.547960309375 0.5609037328124999 0.5468577734375 0.570726915625 0.551267915625 0.570726915625 0.551267915625 0.556974459375 0.5551267921874999 0.55108055 0.55788313125 0.55108055 0.5650496140625 0.5599214140625 0.5650496140625 0.5854616890625 0.570011025 0.5923379171875001 0.5738699 0.5913555984375 0.5771775078125 0.5736738703125 0.5815876515625 0.571709234375 0.584895259375 0.56286836875 0.584895259375 0.5550098234374999 0.58213891875 0.5491159140625 0.5826901875 0.5402750484375 0.588754134375 0.5363457765625 0.597023153125 0.546168959375 0.600882028125 0.546168959375 0.600882028125 0.5422396859374999 0.59095920625 0.52455795625 0.5793825796875 0.517681728125 0.5694597578125 0.5157170921875001 0.5650496140625 0.5 0.5562293281249999 0.5 0.5545755234375 0.505893909375 0.5534729875 0.517681728125 0.555678059375 0.525540275 0.551819184375 0.53929273125 0.551819184375 0.5540275046875001
1 0.55788313125 0.667976425 0.5650496140625 0.685658153125 0.5650496140625 0.697445971875 0.559536934375 0.7328094296875001 0.5600882031250001 0.7406679765625 0.56615215 0.7406679765625 0.5711135609375 0.736738703125 0.572216096875 0.7328094296875001 0.5689084890625 0.723968565625 0.5694597578125 0.711198428125 0.572216096875 0.7062868375 0.5738699 0.6964636546875 0.5771775078125 0.6954813359375 0.5859977953125 0.7033398828124999 0.5937155453125 0.7328094296875001 0.5942668140625 0.7524557953125 0.5986769562500001 0.7544204328124999 0.605843440625 0.751473478125 0.6074972437499999 0.7455795671875001 0.599228225 0.7318271125 0.5981256890625 0.7161100203124999 0.5882028671875 0.6709233796875 0.589305403125 0.667976425 0.5876515984374999 0.661100196875 0.5876515984374999 0.64145383125 0.592613009375 0.6110019640625 0.5854465265625 0.5982318265625 0.584895259375 0.5746561890625 0.58213891875 0.570726915625 0.576074971875 0.5726915515625 0.5738699 0.5795677796875001 0.5738699 0.5913555984375 0.5650496140625 0.597249509375 0.55788313125 0.6110019640625 0.5534729875 0.622789784375 0.5534729875 0.627701375 0.5562293281249999 0.634577603125 0.55788313125 0.667976425
1 0.44597574375000004 0.6650294703124999 0.45038588749999997 0.66699410625 0.457001103125 0.6886051078125 0.46416758593749996 0.6954813359375 0.47023153281249996 0.74361493125 0.47353914062499997 0.7455795671875001 0.47739801562500006 0.7406679765625 0.4724366046875 0.7062868375 0.4740904078125 0.698428290625 0.4862183015625 0.712180746875 0.4867695703125 0.74459725 0.4906284453125 0.749508840625 0.4988974640625 0.749508840625 0.4994487328125 0.7465618859375 0.49503858906250003 0.736738703125 0.493936053125 0.7269155203125 0.4988974640625 0.7033398828124999 0.49724366093750005 0.698428290625 0.4884233734375 0.6886051078125 0.4779492828125 0.667976425 0.4746416765625 0.64243615 0.47739801562500006 0.63948919375 0.481808159375 0.6434184671875001 0.4944873203125 0.6640471515625 0.49558985624999996 0.6561886046875001 0.4823594265625 0.634577603125 0.4823594265625 0.6306483296875001 0.4762954796875 0.6178781921875001 0.46582138906250004 0.6051080546875001 0.46582138906250004 0.5933202359374999 0.4636163171875 0.5854616890625 0.4558985671875 0.5864440078125 0.4536934953125 0.5933202359374999 0.45534729843750005 0.609037328125 0.448732084375 0.6178781921875001 0.44487320781250006 0.627701375 0.443770671875 0.647347740625 0.4492833515625 0.659135559375 0.44597574375000004 0.661100196875 0.44597574375000004 0.6650294703124999
1 0.3401323046875 0.5471512765625001 0.3384785 0.557956778125 0.3423373765625 0.557956778125 0.3434399125 0.55108055 0.3461962515625 0.5491159140625 0.35170893125 0.533398821875 0.3539140015625 0.5383104125 0.352811465625 0.56286836875 0.3544652703125 0.5667976421875001 0.3550165375 0.582514734375 0.35722160937499997 0.5874263265625 0.3550165375 0.5874263265625 0.35611907343750004 0.59037328125 0.35170893125 0.5943025546875 0.3506063953125 0.608055009375 0.3550165375 0.608055009375 0.3566703421875 0.5893909625 0.3605292171875 0.5795677796875001 0.3605292171875 0.5609037328124999 0.365490628125 0.546168959375 0.369349503125 0.5412573671875001 0.3732083796875 0.5491159140625 0.377618521875 0.55009823125 0.3814773984375 0.5559921421875 0.3853362734375 0.570726915625 0.386438809375 0.583497053125 0.390848953125 0.5874263265625 0.3936052921875 0.5815324171875 0.39250275625 0.5687622796875 0.390297684375 0.5559921421875 0.38478500625 0.544204321875 0.382028665625 0.520628684375 0.37651598750000004 0.5 0.369900771875 0.4872298625 0.369349503125 0.482318271875 0.36383682500000003 0.474459725 0.3588754140625 0.47347740624999995 0.35611907343750004 0.46561886093749993 0.34840132343749997 0.46561886093749993 0.3472987875 0.47053045156250006 0.3472987875 0.5029469546875001 0.344542446875 0.51375245625 0.34288864375 0.5422396859374999 0.3401323046875 0.5471512765625001