2 0.7050716640625 0.7406679765625 0.7006615218750001 0.7328094296875001 0.69790518125 0.7328094296875001 0.700110253125 0.748526521875 0.7050716640625 0.7534381140625 0.7111356125 0.7524557953125 0.717199559375 0.7337917484375 0.7227122375 0.7278978390625 0.733737596875 0.7082514734375 0.7298787203125 0.7072691546875001 0.72326350625 0.7151277015625 0.7177508265625 0.729862475 0.7111356125 0.7396856578125 0.7050716640625 0.7406679765625
2 0.42502756406250003 0.6768172890625 0.42171995625 0.6768172890625 0.4101433296875 0.697445971875 0.39525909531250003 0.6954813359375 0.39581036406250003 0.7062868375 0.4101433296875 0.710216109375 0.4244762953125 0.6817288796875001 0.42502756406250003 0.6768172890625
2 0.481256890625 0.6886051078125 0.48566703437500003 0.6954813359375 0.48594266875000003 0.6895874265625 0.48897464218750003 0.6895874265625 0.489525909375 0.6954813359375 0.493384784375 0.6954813359375 0.5093715546875 0.6905697453124999 0.51212789375 0.685658153125 0.5115766265625 0.6817288796875001 0.49173098125000003 0.6886051078125 0.4696802640625 0.685658153125 0.4696802640625 0.6935167 0.47353914062499997 0.697445971875 0.48070562343749995 0.6954813359375 0.481256890625 0.6886051078125
2 0.2535832421875 0.87328094375 0.2546857765625 0.8811394890625 0.2574421171875 0.88408644375 0.26019845625000004 0.8801571703125 0.26130099218749997 0.86051080625 0.2651598671875 0.8438113953125 0.27287761875 0.821218075 0.27232635 0.8084479375000001 0.2651598671875 0.8094302546875 0.26460859999999997 0.826129665625 0.257993384375 0.851669940625 0.25633958125 0.8683693515625001 0.2535832421875 0.87328094375
2 0.469128996875 0.5422396859374999 0.4724366046875 0.5294695484374999 0.47353914062499997 0.517681728125 0.4779492828125 0.5029469546875001 0.4779492828125 0.494106090625 0.47353914062499997 0.494106090625 0.4707828 0.5 0.46802646093750006 0.5363457765625 0.465270121875 0.5383104125 0.4663726578125 0.5432220046875 0.469128996875 0.5422396859374999
1 0.8384785000000001 0.4440078578125 0.836273428125 0.4440078578125 0.832965821875 0.45972495156250004 0.8169790515625 0.479371315625 0.8175303203125001 0.482318271875 0.8235942671875 0.482318271875 0.836273428125 0.47347740624999995 0.8384785000000001 0.47347740624999995 0.8395810359375 0.479371315625 0.8291069453125001 0.531434184375 0.83020948125 0.5746561890625 0.824696803125 0.584479371875 0.8269018750000001 0.58840864375 0.834619625 0.58840864375 0.8384785000000001 0.584479371875 0.83902976875 0.533398821875 0.8406835718749999 0.5294695484374999 0.8500551265625 0.5294695484374999 0.8649393609375 0.5658153234375 0.8643880921875 0.5874263265625 0.8737596468750001 0.58840864375 0.8737596468750001 0.576620825 0.869349503125 0.5540275046875001 0.8605292171875 0.5284872296875001 0.865490628125 0.507858546875 0.8616317531250001 0.469548134375 0.8632855562499999 0.46267190625000004 0.8632855562499999 0.44499017656250006 0.85997795 0.4312377203125 0.8561190734374999 0.42436149375000004 0.8561190734374999 0.40667976406250006 0.8511576625 0.40176817343750004 0.8428886437499999 0.40176817343750004 0.8401323046875 0.40667976406250006 0.8395810359375 0.423379175 0.8439911796875 0.4312377203125 0.8434399125 0.43516699374999995 0.8384785000000001 0.4440078578125
1 0.7260198453125 0.6630648328125 0.7326350609375 0.685658153125 0.7298787203125 0.6944990171875001 0.7188533625 0.698428290625 0.7177508265625 0.7043222 0.724917309375 0.710216109375 0.7381477390625 0.7043222 0.73980154375 0.7170923375 0.737596471875 0.7318271125 0.7331863281250001 0.74361493125 0.7331863281250001 0.7524557953125 0.73594266875 0.7662082515625 0.7425578828125 0.7799607078124999 0.745865490625 0.7956778 0.745865490625 0.7996070734375 0.7386990078125 0.8133595281250001 0.7392502750000001 0.8172888015625001 0.7425578828125 0.8182711203125 0.7530319734375001 0.8172888015625001 0.75633958125 0.8133595281250001 0.75633958125 0.8045186640624999 0.7519294375000001 0.789783890625 0.75248070625 0.780943025 0.7651598671875 0.7838899796875001 0.768467475 0.7789783890625 0.7618522609375 0.762278978125 0.7613009921875 0.7465618859375 0.75633958125 0.7337917484375 0.7607497249999999 0.7062868375 0.7590959203125001 0.6915520625 0.7557883125 0.6777996078124999 0.7442116875 0.6502946953125 0.7425578828125 0.6404715125 0.73098125625 0.62671905625 0.7304299890625 0.609037328125 0.7243660421875 0.6021611 0.7177508265625 0.6060903734374999 0.717199559375 0.622789784375 0.7188533625 0.6306483296875001 0.724917309375 0.64243615 0.7260198453125 0.6630648328125
1 0.8649393609375 0.775049115625 0.8726571109375 0.762278978125 0.8820286656249999 0.7583497046875001 0.8836824703125 0.7534381140625 0.8776185218749999 0.738703340625 0.8792723265625 0.7062868375 0.869900771875 0.6561886046875001 0.8643880921875 0.6444007859374999 0.8588754140624999 0.63948919375 0.8555678062500001 0.6188605109374999 0.84674751875 0.6110019640625 0.83902976875 0.6188605109374999 0.83902976875 0.6326129671875 0.8428886437499999 0.6434184671875001 0.8428886437499999 0.6493123765625 0.8384785000000001 0.6660117875 0.8373759640625 0.6905697453124999 0.832965821875 0.7161100203124999 0.834619625 0.7278978390625 0.8307607499999999 0.7328094296875001 0.8313120171874999 0.762278978125 0.83517089375 0.76915520625 0.8434399125 0.774066796875 0.8649393609375 0.775049115625
1 0 0.98821218125 0.00441014375 0.99901768125 0.034729878125 0.99901768125 0.0358324140625 0.994106090625 0.042998896875 0.98821218125 0.0485115765625 0.969548134375 0.0468577734375 0.9528487234374999 0.042998896875 0.943025540625 0.04134509375 0.92436149375 0.03748621875 0.9145383109375 0.026460859375 0.90962671875 0.022601984375000002 0.903732809375 0.022601984375000002 0.8909626718749999 0.02480705625 0.8811394890625 0.024255789062499998 0.8693516703125 0.01212789375 0.8683693515625001 0.00441014375 0.877210215625 0.003858875 0.8870333984375 0.0071664828125 0.9056974453125 0 0.9155206281250001 0 0.98821218125
1 0.26901874375 0.7937131625 0.27122381406249996 0.787819253125 0.27287761875 0.7868369359375 0.2761852265625 0.7917485265625 0.2734288859375 0.7996070734375 0.27287761875 0.821218075 0.26791620781250003 0.8379174859375 0.2657111359375 0.8398821218749999 0.26019845625000004 0.8614931234375 0.2596471890625 0.8850687625000001 0.26130099218749997 0.9007858546874999 0.2546857765625 0.9145383109375 0.2590959203125 0.9194499015625001 0.26901874375 0.9165029468749999 0.27177508281249996 0.9007858546874999 0.2695700109375 0.8850687625000001 0.2734288859375 0.8683693515625001 0.2734288859375 0.8565815328124999 0.2772877625 0.8438113953125 0.2822491734375 0.8388998031250001 0.29217199531250004 0.82023575625 0.30264608593750003 0.8388998031250001 0.3042998890625 0.851669940625 0.3131201765625 0.877210215625 0.3169790515625 0.9056974453125 0.32414553437500004 0.9066797640625 0.32469680312500004 0.9007858546874999 0.3213891953125 0.8880157171875 0.319735390625 0.8624754421875 0.3169790515625 0.84774066875 0.3114663734375 0.832023575 0.3109151046875 0.8133595281250001 0.308158765625 0.7966601171875001 0.308158765625 0.750491159375 0.3103638375 0.7455795671875001 0.3169790515625 0.7544204328124999 0.3208379265625 0.7534381140625 0.3208379265625 0.7455795671875001 0.3125689078125 0.722986246875 0.3070562296875 0.7141453828125 0.29603087031249997 0.7072691546875001 0.291620728125 0.7013752453125 0.29217199531250004 0.684675834375 0.2899669234375 0.6777996078124999 0.2816979046875 0.6768172890625 0.2778390296875 0.6817288796875001 0.2778390296875 0.6944990171875001 0.2811466375 0.7082514734375 0.278941565625 0.7161100203124999 0.27067254687500003 0.729862475 0.26901874375 0.761296659375 0.2651598671875 0.776031434375 0.2635060640625 0.7927308453124999 0.26405733124999997 0.8045186640624999 0.2657111359375 0.80746561875 0.268467475 0.8045186640624999 0.26901874375 0.7937131625
1 0.1312017640625 0.6129666015625 0.1372657109375 0.61591355625 0.138919515625 0.620825146875 0.1394707828125 0.6512770140625 0.136163175 0.6620825140625 0.138368246875 0.699410609375 0.136163175 0.7151277015625 0.1416758546875 0.719056975 0.1460859984375 0.7141453828125 0.14663726562499999 0.7033398828124999 0.14443219375 0.686640471875 0.14718853437499999 0.661100196875 0.1565600875 0.647347740625 0.17364939375 0.6699410609374999 0.1747519296875 0.6777996078124999 0.18632855625 0.7043222 0.18798235937500002 0.7141453828125 0.1912899671875 0.7170923375 0.19790518125 0.7141453828125 0.19955898593750002 0.7062868375 0.191841234375 0.699410609375 0.1885336265625 0.69253438125 0.1824696796875 0.6640471515625 0.1742006609375 0.646365421875 0.1725468578125 0.6296660125 0.1659316421875 0.608055009375 0.165380375 0.60117878125 0.1708930546875 0.597249509375 0.1708930546875 0.58840864375 0.158765159375 0.56286836875 0.15159867656249998 0.5559921421875 0.1455347296875 0.53732809375 0.138919515625 0.53732809375 0.13506063906250002 0.5412573671875001 0.13065049687500002 0.556974459375 0.1295479609375 0.576620825 0.12568908437499998 0.584479371875 0.12568908437499998 0.6041257375 0.1312017640625 0.6129666015625
1 0.5523704515625 0.6748526515625 0.5468577734375 0.672888015625 0.5441014328125 0.6777996078124999 0.5441014328125 0.7347740671875 0.5468577734375 0.7406679765625 0.5534729875 0.7406679765625 0.5523704515625 0.6748526515625
1 0.551267915625 0.610019646875 0.5529217203125001 0.6326129671875 0.555678059375 0.6434184671875001 0.5523704515625 0.6640471515625 0.5562293281249999 0.6640471515625 0.563947078125 0.648330059375 0.5667034171875 0.6493123765625 0.57442116875 0.661100196875 0.5854465265625 0.686640471875 0.58710033125 0.6944990171875001 0.59536935 0.712180746875 0.597023153125 0.723968565625 0.601433296875 0.7269155203125 0.6041896359375001 0.723968565625 0.60363836875 0.7161100203124999 0.5964718859375 0.6935167 0.59481808125 0.6817288796875001 0.5837927234375 0.6502946953125 0.58213891875 0.6306483296875001 0.5793825796875 0.620825146875 0.5788313125 0.60117878125 0.581036384375 0.5923379171875001 0.581036384375 0.5795677796875001 0.5777287765625 0.56286836875 0.5738699 0.5550098234374999 0.563947078125 0.545186640625 0.5606394703124999 0.530451865625 0.5562293281249999 0.5294695484374999 0.551819184375 0.533398821875 0.551819184375 0.557956778125 0.5474090406250001 0.5687622796875 0.5474090406250001 0.60314341875 0.551267915625 0.610019646875
1 0.5214994484375 0.8143418468749999 0.5259095921875 0.8172888015625001 0.5297684671875 0.8123772109375 0.5319735390625 0.8045186640624999 0.5347298781250001 0.8084479375000001 0.539140021875 0.8084479375000001 0.5413450937500001 0.8035363453125001 0.5358324140625 0.7278978390625 0.539691290625 0.7023575640625 0.5418963609375 0.698428290625 0.542998896875 0.67976424375 0.5545755234375 0.65225933125 0.5551267921874999 0.6444007859374999 0.5523704515625 0.6375245578125 0.551267915625 0.6237721015625 0.5468577734375 0.6060903734374999 0.5347298781250001 0.597249509375 0.5358324140625 0.5795677796875001 0.5325248078125 0.5677799609374999 0.5220507171875 0.5687622796875 0.52094818125 0.5795677796875001 0.5226019843749999 0.5982318265625 0.5132304296875 0.6198428296875 0.5126791625 0.6817288796875001 0.514332965625 0.7416502953124999 0.5214994484375 0.7779960703125 0.5214994484375 0.8143418468749999
1 0.40904079375 0.544204321875 0.40959206249999996 0.5383104125 0.4057331859375 0.5383104125 0.402425578125 0.5491159140625 0.40022050781249996 0.55009823125 0.40022050781249996 0.558939096875 0.40738699062499995 0.5540275046875001 0.41124586562500004 0.5471512765625001 0.40904079375 0.544204321875
1 0.427232634375 0.57563850625 0.43164277812499996 0.5805500984374999 0.4349503859375 0.5795677796875001 0.43329658281250005 0.5559921421875 0.43825799375 0.5471512765625001 0.44266813593750004 0.5471512765625001 0.46085997812499996 0.5599214140625 0.47519294375000004 0.5923379171875001 0.4867695703125 0.5923379171875001 0.48566703437500003 0.5874263265625 0.47905181875 0.583497053125 0.4762954796875 0.5785854609375 0.47353914062499997 0.5658153234375 0.46416758593749996 0.5432220046875 0.457001103125 0.5363457765625 0.45203969062500005 0.52455795625 0.45314222656250003 0.495088409375 0.46306505 0.495088409375 0.4696802640625 0.5029469546875001 0.47353914062499997 0.5039292734374999 0.47519294375000004 0.49803536406250004 0.472987871875 0.49115913593749994 0.4597574421875 0.47838899843749993 0.436052921875 0.47053045156250006 0.4266813671875 0.474459725 0.4228224921875 0.48330058906250006 0.4228224921875 0.494106090625 0.4173098125 0.5235756390625 0.42392502812500005 0.5343811390625001 0.427232634375 0.57563850625
1 0.43439911875000004 0.627701375 0.4349503859375 0.65225933125 0.43880926093749995 0.6493123765625 0.44211686875 0.6404715125 0.44597574375000004 0.648330059375 0.448732084375 0.6777996078124999 0.45314222656250003 0.699410609375 0.452590959375 0.7092337921875 0.44818081562499995 0.712180746875 0.44707827968749997 0.719056975 0.4432194046875 0.725933203125 0.4432194046875 0.738703340625 0.44597574375000004 0.7455795671875001 0.4498346203125 0.7455795671875001 0.4558985671875 0.7170923375 0.45920617343750003 0.7161100203124999 0.469128996875 0.737721021875 0.4707828 0.7465618859375 0.4696802640625 0.7544204328124999 0.46471885312500005 0.7652259328125 0.4663726578125 0.76915520625 0.47353914062499997 0.76915520625 0.481808159375 0.761296659375 0.4823594265625 0.749508840625 0.4746416765625 0.729862475 0.4724366046875 0.7161100203124999 0.4663726578125 0.7023575640625 0.465270121875 0.6876227890625 0.4746416765625 0.62868369375 0.4762954796875 0.62671905625 0.4762954796875 0.6178781921875001 0.4636163171875 0.5854616890625 0.4492833515625 0.576620825 0.4492833515625 0.558939096875 0.4465270125 0.55108055 0.43825799375 0.5491159140625 0.43550165312500005 0.55009823125 0.43384785 0.5550098234374999 0.436052921875 0.5795677796875001 0.43164277812499996 0.5913555984375 0.43109151093750003 0.6129666015625 0.43439911875000004 0.627701375