1 0.3522601984375 0.9666011781250001 0.3461962515625 0.9557956781250001 0.34840132343749997 0.9440078578125 0.34674751875 0.9302554031250001 0.344542446875 0.9273084484374999 0.3379272328125 0.9273084484374999 0.33461962500000003 0.9322200390625 0.3340683578125 0.94891945 0.32579933906249997 0.953831040625 0.3213891953125 0.9783889984374999 0.3213891953125 0.99901768125 0.3500551265625 0.99901768125 0.3522601984375 0.995088409375 0.3522601984375 0.9666011781250001
1 0.2034178609375 0.98821218125 0.19955898593750002 0.9911591359375 0.2012127890625 0.995088409375 0.20562293281250002 0.9921414531250001 0.20948180781249998 0.994106090625 0.20672546875000003 0.9901768171875001 0.20727673593749998 0.98624754375 0.212789415625 0.98821218125 0.21719955937500002 0.995088409375 0.221058434375 0.995088409375 0.225468578125 0.98624754375 0.22657111406250002 0.9764243609375001 0.2320837921875 0.974459725 0.2342888640625 0.9705304515625001 0.2342888640625 0.9656188609375 0.23042998906249998 0.96070726875 0.22932745312499997 0.9332023578124999 0.22160970156249998 0.923379175 0.2205071671875 0.9017681734374999 0.2111356125 0.9017681734374999 0.208379271875 0.9066797640625 0.208379271875 0.92436149375 0.200661521875 0.9361493125000001 0.19845645 0.94891945 0.19790518125 0.9783889984374999 0.19845645 0.9813359531250001 0.2039691296875 0.9842829078124999 0.2034178609375 0.98821218125
1 0.3544652703125 0.774066796875 0.344542446875 0.7927308453124999 0.34399117968750004 0.800589390625 0.34674751875 0.8055009828124999 0.3461962515625 0.8163064828125 0.3423373765625 0.826129665625 0.3373759640625 0.8300589390625 0.3373759640625 0.83300589375 0.3472987875 0.8339882125000001 0.3511576625 0.826129665625 0.3522601984375 0.8182711203125 0.35611907343750004 0.8133595281250001 0.36824696874999996 0.84774066875 0.36328555625000003 0.8595284875000001 0.3649393609375 0.8624754421875 0.3726571109375 0.8624754421875 0.37651598750000004 0.85854616875 0.37651598750000004 0.8555992140625 0.373759646875 0.8388998031250001 0.369900771875 0.8280943031250001 0.36824696874999996 0.8113948921875 0.369349503125 0.8045186640624999 0.377618521875 0.7907662078125 0.378169790625 0.7662082515625 0.373759646875 0.7455795671875001 0.36383682500000003 0.7318271125 0.36328555625000003 0.723968565625 0.35997795 0.7151277015625 0.35556780625 0.7151277015625 0.3522601984375 0.7210216109375 0.352811465625 0.73084479375 0.35556780625 0.737721021875 0.35556780625 0.7662082515625 0.3544652703125 0.774066796875
1 0.8241455343749999 0.88605108125 0.8241455343749999 0.8909626718749999 0.820286659375 0.8978389 0.8208379265625 0.9125736734375 0.8252480703125 0.9145383109375 0.828555678125 0.91159135625 0.8335170890624999 0.92239685625 0.8335170890624999 0.9312377203125 0.8291069453125001 0.93713163125 0.8313120171874999 0.9636542234375 0.8511576625 0.9783889984374999 0.853362734375 0.99901768125 0.8814773984375 0.99901768125 0.8831312015625 0.994106090625 0.8820286656249999 0.9872298625000001 0.8765159875 0.9783889984374999 0.8737596468750001 0.9783889984374999 0.8643880921875 0.9577603140625 0.853362734375 0.9449901765625001 0.8484013234375001 0.9184675828125 0.8472987875 0.88605108125 0.8379272328124999 0.8595284875000001 0.8274531421875 0.840864440625 0.8257993390625 0.8241650296874999 0.8197353906249999 0.8182711203125 0.816427784375 0.821218075 0.81367144375 0.8300589390625 0.81367144375 0.8428290765625001 0.820286659375 0.851669940625 0.8213891953125 0.8791748531250001 0.8241455343749999 0.88605108125
1 0.5176405734375 0.6060903734374999 0.5303197359375 0.5943025546875 0.5303197359375 0.5795677796875001 0.526460859375 0.57760314375 0.5242557890625 0.5658153234375 0.5259095921875 0.52455795625 0.5242557890625 0.517681728125 0.5170893046875 0.506876228125 0.5154355015625 0.495088409375 0.5126791625 0.49115913593749994 0.5077177515625 0.492141453125 0.509922821875 0.56286836875 0.5154355015625 0.5933202359374999 0.5137816984375 0.6051080546875001 0.5176405734375 0.6060903734374999
1 0.390297684375 0.98624754375 0.38919514843749997 0.97544204375 0.3836824703125 0.9587426328124999 0.38478500625 0.9410609031250001 0.3809261296875 0.9312377203125 0.373759646875 0.9312377203125 0.3710033078125 0.9361493125000001 0.369349503125 0.94990176875 0.361631753125 0.9587426328124999 0.35722160937499997 0.974459725 0.35611907343750004 0.99901768125 0.394156559375 0.99901768125 0.394156559375 0.994106090625 0.390297684375 0.98624754375
1 0.4696802640625 0.5893909625 0.472987871875 0.582514734375 0.4746416765625 0.5854616890625 0.476846746875 0.609037328125 0.48070562343749995 0.610019646875 0.48070562343749995 0.5599214140625 0.485115765625 0.5422396859374999 0.485115765625 0.530451865625 0.48291069531249997 0.5225933203124999 0.47850055156250004 0.518664046875 0.476846746875 0.5088408640625001 0.47353914062499997 0.5029469546875001 0.469128996875 0.5039292734374999 0.468577728125 0.5166994109374999 0.46471885312500005 0.525540275 0.4636163171875 0.546168959375 0.4663726578125 0.5618860515625 0.4663726578125 0.5893909625 0.4696802640625 0.5893909625
1 0.7783902984375 0.6404715125 0.782800440625 0.6404715125 0.7877618515625 0.6306483296875001 0.795479603125 0.622789784375 0.8015435500000001 0.6110019640625 0.807607496875 0.6051080546875001 0.8109151046875 0.5923379171875001 0.8169790515625 0.584479371875 0.8169790515625 0.5658153234375 0.8092613015625 0.5422396859374999 0.8048511578124999 0.5412573671875001 0.8031973546875 0.5491159140625 0.795479603125 0.558939096875 0.7905181921875 0.608055009375 0.7822491734375 0.6306483296875001 0.7783902984375 0.635559921875 0.7783902984375 0.6404715125
1 0.1394707828125 0.647347740625 0.1477398015625 0.647347740625 0.15214994531249998 0.6404715125 0.15711135625 0.6365422390625 0.1642778390625 0.6365422390625 0.1686879828125 0.6306483296875001 0.16923925 0.622789784375 0.16482910625 0.6149312375 0.163726571875 0.5854616890625 0.1604189640625 0.571709234375 0.1565600875 0.56483300625 0.155457553125 0.5559921421875 0.151047409375 0.55108055 0.1438809265625 0.558939096875 0.142778390625 0.57563850625 0.1394707828125 0.5795677796875001 0.134509371875 0.5982318265625 0.13506063906250002 0.616895875 0.13175303124999999 0.622789784375 0.13175303124999999 0.6306483296875001 0.1394707828125 0.647347740625
1 0.0865490625 0.736738703125 0.081036384375 0.750491159375 0.08213891875 0.75540275 0.0854465265625 0.7583497046875001 0.09536934999999999 0.7573673875 0.09206174218749999 0.74361493125 0.105843440625 0.723968565625 0.106945975 0.7082514734375 0.13009922812500002 0.7033398828124999 0.12624035312499998 0.7023575640625 0.12568908437499998 0.699410609375 0.13009922812500002 0.6944990171875001 0.12293274531250001 0.67976424375 0.117971334375 0.660117878125 0.11852260156250001 0.646365421875 0.12127894218749999 0.6365422390625 0.12017640624999999 0.6316306484374999 0.114112459375 0.6306483296875001 0.11135611875 0.6404715125 0.10363836875000002 0.6561886046875001 0.101433296875 0.6571709234374999 0.09151047343749999 0.6817288796875001 0.09040793750000001 0.7013752453125 0.09206174218749999 0.7151277015625 0.08710033125 0.724950884375 0.0865490625 0.736738703125
1 0.8500551265625 0.6257367390625 0.8561190734374999 0.6444007859374999 0.8561190734374999 0.65324165 0.8528114656250001 0.6620825140625 0.8544652703125 0.6650294703124999 0.8605292171875 0.6650294703124999 0.8643880921875 0.659135559375 0.8638368249999999 0.648330059375 0.8660418968749999 0.6434184671875001 0.8621830203125 0.6188605109374999 0.869349503125 0.6051080546875001 0.869349503125 0.5785854609375 0.8632855562499999 0.5638506875 0.8566703421874999 0.5540275046875001 0.8550165375000001 0.546168959375 0.8522601984374999 0.5432220046875 0.8484013234375001 0.546168959375 0.8484013234375001 0.556974459375 0.8522601984374999 0.576620825 0.8522601984374999 0.6051080546875001 0.8500551265625 0.6257367390625
1 0.29933847812500003 0.99901768125 0.31863285625 0.99901768125 0.3208379265625 0.9911591359375 0.32249173125 0.9675834968749999 0.32579933906249997 0.9577603140625 0.32579933906249997 0.94990176875 0.3169790515625 0.9390962671875001 0.3175303203125 0.9194499015625001 0.3153252484375 0.91159135625 0.30981256875 0.9106090375000001 0.305402425 0.9155206281250001 0.3048511578125 0.93516699375 0.29713340625 0.9410609031250001 0.295479603125 0.953831040625 0.295479603125 0.9646365421875001 0.29272326406250004 0.979371315625 0.295479603125 0.994106090625 0.29933847812500003 0.99901768125
0 0.1460700109375 0.7570117875 0.1473417859375 0.7578899796874999 0.149514884375 0.757743615625 0.15045810312500002 0.755037328125 0.1505815875 0.7519666015625 0.14898180781249998 0.7516738703125 0.14783351718749999 0.75225933125 0.146316428125 0.7535019640625 0.14594707812500002 0.75467190625 0.1460700109375 0.7570117875