2 0.8544652703125 0.698428290625 0.8506063953125 0.6954813359375 0.8528114656250001 0.6905697453124999 0.8561190734374999 0.686640471875 0.8588754140624999 0.6915520625 0.8616317531250001 0.686640471875 0.8594266812500001 0.6817288796875001 0.8638368249999999 0.6748526515625 0.8649393609375 0.6817288796875001 0.8676957 0.6768172890625 0.8676957 0.667976425 0.87210584375 0.6709233796875 0.8809261296875001 0.6561886046875001 0.8809261296875001 0.65225933125 0.8770672546875 0.65225933125 0.8588754140624999 0.6817288796875001 0.8406835718749999 0.7023575640625 0.8357221609375 0.7023575640625 0.8357221609375 0.7072691546875001 0.83902976875 0.711198428125 0.8472987875 0.711198428125 0.8544652703125 0.698428290625
2 0.6074972437499999 0.6110019640625 0.6119073875 0.6051080546875001 0.6130099234374999 0.5992141453125 0.6102535828125 0.597249509375 0.6130099234374999 0.5923379171875001 0.6085997796875 0.597249509375 0.6080485109375 0.609037328125 0.605843440625 0.61394891875 0.601433296875 0.6178781921875001 0.601433296875 0.62671905625 0.6074972437499999 0.6257367390625 0.609702315625 0.61394891875 0.6074972437499999 0.6110019640625
2 0.6212789421875 0.5432220046875 0.6196251375 0.5432220046875 0.617420065625 0.55009823125 0.6163175296875 0.5667976421875001 0.614112459375 0.5726915515625 0.6130099234374999 0.5874263265625 0.6163175296875 0.58840864375 0.6207276734375 0.5638506875 0.6212789421875 0.5432220046875
2 0.059536934374999996 0.8614931234375 0.0694597578125 0.8438113953125 0.0694597578125 0.8398821218749999 0.067805953125 0.8388998031250001 0.063947078125 0.8438113953125 0.0501653796875 0.8683693515625001 0.0441014328125 0.872298625 0.042998896875 0.8762278984374999 0.0446527015625 0.8811394890625 0.056229328125 0.8752455796874999 0.059536934374999996 0.8614931234375
2 0.3770672546875 0.7406679765625 0.37651598750000004 0.737721021875 0.3726571109375 0.7406679765625 0.36383682500000003 0.7603143421875 0.35611907343750004 0.763261296875 0.3566703421875 0.770137525 0.3649393609375 0.76915520625 0.3732083796875 0.7524557953125 0.3770672546875 0.7406679765625
2 0.937706725 0.4872298625 0.9332965828124999 0.48330058906250006 0.9261301 0.482318271875 0.9250275640625001 0.47838899843749993 0.9217199562499999 0.479371315625 0.9222712234375001 0.4872298625 0.9310915109375 0.49115913593749994 0.937706725 0.4901768171875 0.937706725 0.4872298625
2 0.7287761859375 0.97347740625 0.72712238125 0.9774066796875 0.7304299890625 0.9783889984374999 0.7331863281250001 0.97347740625 0.7342888640624999 0.9646365421875001 0.7342888640624999 0.9440078578125 0.7304299890625 0.9194499015625001 0.7304299890625 0.8978389 0.7265711140625 0.8978389 0.7260198453125 0.943025540625 0.7265711140625 0.9528487234374999 0.7287761859375 0.9577603140625 0.7287761859375 0.97347740625
2 0.52094818125 0.6561886046875001 0.5234288859375 0.6517681734375 0.52094818125 0.647347740625 0.5220507171875 0.6444007859374999 0.5242557890625 0.6434184671875001 0.527012128125 0.647347740625 0.539140021875 0.6306483296875001 0.539140021875 0.62671905625 0.5347298781250001 0.627701375 0.52866593125 0.6385068765625 0.5126791625 0.648330059375 0.5126791625 0.6552062875 0.52094818125 0.6561886046875001
2 0.725468578125 0.9449901765625001 0.7276736500000001 0.9587426328124999 0.7260198453125 0.9774066796875 0.7298787203125 0.9783889984374999 0.733737596875 0.94891945 0.7304299890625 0.9390962671875001 0.7304299890625 0.9322200390625 0.7227122375 0.9332023578124999 0.7177508265625 0.9263261296874999 0.712789415625 0.9106090375000001 0.708930540625 0.9076620828124999 0.7094818078125 0.9263261296874999 0.717199559375 0.9361493125000001 0.721058434375 0.9361493125000001 0.725468578125 0.9449901765625001
2 0.7265711140625 0.8978389 0.7260198453125 0.9056974453125 0.7304299890625 0.9140471515625 0.7304299890625 0.8978389 0.7265711140625 0.8978389
2 0.7304299890625 0.93516699375 0.7304299890625 0.9194499015625001 0.7260198453125 0.9145383109375 0.7260198453125 0.9253438109375001 0.7265711140625 0.9302554031250001 0.7304299890625 0.93516699375
0 0.0584343984375 0.8644400781250001 0.0529217203125 0.8654223968749999 0.052370451562499996 0.872298625 0.054575523437499995 0.8752455796874999 0.059536934374999996 0.872298625 0.0584343984375 0.8644400781250001
1 0.1102535828125 0.5284872296875001 0.10859977968750001 0.571709234375 0.1157662625 0.5667976421875001 0.1163175296875 0.53929273125 0.11852260156250001 0.5294695484374999 0.12127894218749999 0.532416503125 0.122381478125 0.5530451859375 0.12403528125 0.5559921421875 0.12293274531250001 0.56286836875 0.12624035312499998 0.5687622796875 0.13065049687500002 0.5677799609374999 0.12568908437499998 0.5275049109375 0.12624035312499998 0.47347740624999995 0.12127894218749999 0.4646365421875 0.12072767343749999 0.453831040625 0.11466372656249998 0.4518664046875 0.1119073875 0.46267190625000004 0.10529217187499999 0.47249508906250004 0.10363836875000002 0.479371315625 0.10308710000000001 0.49115913593749994 0.10859977968750001 0.50098231875 0.10859977968750001 0.519646365625 0.1102535828125 0.5284872296875001
1 0.5 0.5412573671875001 0.5038588749999999 0.53732809375 0.5055126796875 0.5216110015625001 0.509922821875 0.507858546875 0.5126791625 0.506876228125 0.5159867703125001 0.51178781875 0.5154355015625 0.5294695484374999 0.5192943765625 0.530451865625 0.5214994484375 0.525540275 0.5214994484375 0.4774066796875 0.5198456453125 0.466601178125 0.51212789375 0.453831040625 0.5088202859375001 0.4440078578125 0.5049614109375 0.4459724953125 0.5038588749999999 0.453831040625 0.50441014375 0.49803536406250004 0.5027563390625 0.519646365625 0.4988974640625 0.533398821875 0.5 0.5412573671875001
1 0.83902976875 0.99901768125 0.8417861078125 0.995088409375 0.8384785000000001 0.94990176875 0.83517089375 0.93713163125 0.828555678125 0.9263261296874999 0.824696803125 0.9017681734374999 0.8208379265625 0.89882121875 0.81367144375 0.9007858546874999 0.8120176406249999 0.9056974453125 0.81367144375 0.9204322203125 0.8125689078124999 0.9253438109375001 0.8037486218750001 0.9322200390625 0.8042998890625 0.9616895875000001 0.8009922828124999 0.9911591359375 0.8026460859375 0.99901768125 0.83902976875 0.99901768125
1 0.9636163171875 0.9577603140625 0.9680264609375 0.995088409375 0.9785005515625 0.995088409375 0.985667034375 0.9813359531250001 0.9823594265625 0.9597249515625 0.985667034375 0.9567779953125 0.9862183015625 0.9528487234374999 0.9829106953125001 0.94793713125 0.981256890625 0.9361493125000001 0.9691289968750001 0.923379175 0.9674751921875 0.9106090375000001 0.9641675859375001 0.9017681734374999 0.9553472984375 0.89882121875 0.9514884234375 0.9066797640625 0.9531422265625 0.9263261296874999 0.9503858875000001 0.93516699375 0.960859978125 0.9557956781250001 0.9636163171875 0.9577603140625
1 0.38478500625 0.6954813359375 0.382579934375 0.7220039296875 0.3853362734375 0.7406679765625 0.3853362734375 0.762278978125 0.3831312015625 0.7652259328125 0.3853362734375 0.770137525 0.390297684375 0.7721021609375 0.3919514890625 0.7779960703125 0.3919514890625 0.7829076625 0.386438809375 0.7956778 0.393054025 0.7976424359375 0.39966923906249996 0.7927308453124999 0.39636163125 0.7416502953124999 0.402425578125 0.7151277015625 0.402425578125 0.7043222 0.39856670312500003 0.6886051078125 0.3980154359375 0.6777996078124999 0.394707828125 0.6650294703124999 0.3880926125 0.6512770140625 0.385887540625 0.6404715125 0.382579934375 0.63948919375 0.3792723265625 0.6434184671875001 0.3787210578125 0.660117878125 0.382028665625 0.673870334375 0.3831312015625 0.6935167 0.38478500625 0.6954813359375
1 0.7635060640625 0.99901768125 0.766262403125 0.994106090625 0.7646086000000001 0.9616895875000001 0.76019845625 0.953831040625 0.7513781703125 0.9194499015625001 0.7442116875 0.917485265625 0.7409040796874999 0.9214145390624999 0.7381477390625 0.9332023578124999 0.733737596875 0.9410609031250001 0.733737596875 0.94891945 0.73098125625 0.954813359375 0.7304299890625 0.97544204375 0.7265711140625 0.9842829078124999 0.7326350609375 0.99901768125 0.7635060640625 0.99901768125
1 0.0606394703125 0.877210215625 0.06339581093749999 0.8850687625000001 0.067805953125 0.8850687625000001 0.07056229375 0.866404715625 0.07828004375 0.8418467578125 0.0876515984375 0.832023575 0.0898566703125 0.8379174859375 0.0898566703125 0.8546168953125 0.084895259375 0.8899803531250001 0.0865490625 0.8929273078125 0.09095920625000001 0.8929273078125 0.09867695625 0.8850687625000001 0.09867695625 0.8821218078124999 0.09426681406250001 0.8791748531250001 0.09371554531250001 0.87328094375 0.101433296875 0.8300589390625 0.1003307609375 0.800589390625 0.10308710000000001 0.7789783890625 0.1025358328125 0.762278978125 0.0981256890625 0.749508840625 0.09151047343749999 0.7455795671875001 0.0854465265625 0.7328094296875001 0.0793825796875 0.7328094296875001 0.0755237046875 0.7406679765625 0.0777287765625 0.7573673875 0.072216096875 0.775049115625 0.07331863281249999 0.8300589390625 0.0606394703125 0.877210215625
1 0.8379272328124999 0.5982318265625 0.8401323046875 0.6051080546875001 0.83902976875 0.6149312375 0.8439911796875 0.616895875 0.8472987875 0.6129666015625 0.8439911796875 0.576620825 0.848952590625 0.546168959375 0.8506063953125 0.517681728125 0.8423373765625 0.479371315625 0.8379272328124999 0.479371315625 0.83517089375 0.4872298625 0.8335170890624999 0.53732809375 0.834619625 0.5874263265625 0.8307607499999999 0.5982318265625 0.8379272328124999 0.5982318265625
1 0.90463065 0.47053045156250006 0.9068357218750001 0.482318271875 0.9079382578124999 0.5029469546875001 0.9029768468749999 0.531434184375 0.90518191875 0.5363457765625 0.9101433296874999 0.5294695484374999 0.9151047406249999 0.530451865625 0.9173098124999999 0.52652259375 0.9173098124999999 0.4872298625 0.9244762953125001 0.47347740624999995 0.92557883125 0.44891945 0.918963615625 0.4361493125 0.9184123484375 0.42436149375000004 0.915656009375 0.4204322203125 0.9128996687500001 0.4204322203125 0.9095920625 0.4312377203125 0.9040793828125 0.44007858593750004 0.9035281140625001 0.45284872343749993 0.9002205078125 0.46267190625000004 0.9002205078125 0.468565815625 0.90463065 0.47053045156250006
1 0.636163175 0.6110019640625 0.6372657109375 0.62671905625 0.6356119078125 0.635559921875 0.64002205 0.6385068765625 0.642778390625 0.635559921875 0.6433296578125 0.5923379171875001 0.64057331875 0.58840864375 0.6394707828125 0.576620825 0.6433296578125 0.5599214140625 0.6433296578125 0.5471512765625001 0.636163175 0.5235756390625 0.6356119078125 0.5088408640625001 0.630099228125 0.5088408640625001 0.6229327453125 0.532416503125 0.621830209375 0.544204321875 0.6251378171875001 0.557956778125 0.6245865484374999 0.5864440078125 0.636163175 0.6110019640625
1 0.9404630656249999 0.6178781921875001 0.9426681359375 0.6257367390625 0.9437706718750001 0.64243615 0.9476295484374999 0.6493123765625 0.9503858875000001 0.661100196875 0.9509371546875001 0.684675834375 0.9575523703125001 0.685658153125 0.9597574421875 0.6817288796875001 0.960308709375 0.6689587421875001 0.9575523703125001 0.6110019640625 0.96306505 0.570726915625 0.9597574421875 0.5599214140625 0.952590959375 0.55009823125 0.9476295484374999 0.5294695484374999 0.9388092609375001 0.530451865625 0.9393605296875001 0.56286836875 0.937706725 0.5864440078125 0.9399117968749999 0.5982318265625 0.9404630656249999 0.6178781921875001
1 0.8836824703125 0.660117878125 0.882579934375 0.673870334375 0.885887540625 0.6807465625 0.886438809375 0.6944990171875001 0.890297684375 0.7043222 0.8853362734375001 0.723968565625 0.8914002203125 0.724950884375 0.9007717749999999 0.7200392921875001 0.9035281140625001 0.724950884375 0.90132304375 0.7406679765625 0.9079382578124999 0.7416502953124999 0.911245865625 0.735756384375 0.9128996687500001 0.7269155203125 0.9084895265625 0.719056975 0.9007717749999999 0.6944990171875001 0.9035281140625001 0.6571709234374999 0.9002205078125 0.646365421875 0.8996692390625001 0.635559921875 0.890848953125 0.61591355625 0.8831312015625 0.6041257375 0.8820286656249999 0.5933202359374999 0.8737596468750001 0.5933202359374999 0.8732083796874999 0.6051080546875001 0.8781697906250001 0.6149312375 0.87982359375 0.63948919375 0.8836824703125 0.660117878125
1 0.5474090406250001 0.6561886046875001 0.5485115765625 0.660117878125 0.551819184375 0.6640471515625 0.551819184375 0.6689587421875001 0.55788313125 0.6689587421875001 0.5600882031250001 0.6650294703124999 0.56174200625 0.622789784375 0.5689084890625 0.608055009375 0.5694597578125 0.5943025546875 0.563947078125 0.5687622796875 0.5562293281249999 0.5559921421875 0.555678059375 0.55108055 0.551819184375 0.546168959375 0.5490628453124999 0.546168959375 0.5468577734375 0.55009823125 0.5468577734375 0.5893909625 0.5441014328125 0.620825146875 0.5501653796875 0.64243615 0.5474090406250001 0.6561886046875001
1 0.42557883125 0.6110019640625 0.4266813671875 0.61394891875 0.436052921875 0.61394891875 0.43825799375 0.6110019640625 0.43770672499999996 0.5943025546875 0.4393605296875 0.584479371875 0.44432194062499997 0.584479371875 0.45038588749999997 0.5893909625 0.45203969062500005 0.5923379171875001 0.4536934953125 0.609037328125 0.457001103125 0.610019646875 0.460308709375 0.6041257375 0.460308709375 0.5923379171875001 0.4492833515625 0.5795677796875001 0.44487320781250006 0.570726915625 0.448732084375 0.525540275 0.4476295484375 0.5127701375 0.43880926093749995 0.4872298625 0.43439911875000004 0.48821218125000004 0.43384785 0.493123771875 0.43329658281250005 0.532416503125 0.429988975 0.558939096875 0.43109151093750003 0.6001964640625 0.42557883125 0.6110019640625