2 0.6212789421875 0.620825146875 0.622381478125 0.62671905625 0.6240352812500001 0.6257367390625 0.626240353125 0.620825146875 0.626240353125 0.6110019640625 0.621830209375 0.6198428296875 0.61521499375 0.6257367390625 0.6074972437499999 0.627701375 0.6041896359375001 0.6316306484374999 0.6041896359375001 0.6365422390625 0.6168687984375001 0.6296660125 0.6212789421875 0.620825146875
2 0.49173098125000003 0.5235756390625 0.493384784375 0.5235756390625 0.4969129 0.52455795625 0.496141125 0.5294695484374999 0.499889746875 0.52455795625 0.5 0.5294695484374999 0.5038588749999999 0.532416503125 0.5115766265625 0.533398821875 0.5132304296875 0.5284872296875001 0.5154355015625 0.5284872296875001 0.514884234375 0.533398821875 0.518191840625 0.533398821875 0.518743109375 0.5294695484374999 0.526460859375 0.5363457765625 0.52480705625 0.530451865625 0.5275633953125001 0.530451865625 0.5303197359375 0.5363457765625 0.530871003125 0.5343811390625001 0.5303197359375 0.530451865625 0.49117971406249994 0.5225933203124999 0.48566703437500003 0.51178781875 0.4823594265625 0.51178781875 0.48291069531249997 0.5235756390625 0.489525909375 0.5284872296875001 0.49228224843749996 0.5294695484374999 0.49173098125000003 0.5235756390625
2 0.0711135609375 0.84675835 0.0777287765625 0.851669940625 0.076626240625 0.8428290765625001 0.063947078125 0.827111984375 0.062293275 0.8300589390625 0.06504961406250001 0.8300589390625 0.063947078125 0.8339882125000001 0.0711135609375 0.84675835
2 0.1157662625 0.8683693515625001 0.114112459375 0.8634577609375 0.105843440625 0.8654223968749999 0.1047409046875 0.8683693515625001 0.10859977968750001 0.8762278984374999 0.1130099234375 0.8762278984374999 0.1157662625 0.8683693515625001
2 0.4173098125 0.776031434375 0.42116868749999997 0.7652259328125 0.42171995625 0.7544204328124999 0.42502756406250003 0.7406679765625 0.4244762953125 0.7337917484375 0.42061742031250005 0.7337917484375 0.4173098125 0.7455795671875001 0.41565600937499997 0.7662082515625 0.4200661515625 0.7681728875 0.41565600937499997 0.775049115625 0.4173098125 0.776031434375
2 0.369349503125 0.6385068765625 0.3770672546875 0.635559921875 0.382579934375 0.6434184671875001 0.3869900765625 0.6434184671875001 0.394707828125 0.6385068765625 0.39911797187500003 0.6316306484374999 0.39911797187500003 0.627701375 0.3969129 0.62671905625 0.390297684375 0.635559921875 0.3831312015625 0.6365422390625 0.3809261296875 0.627701375 0.37210584375 0.62671905625 0.3704520390625 0.635559921875 0.369349503125 0.635559921875 0.369349503125 0.6385068765625
1 0.377618521875 0.6640471515625 0.3836824703125 0.660117878125 0.394156559375 0.660117878125 0.39911797187500003 0.6561886046875001 0.39856670312500003 0.62671905625 0.40077177500000005 0.5815324171875 0.39966923906249996 0.5687622796875 0.394156559375 0.556974459375 0.394707828125 0.546168959375 0.39250275625 0.53929273125 0.3875413453125 0.5343811390625001 0.382579934375 0.53732809375 0.3792723265625 0.546168959375 0.3787210578125 0.558939096875 0.369349503125 0.5746561890625 0.36659316406250003 0.5943025546875 0.36383682500000003 0.6316306484374999 0.36824696874999996 0.63948919375 0.369349503125 0.660117878125 0.377618521875 0.6640471515625
1 0.5165380374999999 0.5923379171875001 0.514332965625 0.6129666015625 0.5192943765625 0.61394891875 0.52480705625 0.6051080546875001 0.527012128125 0.608055009375 0.526460859375 0.6178781921875001 0.5319735390625 0.620825146875 0.5341786109375 0.6178781921875001 0.5347298781250001 0.608055009375 0.5319735390625 0.5943025546875 0.533076075 0.5854616890625 0.5303197359375 0.5677799609374999 0.5303197359375 0.55108055 0.5319735390625 0.531434184375 0.5363836828124999 0.5108055015625 0.5358324140625 0.504911590625 0.5303197359375 0.49115913593749994 0.5226019843749999 0.48526522656250004 0.5214994484375 0.474459725 0.5198456453125 0.47249508906250004 0.5137816984375 0.474459725 0.5126791625 0.48821218125000004 0.50826901875 0.5039292734374999 0.506615215625 0.52455795625 0.5126791625 0.531434184375 0.51212789375 0.571709234375 0.5165380374999999 0.5923379171875001
1 0.9718853359375 0.8035363453125001 0.97519294375 0.8035363453125001 0.9779492828125 0.7996070734375 0.9779492828125 0.7799607078124999 0.9834619625000001 0.7524557953125 0.9906284453125 0.7465618859375 0.9994487328125 0.7652259328125 0.9994487328125 0.622789784375 0.996141125 0.622789784375 0.9944873203125001 0.627701375 0.99558985625 0.671905696875 0.9906284453125 0.7072691546875001 0.9834619625000001 0.7151277015625 0.981808159375 0.722986246875 0.973539140625 0.738703340625 0.9702315328125 0.7799607078124999 0.9663726578125 0.7917485265625 0.9680264609375 0.7996070734375 0.9718853359375 0.8035363453125001
1 0.1868798234375 0.974459725 0.18412348437499998 0.968565815625 0.1868798234375 0.94793713125 0.1852260203125 0.93713163125 0.1708930546875 0.93713163125 0.1686879828125 0.9577603140625 0.1565600875 0.9715127703125 0.15325248125 0.9833005890625 0.1543550171875 0.99901768125 0.1885336265625 0.99901768125 0.1868798234375 0.974459725
1 0.39911797187500003 0.5638506875 0.40518191875 0.5667976421875001 0.40628445468749996 0.5805500984374999 0.41124586562500004 0.5815324171875 0.41786108125 0.5746561890625 0.4173098125 0.5491159140625 0.41289966875 0.5363457765625 0.4123484015625 0.4872298625 0.40793825781250004 0.47544204375000004 0.40077177500000005 0.47249508906250004 0.394156559375 0.45776031406250006 0.390297684375 0.4587426328125 0.3869900765625 0.46561886093749993 0.3836824703125 0.49115913593749994 0.3875413453125 0.5147347734375 0.3936052921875 0.525540275 0.39911797187500003 0.5638506875
1 0.2326350609375 0.979371315625 0.23098125625 0.969548134375 0.23869900781250003 0.9410609031250001 0.2342888640625 0.93713163125 0.22601984531250002 0.9400785859375 0.22216097031249998 0.9449901765625001 0.2199558984375 0.96070726875 0.208930540625 0.9724950890624999 0.204520396875 0.9842829078124999 0.2039691296875 0.99901768125 0.2243660421875 0.99901768125 0.22712238125 0.98821218125 0.2326350609375 0.979371315625
1 0.0292172 0.8447937124999999 0.0275633953125 0.8811394890625 0.0319735390625 0.8978389 0.035281146875 0.9017681734374999 0.039140021875 0.9017681734374999 0.042998896875 0.8948919453125 0.042998896875 0.8909626718749999 0.0385887546875 0.8889980359375 0.034729878125 0.8821218078124999 0.03748621875 0.84577603125 0.033076074999999996 0.8094302546875 0.039140021875 0.7986247546875 0.0424476296875 0.800589390625 0.047960309374999996 0.8084479375000001 0.05181918437500001 0.821218075 0.063947078125 0.83300589375 0.06504961406250001 0.8300589390625 0.052370451562499996 0.801571709375 0.047960309374999996 0.7868369359375 0.0485115765625 0.7730844796875 0.0501653796875 0.7711198421875001 0.052370451562499996 0.75540275 0.055126792187499996 0.7524557953125 0.0589856671875 0.7406679765625 0.059536934374999996 0.7278978390625 0.0529217203125 0.7210216109375 0.0446527015625 0.723968565625 0.0385887546875 0.7475442046875 0.027012128125 0.7583497046875001 0.0088202859375 0.7917485265625 0.008269018749999999 0.8192534374999999 0.011576626562500001 0.8428290765625001 0.026460859375 0.8418467578125 0.0292172 0.8447937124999999
1 0.43439911875000004 0.7416502953124999 0.43550165312500005 0.7573673875 0.43329658281250005 0.780943025 0.43439911875000004 0.8241650296874999 0.43384785 0.8290766203125 0.427232634375 0.8388998031250001 0.43880926093749995 0.84577603125 0.44211686875 0.8418467578125 0.443770671875 0.788801571875 0.44597574375000004 0.7779960703125 0.4498346203125 0.775049115625 0.45203969062500005 0.7789783890625 0.47133406874999995 0.7829076625 0.47739801562500006 0.7868369359375 0.48070562343749995 0.7907662078125 0.4834619625 0.8035363453125001 0.4867695703125 0.7966601171875001 0.4867695703125 0.7789783890625 0.4840132296875 0.775049115625 0.4762954796875 0.775049115625 0.4724366046875 0.7711198421875001 0.4581036390625 0.7662082515625 0.4509371546875 0.7455795671875001 0.45203969062500005 0.7337917484375 0.45644983437500003 0.7170923375 0.45644983437500003 0.7033398828124999 0.432194046875 0.6827111984374999 0.42943770625 0.6650294703124999 0.42061742031250005 0.6650294703124999 0.41786108125 0.6699410609374999 0.4184123484375 0.6886051078125 0.4266813671875 0.723968565625 0.43439911875000004 0.7416502953124999
1 0.5981256890625 0.6807465625 0.6025358328125 0.6817288796875001 0.609151046875 0.6493123765625 0.6157662625 0.648330059375 0.617420065625 0.667976425 0.6168687984375001 0.698428290625 0.6185226015625 0.7023575640625 0.6212789421875 0.7023575640625 0.622381478125 0.67976424375 0.6240352812500001 0.6768172890625 0.625689084375 0.6198428296875 0.6312017640625001 0.5913555984375 0.6289966921875 0.5795677796875001 0.6207276734375 0.569744596875 0.6163175296875 0.5540275046875001 0.6102535828125 0.5559921421875 0.6080485109375 0.5746561890625 0.6047409046875 0.5795677796875001 0.60363836875 0.58840864375 0.6047409046875 0.6296660125 0.6030871 0.647347740625 0.5981256890625 0.6709233796875 0.5981256890625 0.6807465625
1 0.12403528125 0.99901768125 0.15159867656249998 0.99901768125 0.1527012125 0.9646365421875001 0.15214994531249998 0.9567779953125 0.14939360468750001 0.94990176875 0.15325248125 0.9322200390625 0.15159867656249998 0.9155206281250001 0.1433296578125 0.9155206281250001 0.138919515625 0.923379175 0.138368246875 0.93516699375 0.13561190781250002 0.9400785859375 0.1289966921875 0.9440078578125 0.121830209375 0.9557956781250001 0.11852260156250001 0.9646365421875001 0.11852260156250001 0.974459725 0.12072767343749999 0.9783889984374999 0.12403528125 0.99901768125