2 0.17861080468749999 0.851669940625 0.19018743124999998 0.8418467578125 0.192392503125 0.8339882125000001 0.18798235937500002 0.8349705296875 0.173098125 0.8506876234374999 0.16482910625 0.84675835 0.1565600875 0.8497053046874999 0.15711135625 0.8555992140625 0.1615215 0.85854616875 0.175854465625 0.8595284875000001 0.17861080468749999 0.851669940625
2 0.5110253578124999 0.750491159375 0.5093715546875 0.7426326125 0.5154355015625 0.7426326125 0.5198456453125 0.7288801578124999 0.5176405734375 0.7278978390625 0.5115766265625 0.7406679765625 0.49558985624999996 0.7524557953125 0.49173098125000003 0.7524557953125 0.4928335171875 0.762278978125 0.5011025359375 0.7652259328125 0.5077177515625 0.761296659375 0.5110253578124999 0.750491159375
2 0.192392503125 0.8339882125000001 0.18798235937500002 0.8349705296875 0.1742006609375 0.8497053046874999 0.1747519296875 0.8555992140625 0.1808158765625 0.8506876234374999 0.19018743124999998 0.8418467578125 0.192392503125 0.8339882125000001
1 0.8169790515625 0.51178781875 0.8169790515625 0.5363457765625 0.8125689078124999 0.5609037328124999 0.8131201765625 0.5677799609374999 0.8169790515625 0.5677799609374999 0.8213891953125 0.55009823125 0.8224917312500001 0.52652259375 0.8307607499999999 0.504911590625 0.83517089375 0.5039292734374999 0.8423373765625 0.5157170921875001 0.848952590625 0.5235756390625 0.8517089312499999 0.5235756390625 0.8517089312499999 0.5 0.848952590625 0.4901768171875 0.8517089312499999 0.4567779953125 0.8506063953125 0.441060903125 0.8472987875 0.4332023578125 0.8357221609375 0.42436149375000004 0.832965821875 0.4076620828125 0.8291069453125001 0.4056974453125 0.8224917312500001 0.4106090375 0.820286659375 0.4263261296875 0.8169790515625 0.4332023578125 0.8131201765625 0.45088408593749996 0.8131201765625 0.47347740624999995 0.816427784375 0.479371315625 0.820286659375 0.49607072656250006 0.8169790515625 0.51178781875
1 0.3434399125 0.6365422390625 0.345093715625 0.6385068765625 0.3522601984375 0.6316306484374999 0.35611907343750004 0.634577603125 0.3550165375 0.6768172890625 0.352811465625 0.6817288796875001 0.352811465625 0.6886051078125 0.3605292171875 0.6905697453124999 0.3649393609375 0.684675834375 0.361631753125 0.673870334375 0.361631753125 0.6660117875 0.3649393609375 0.62868369375 0.369349503125 0.6110019640625 0.369349503125 0.5559921421875 0.3643880921875 0.5432220046875 0.35942668125 0.53929273125 0.35942668125 0.525540275 0.3566703421875 0.517681728125 0.34785005468749997 0.517681728125 0.3461962515625 0.52455795625 0.3472987875 0.5383104125 0.3395810359375 0.55009823125 0.336273428125 0.5687622796875 0.336273428125 0.5795677796875001 0.34288864375 0.5874263265625 0.3401323046875 0.622789784375 0.3434399125 0.6365422390625
1 0.3042998890625 0.7278978390625 0.3042998890625 0.750491159375 0.30264608593750003 0.761296659375 0.29988974687500003 0.7662082515625 0.29988974687500003 0.775049115625 0.30319735468750003 0.7789783890625 0.307607496875 0.7779960703125 0.30981256875 0.751473478125 0.3125689078125 0.7426326125 0.31367144375 0.7200392921875001 0.3208379265625 0.7082514734375 0.32469680312500004 0.7082514734375 0.3274531421875 0.7151277015625 0.3340683578125 0.7200392921875001 0.3384785 0.719056975 0.3423373765625 0.725933203125 0.344542446875 0.7396856578125 0.35170893125 0.7573673875 0.35556780625 0.7829076625 0.3588754140625 0.7838899796875001 0.366041896875 0.7789783890625 0.36769569999999996 0.774066796875 0.3566703421875 0.7534381140625 0.35170893125 0.723968565625 0.3373759640625 0.684675834375 0.3379272328125 0.673870334375 0.3417861078125 0.661100196875 0.3423373765625 0.634577603125 0.33902976875 0.6178781921875001 0.3340683578125 0.609037328125 0.33461962500000003 0.584479371875 0.326901875 0.584479371875 0.32249173125 0.5933202359374999 0.32249173125 0.609037328125 0.3131201765625 0.622789784375 0.3092613015625 0.65225933125 0.3070562296875 0.6817288796875001 0.308158765625 0.712180746875 0.30595369375 0.7161100203124999 0.3042998890625 0.7278978390625
1 0.7613009921875 0.698428290625 0.7613009921875 0.7072691546875001 0.766262403125 0.7082514734375 0.775082690625 0.7043222 0.7778390296875 0.7161100203124999 0.7761852265625 0.722986246875 0.766262403125 0.7416502953124999 0.7657111359375001 0.7475442046875 0.7717750828125001 0.7583497046875001 0.7783902984375 0.762278978125 0.799889746875 0.7652259328125 0.8109151046875 0.75638506875 0.8142227125 0.749508840625 0.81367144375 0.736738703125 0.8048511578124999 0.73084479375 0.80981256875 0.710216109375 0.8031973546875 0.6571709234374999 0.7982359421874999 0.64243615 0.7916207281250001 0.634577603125 0.791069459375 0.6188605109374999 0.7855567812500001 0.6060903734374999 0.7772877625 0.6051080546875001 0.77287761875 0.6149312375 0.7761852265625 0.6385068765625 0.7701212796875 0.65324165 0.768467475 0.6817288796875001 0.7613009921875 0.698428290625
1 0.5292171999999999 0.570726915625 0.5347298781250001 0.584479371875 0.5413450937500001 0.584479371875 0.5413450937500001 0.576620825 0.5380374859375 0.5687622796875 0.531422271875 0.5658153234375 0.52480705625 0.55108055 0.5214994484375 0.5491159140625 0.5198456453125 0.55009823125 0.5242557890625 0.558939096875 0.5242557890625 0.5667976421875001 0.5292171999999999 0.570726915625
1 0.47960308749999997 0.5363457765625 0.4873208375 0.520628684375 0.48787210625000005 0.5088408640625001 0.49173098125000003 0.5 0.49724366093750005 0.5 0.5011025359375 0.5088408640625001 0.506615215625 0.507858546875 0.509922821875 0.5108055015625 0.5159867703125001 0.5108055015625 0.5170893046875 0.504911590625 0.5088202859375001 0.49803536406250004 0.5033076078125001 0.48821218125000004 0.496141125 0.48526522656250004 0.4862183015625 0.47544204375000004 0.47960308749999997 0.47347740624999995 0.4746416765625 0.45776031406250006 0.469128996875 0.4567779953125 0.46582138906250004 0.4616895875 0.46471885312500005 0.48330058906250006 0.46085997812499996 0.49115913593749994 0.457001103125 0.5098231828124999 0.45644983437500003 0.518664046875 0.45920617343750003 0.5235756390625 0.469128996875 0.532416503125 0.47960308749999997 0.5363457765625
1 0.21664829062500002 0.7996070734375 0.208379271875 0.8133595281250001 0.208930540625 0.82023575625 0.2116868796875 0.821218075 0.2227122375 0.8045186640624999 0.225468578125 0.8094302546875 0.2243660421875 0.8251473484374999 0.22160970156249998 0.8339882125000001 0.22160970156249998 0.8762278984374999 0.2199558984375 0.8850687625000001 0.2227122375 0.9312377203125 0.21775082656250003 0.94793713125 0.22160970156249998 0.9528487234374999 0.23042998906249998 0.9528487234374999 0.231532525 0.94891945 0.22932745312499997 0.9253438109375001 0.23042998906249998 0.8939096265625001 0.22877618593750002 0.8791748531250001 0.2364939359375 0.8595284875000001 0.2403528109375 0.8595284875000001 0.24586549062500002 0.872298625 0.24862182968750002 0.8889980359375 0.26019845625000004 0.91159135625 0.26405733124999997 0.92436149375 0.26405733124999997 0.94793713125 0.27287761875 0.94891945 0.2734288859375 0.9400785859375 0.2695700109375 0.9263261296874999 0.26791620781250003 0.902750490625 0.2651598671875 0.8880157171875 0.2590959203125 0.87131630625 0.2590959203125 0.84675835 0.25633958125 0.8251473484374999 0.25633958125 0.8045186640624999 0.262403528125 0.8035363453125001 0.262403528125 0.8133595281250001 0.26460859999999997 0.8172888015625001 0.268467475 0.8123772109375 0.26791620781250003 0.787819253125 0.2596471890625 0.7534381140625 0.25192943749999996 0.7416502953124999 0.2447629546875 0.7396856578125 0.2425578828125 0.735756384375 0.24200661562499998 0.712180746875 0.2403528109375 0.7072691546875001 0.23869900781250003 0.7043222 0.23098125625 0.7043222 0.22601984531250002 0.711198428125 0.22712238125 0.7426326125 0.22160970156249998 0.7544204328124999 0.2199558984375 0.7829076625 0.21664829062500002 0.7996070734375
1 0.0573318640625 0.64145383125 0.056229328125 0.6552062875 0.05181918437500001 0.6650294703124999 0.052370451562499996 0.6777996078124999 0.056229328125 0.6807465625 0.0606394703125 0.6777996078124999 0.06174200625 0.660117878125 0.067805953125 0.646365421875 0.070011025 0.633595284375 0.081036384375 0.6237721015625 0.09095920625000001 0.6434184671875001 0.09426681406250001 0.6434184671875001 0.099228225 0.6493123765625 0.100882028125 0.66699410625 0.1041896359375 0.672888015625 0.10529217187499999 0.6905697453124999 0.10749724375 0.6944990171875001 0.12127894218749999 0.6944990171875001 0.1251378171875 0.6905697453124999 0.1251378171875 0.6827111984374999 0.1157662625 0.6817288796875001 0.1124586546875 0.6758349703125 0.10804851093750001 0.63948919375 0.101433296875 0.6247544203125 0.0997794921875 0.610019646875 0.09536934999999999 0.5982318265625 0.09481808124999999 0.5638506875 0.08324145468750001 0.545186640625 0.0815876515625 0.530451865625 0.0738699 0.530451865625 0.07056229375 0.5363457765625 0.0694597578125 0.5491159140625 0.0611907390625 0.5599214140625 0.0589856671875 0.570726915625 0.0567805953125 0.5726915515625 0.0567805953125 0.5805500984374999 0.052370451562499996 0.595284871875 0.054575523437499995 0.6021611 0.052370451562499996 0.60314341875 0.062293275 0.6237721015625 0.0573318640625 0.64145383125
1 0.49558985624999996 0.673870334375 0.496141125 0.685658153125 0.4928335171875 0.6944990171875001 0.5011025359375 0.7013752453125 0.50441014375 0.698428290625 0.50441014375 0.6905697453124999 0.5011025359375 0.667976425 0.4988974640625 0.627701375 0.50441014375 0.616895875 0.5115766265625 0.6306483296875001 0.5126791625 0.6296660125 0.509922821875 0.6247544203125 0.5126791625 0.622789784375 0.5088202859375001 0.610019646875 0.5088202859375001 0.60117878125 0.514332965625 0.5923379171875001 0.5137816984375 0.5687622796875 0.5154355015625 0.5658153234375 0.5214994484375 0.5658153234375 0.5242557890625 0.558939096875 0.5137816984375 0.5402750484375 0.51212789375 0.5294695484374999 0.5005512671875 0.517681728125 0.5011025359375 0.5039292734374999 0.49503858906250003 0.495088409375 0.4884233734375 0.504911590625 0.4862183015625 0.52455795625 0.4823594265625 0.5294695484374999 0.47960308749999997 0.5383104125 0.47850055156250004 0.5736738703125 0.4867695703125 0.5874263265625 0.49117971406249994 0.6561886046875001 0.49558985624999996 0.673870334375
1 0.56560088125 0.75540275 0.5600882031250001 0.7534381140625 0.5600882031250001 0.762278978125 0.5650496140625 0.7652259328125 0.5667034171875 0.762278978125 0.56560088125 0.75540275
1 0.5214994484375 0.6640471515625 0.52480705625 0.671905696875 0.5214994484375 0.686640471875 0.5170893046875 0.6944990171875001 0.5165380374999999 0.7033398828124999 0.5214994484375 0.7161100203124999 0.5214994484375 0.7328094296875001 0.5319735390625 0.763261296875 0.5319735390625 0.76915520625 0.526460859375 0.7789783890625 0.5259095921875 0.7858546171875 0.53693495 0.787819253125 0.542998896875 0.78192534375 0.5441014328125 0.774066796875 0.5385887546875 0.7603143421875 0.5385887546875 0.7544204328124999 0.5336273421875 0.735756384375 0.5336273421875 0.724950884375 0.542998896875 0.7210216109375 0.5474090406250001 0.735756384375 0.5523704515625 0.74459725 0.5606394703124999 0.74459725 0.5600882031250001 0.7328094296875001 0.5529217203125001 0.719056975 0.5573318640625 0.6895874265625 0.5573318640625 0.672888015625 0.5463065046875 0.6306483296875001 0.5341786109375 0.6178781921875001 0.5253583234375 0.61394891875 0.5176405734375 0.597249509375 0.51212789375 0.597249509375 0.5093715546875 0.60117878125 0.5093715546875 0.6119842828125 0.5170893046875 0.646365421875 0.5214994484375 0.6571709234374999 0.5214994484375 0.6640471515625
1 0.42833517031249996 0.50098231875 0.42833517031249996 0.51178781875 0.43384785 0.519646365625 0.43825799375 0.5402750484375 0.43770672499999996 0.546168959375 0.43329658281250005 0.5559921421875 0.43770672499999996 0.558939096875 0.44597574375000004 0.557956778125 0.44818081562499995 0.5540275046875001 0.44818081562499995 0.532416503125 0.44597574375000004 0.51375245625 0.448732084375 0.507858546875 0.45644983437500003 0.507858546875 0.457001103125 0.4970530453125 0.46085997812499996 0.49115913593749994 0.46085997812499996 0.47053045156250006 0.4465270125 0.441060903125 0.439911796875 0.43222003906250006 0.4366041890625 0.4204322203125 0.427232634375 0.4204322203125 0.427232634375 0.43713163125000004 0.43439911875000004 0.46267190625000004 0.43439911875000004 0.4774066796875 0.42833517031249996 0.50098231875