2 0.3770672546875 0.633595284375 0.365490628125 0.622789784375 0.361631753125 0.6237721015625 0.361631753125 0.633595284375 0.3649393609375 0.63948919375 0.369349503125 0.63948919375 0.3770672546875 0.633595284375
2 0.20562293281250002 0.826129665625 0.2012127890625 0.827111984375 0.196251378125 0.8369351671875 0.191841234375 0.8398821218749999 0.1868798234375 0.8546168953125 0.1824696796875 0.8614931234375 0.18632855625 0.8634577609375 0.1857772875 0.8644400781250001 0.20286659375 0.8379174859375 0.20562293281250002 0.826129665625
2 0.17364939375 0.8889980359375 0.1857772875 0.8644400781250001 0.1830209484375 0.8693516703125 0.179713340625 0.8673870328125 0.1725468578125 0.8801571703125 0.16923925 0.8821218078124999 0.1708930546875 0.8889980359375 0.17364939375 0.8889980359375
2 0.5077177515625 0.609037328125 0.506063946875 0.60117878125 0.49558985624999996 0.5992141453125 0.49503858906250003 0.60314341875 0.49724366093750005 0.610019646875 0.50441014375 0.6129666015625 0.5077177515625 0.609037328125
1 0.8175303203125001 0.55009823125 0.8213891953125 0.5098231828124999 0.8241455343749999 0.506876228125 0.8417861078125 0.52652259375 0.8478500546875001 0.546168959375 0.8511576625 0.5422396859374999 0.8517089312499999 0.530451865625 0.8439911796875 0.518664046875 0.8423373765625 0.51178781875 0.834619625 0.5039292734374999 0.8379272328124999 0.4774066796875 0.8379272328124999 0.4567779953125 0.836273428125 0.4518664046875 0.836273428125 0.43713163125000004 0.8379272328124999 0.4312377203125 0.8318632859375 0.4184675828125 0.8313120171874999 0.3978389 0.8241455343749999 0.3978389 0.8213891953125 0.402750490625 0.8219404625 0.4204322203125 0.81863285625 0.441060903125 0.81863285625 0.469548134375 0.8158765156250001 0.494106090625 0.81367144375 0.5 0.8131201765625 0.53732809375 0.8114663734375 0.546168959375 0.8125689078124999 0.55108055 0.8175303203125001 0.55009823125
1 0.45534729843750005 0.5530451859375 0.45755237031249996 0.53929273125 0.4619625140625 0.531434184375 0.4663726578125 0.52652259375 0.47960308749999997 0.5216110015625001 0.48566703437500003 0.5275049109375 0.489525909375 0.545186640625 0.49503858906250003 0.5491159140625 0.49834619687500004 0.558939096875 0.5038588749999999 0.556974459375 0.5 0.5383104125 0.4873208375 0.5108055015625 0.4834619625 0.493123771875 0.48070562343749995 0.466601178125 0.47188533593750004 0.45284872343749993 0.46802646093750006 0.44007858593750004 0.46306505 0.4390962671875 0.460308709375 0.44695481406250004 0.46085997812499996 0.46070726874999995 0.4581036390625 0.466601178125 0.45755237031249996 0.47347740624999995 0.45920617343750003 0.48624754374999996 0.45644983437500003 0.494106090625 0.45534729843750005 0.5157170921875001 0.448732084375 0.53929273125 0.4476295484375 0.5530451859375 0.44211686875 0.56286836875 0.44211686875 0.5677799609374999 0.45148842343749995 0.5677799609374999 0.45203969062500005 0.5559921421875 0.45534729843750005 0.5530451859375
1 0.382028665625 0.711198428125 0.385887540625 0.7072691546875001 0.3875413453125 0.65324165 0.3919514890625 0.6434184671875001 0.394156559375 0.6434184671875001 0.39966923906249996 0.6571709234374999 0.40077177500000005 0.7033398828124999 0.402976846875 0.7072691546875001 0.4057331859375 0.7072691546875001 0.40738699062499995 0.7043222 0.4084895265625 0.672888015625 0.4084895265625 0.635559921875 0.4057331859375 0.6198428296875 0.4057331859375 0.6060903734374999 0.4084895265625 0.597249509375 0.41179713281249997 0.596267190625 0.41289966875 0.5854616890625 0.41124586562500004 0.571709234375 0.40738699062499995 0.5599214140625 0.39966923906249996 0.5530451859375 0.39911797187500003 0.5343811390625001 0.38974641718749997 0.5343811390625001 0.3880926125 0.5383104125 0.38974641718749997 0.5540275046875001 0.382579934375 0.5667976421875001 0.3809261296875 0.57563850625 0.382579934375 0.6188605109374999 0.3809261296875 0.686640471875 0.378169790625 0.7062868375 0.382028665625 0.711198428125
1 0.8219404625 0.647347740625 0.816427784375 0.647347740625 0.8114663734375 0.63948919375 0.8081587656250001 0.6385068765625 0.80595369375 0.63948919375 0.80595369375 0.646365421875 0.8092613015625 0.65225933125 0.8142227125 0.65324165 0.8213891953125 0.6640471515625 0.8274531421875 0.6650294703124999 0.8296582140625001 0.6699410609374999 0.8296582140625001 0.6748526515625 0.8180815875 0.6915520625 0.8175303203125001 0.7003929265625 0.8191841234374999 0.7043222 0.8257993390625 0.711198428125 0.8517089312499999 0.7151277015625 0.857772878125 0.7023575640625 0.8660418968749999 0.6954813359375 0.8660418968749999 0.6915520625 0.8594266812500001 0.6817288796875001 0.8594266812500001 0.6561886046875001 0.8566703421874999 0.6512770140625 0.8511576625 0.622789784375 0.8395810359375 0.6041257375 0.8373759640625 0.5893909625 0.8335170890624999 0.584479371875 0.8274531421875 0.584479371875 0.8257993390625 0.5874263265625 0.824696803125 0.5992141453125 0.8269018750000001 0.61394891875 0.8241455343749999 0.64243615 0.8219404625 0.647347740625
1 0 0.9901768171875001 0.0066152156249999995 0.99901768125 0.0176405734375 0.99901768125 0.0170893046875 0.9911591359375 0.012679162499999999 0.9852652265625 0.00441014375 0.94793713125 0.003858875 0.917485265625 0.011576626562500001 0.89685658125 0.0071664828125 0.8811394890625 0.001653803125 0.872298625 0 0.872298625 0 0.9901768171875001
1 0.22877618593750002 0.7573673875 0.22326350625 0.7671905703124999 0.21664829062500002 0.7917485265625 0.21334068281250002 0.7956778 0.212789415625 0.8045186640624999 0.21885336249999998 0.8035363453125001 0.22216097031249998 0.7917485265625 0.23042998906249998 0.7789783890625 0.2348401328125 0.762278978125 0.24145534687499998 0.75638506875 0.2469680265625 0.7671905703124999 0.24751929375 0.7799607078124999 0.2442116875 0.7848722984375 0.2342888640625 0.8133595281250001 0.2326350609375 0.84577603125 0.22767365 0.87328094375 0.23042998906249998 0.878192534375 0.2342888640625 0.8762278984374999 0.2342888640625 0.8644400781250001 0.23869900781250003 0.8555992140625 0.24145534687499998 0.8438113953125 0.24200661562499998 0.8251473484374999 0.2469680265625 0.8172888015625001 0.25192943749999996 0.821218075 0.26074972500000004 0.8428290765625001 0.262403528125 0.872298625 0.268467475 0.87328094375 0.26791620781250003 0.8388998031250001 0.26074972500000004 0.8133595281250001 0.2657111359375 0.80746561875 0.27232635 0.7868369359375 0.27232635 0.762278978125 0.2596471890625 0.712180746875 0.2480705625 0.7062868375 0.2469680265625 0.6915520625 0.24366041875 0.685658153125 0.23925027499999998 0.684675834375 0.2348401328125 0.6915520625 0.2348401328125 0.7023575640625 0.23814773906250003 0.7170923375 0.23098125625 0.738703340625 0.22877618593750002 0.7573673875
1 0.21830209531250003 0.5550098234374999 0.225468578125 0.5609037328124999 0.22657111406250002 0.571709234375 0.23042998906249998 0.5815324171875 0.23098125625 0.5913555984375 0.22877618593750002 0.60117878125 0.23042998906249998 0.6060903734374999 0.23814773906250003 0.608055009375 0.23869900781250003 0.597249509375 0.2409040796875 0.5943025546875 0.2469680265625 0.6021611 0.24751929375 0.6188605109374999 0.25192943749999996 0.620825146875 0.2590959203125 0.6129666015625 0.2590959203125 0.60117878125 0.23869900781250003 0.5746561890625 0.23869900781250003 0.5471512765625001 0.24145534687499998 0.5343811390625001 0.23594266875 0.51375245625 0.221058434375 0.48624754374999996 0.21719955937500002 0.48624754374999996 0.21389195156250002 0.4901768171875 0.212789415625 0.506876228125 0.2039691296875 0.5294695484374999 0.2039691296875 0.546168959375 0.208379271875 0.558939096875 0.212789415625 0.5599214140625 0.21830209531250003 0.5550098234374999
1 0.45534729843750005 0.5088408640625001 0.45479603125 0.520628684375 0.45755237031249996 0.52455795625 0.45644983437500003 0.532416503125 0.45203969062500005 0.530451865625 0.4558985671875 0.5383104125 0.45314222656250003 0.5559921421875 0.46085997812499996 0.557956778125 0.46416758593749996 0.5550098234374999 0.46416758593749996 0.55009823125 0.46306505 0.530451865625 0.4558985671875 0.5108055015625 0.45920617343750003 0.5 0.460308709375 0.4872298625 0.4581036390625 0.4715127703125 0.46085997812499996 0.4616895875 0.4614112453125 0.44990176875000004 0.46582138906250004 0.441060903125 0.46802646093750006 0.441060903125 0.4663726578125 0.43713163125000004 0.45755237031249996 0.4312377203125 0.452590959375 0.4204322203125 0.448732084375 0.4204322203125 0.4465270125 0.42436149375000004 0.44597574375000004 0.4361493125 0.45038588749999997 0.45776031406250006 0.452590959375 0.5019646359375 0.45534729843750005 0.5088408640625001
1 0.5170893046875 0.55108055 0.5165380374999999 0.5667976421875001 0.5088202859375001 0.5854616890625 0.506063946875 0.6001964640625 0.49558985624999996 0.60117878125 0.49724366093750005 0.608055009375 0.50441014375 0.610019646875 0.5077177515625 0.61394891875 0.5071664828125 0.633595284375 0.49724366093750005 0.6434184671875001 0.5038588749999999 0.6512770140625 0.5115766265625 0.6512770140625 0.5137816984375 0.647347740625 0.5132304296875 0.6365422390625 0.5165380374999999 0.5982318265625 0.518743109375 0.5923379171875001 0.52480705625 0.5913555984375 0.5275633953125001 0.584479371875 0.5297684671875 0.584479371875 0.5347298781250001 0.5923379171875001 0.5385887546875 0.61394891875 0.539140021875 0.635559921875 0.542998896875 0.63948919375 0.5468577734375 0.6385068765625 0.5441014328125 0.6306483296875001 0.5468577734375 0.6149312375 0.5441014328125 0.6110019640625 0.542998896875 0.596267190625 0.539140021875 0.58840864375 0.5380374859375 0.546168959375 0.5424476296875 0.5363457765625 0.5418963609375 0.5294695484374999 0.5336273421875 0.51178781875 0.527012128125 0.506876228125 0.5242557890625 0.48821218125000004 0.5176405734375 0.4872298625 0.5154355015625 0.493123771875 0.5159867703125001 0.506876228125 0.5126791625 0.51375245625 0.5115766265625 0.52455795625 0.5170893046875 0.55108055
1 0.5490628453124999 0.6129666015625 0.5441014328125 0.6296660125 0.5468577734375 0.633595284375 0.5529217203125001 0.6306483296875001 0.5573318640625 0.646365421875 0.5529217203125001 0.6709233796875 0.5529217203125001 0.6935167 0.5463065046875 0.6944990171875001 0.5463065046875 0.698428290625 0.5490628453124999 0.7033398828124999 0.5567805953125 0.7033398828124999 0.5600882031250001 0.7082514734375 0.5633958109375 0.722986246875 0.55788313125 0.735756384375 0.55788313125 0.7396856578125 0.56560088125 0.7406679765625 0.5716648296875 0.7347740671875 0.5733186328125 0.729862475 0.5711135609375 0.7141453828125 0.5738699 0.7023575640625 0.5694597578125 0.6895874265625 0.5678059531249999 0.6689587421875001 0.57442116875 0.63948919375 0.5738699 0.6041257375 0.5689084890625 0.5854616890625 0.56560088125 0.5795677796875001 0.5545755234375 0.571709234375 0.551267915625 0.5550098234374999 0.54520396875 0.556974459375 0.5435501656249999 0.5599214140625 0.5435501656249999 0.5677799609374999 0.5468577734375 0.5805500984374999 0.5490628453124999 0.6129666015625
1 0.5474090406250001 0.5294695484374999 0.5457552375 0.533398821875 0.547960309375 0.53732809375 0.564498346875 0.533398821875 0.56615215 0.5422396859374999 0.562293275 0.576620825 0.570011025 0.58840864375 0.5738699 0.57760314375 0.5771775078125 0.5815324171875 0.581036384375 0.6110019640625 0.58213891875 0.6375245578125 0.5837927234375 0.6434184671875001 0.5876515984374999 0.6434184671875001 0.5865490624999999 0.5432220046875 0.59095920625 0.533398821875 0.59095920625 0.517681728125 0.58710033125 0.5039292734374999 0.57828004375 0.48821218125000004 0.576626240625 0.4774066796875 0.570011025 0.474459725 0.5678059531249999 0.47838899843749993 0.5606394703124999 0.51178781875 0.5600882031250001 0.5235756390625 0.55402425625 0.5294695484374999 0.5474090406250001 0.5294695484374999