2 0.20562293281250002 0.8398821218749999 0.2160970234375 0.827111984375 0.21830209531250003 0.82023575625 0.208379271875 0.827111984375 0.19845645 0.8428290765625001 0.1885336265625 0.8438113953125 0.18357221562499998 0.8487229859375001 0.1830209484375 0.851669940625 0.1852260203125 0.8546168953125 0.19955898593750002 0.851669940625 0.20562293281250002 0.8398821218749999
1 0.857221609375 0.47544204375000004 0.8511576625 0.469548134375 0.844542446875 0.469548134375 0.8439911796875 0.47838899843749993 0.8472987875 0.482318271875 0.8588754140624999 0.481335953125 0.857221609375 0.47544204375000004
1 0.8169790515625 0.5402750484375 0.820286659375 0.5471512765625001 0.8208379265625 0.5609037328124999 0.8241455343749999 0.56286836875 0.8257993390625 0.557956778125 0.8241455343749999 0.532416503125 0.8257993390625 0.49115913593749994 0.8274531421875 0.48821218125000004 0.8313120171874999 0.49115913593749994 0.8384785000000001 0.50098231875 0.8450937156249999 0.49901768124999996 0.8434399125 0.482318271875 0.8401323046875 0.480353634375 0.834619625 0.469548134375 0.834619625 0.43222003906250006 0.828555678125 0.4184675828125 0.8197353906249999 0.4056974453125 0.816427784375 0.389980353125 0.8087100328125001 0.3889980359375 0.8048511578124999 0.3958742625 0.80595369375 0.417485265625 0.8009922828124999 0.42730844843750004 0.8004410140625 0.4361493125 0.799889746875 0.455795678125 0.8081587656250001 0.47544204375000004 0.81367144375 0.5225933203124999 0.8169790515625 0.5402750484375
1 0.3401323046875 0.7544204328124999 0.3472987875 0.736738703125 0.3511576625 0.7151277015625 0.35556780625 0.711198428125 0.3605292171875 0.719056975 0.3643880921875 0.7210216109375 0.366041896875 0.7278978390625 0.3643880921875 0.748526521875 0.35997795 0.7662082515625 0.3605292171875 0.7789783890625 0.365490628125 0.787819253125 0.3687982359375 0.7907662078125 0.3704520390625 0.787819253125 0.369349503125 0.7583497046875001 0.3732083796875 0.749508840625 0.3754134515625 0.736738703125 0.373759646875 0.67976424375 0.3770672546875 0.6571709234374999 0.3809261296875 0.647347740625 0.382579934375 0.620825146875 0.3814773984375 0.6110019640625 0.3748621828125 0.60117878125 0.3770672546875 0.583497053125 0.3732083796875 0.5746561890625 0.369349503125 0.5746561890625 0.3649393609375 0.5805500984374999 0.36383682500000003 0.6001964640625 0.353362734375 0.616895875 0.344542446875 0.686640471875 0.3434399125 0.7151277015625 0.33902976875 0.725933203125 0.332965821875 0.7652259328125 0.33020948125 0.7711198421875001 0.3296582140625 0.7789783890625 0.33131201718750003 0.7838899796875001 0.3379272328125 0.7829076625 0.3401323046875 0.7544204328124999
1 0.7811466375 0.6944990171875001 0.774531421875 0.7062868375 0.76901874375 0.7072691546875001 0.7679162078124999 0.7200392921875001 0.7723263499999999 0.7200392921875001 0.7783902984375 0.711198428125 0.7883131203125 0.710216109375 0.78941565625 0.712180746875 0.7861080484375 0.723968565625 0.7866593171875 0.736738703125 0.7921719953124999 0.7524557953125 0.80595369375 0.75638506875 0.8224917312500001 0.75638506875 0.8296582140625001 0.7534381140625 0.8313120171874999 0.748526521875 0.8307607499999999 0.7396856578125 0.8208379265625 0.723968565625 0.8213891953125 0.7161100203124999 0.8252480703125 0.7082514734375 0.8241455343749999 0.6915520625 0.8125689078124999 0.6493123765625 0.8009922828124999 0.6316306484374999 0.799889746875 0.6178781921875001 0.795479603125 0.6110019640625 0.7877618515625 0.609037328125 0.783351709375 0.6149312375 0.7839029765625 0.6306483296875001 0.787210584375 0.6404715125 0.7850055125 0.673870334375 0.7811466375 0.6944990171875001
1 0.122381478125 0.66699410625 0.12458654843750001 0.6777996078124999 0.12403528125 0.6886051078125 0.1163175296875 0.699410609375 0.1157662625 0.7062868375 0.12017640624999999 0.710216109375 0.1295479609375 0.711198428125 0.1328555671875 0.7033398828124999 0.1328555671875 0.6365422390625 0.136163175 0.6257367390625 0.142227121875 0.633595284375 0.1433296578125 0.65225933125 0.1477398015625 0.6660117875 0.1488423375 0.6886051078125 0.1543550171875 0.6895874265625 0.1604189640625 0.6817288796875001 0.1598676953125 0.672888015625 0.1527012125 0.6640471515625 0.15214994531249998 0.633595284375 0.150496140625 0.6247544203125 0.150496140625 0.597249509375 0.154906284375 0.5854616890625 0.1543550171875 0.56286836875 0.15159867656249998 0.55009823125 0.1433296578125 0.53732809375 0.13561190781250002 0.531434184375 0.134509371875 0.520628684375 0.13065049687500002 0.5166994109374999 0.1267916203125 0.517681728125 0.122381478125 0.52455795625 0.12072767343749999 0.5363457765625 0.1119073875 0.556974459375 0.10859977968750001 0.5864440078125 0.11962513749999999 0.5893909625 0.12127894218749999 0.5933202359374999 0.122381478125 0.66699410625
1 0.526460859375 0.6748526515625 0.531422271875 0.64145383125 0.5424476296875 0.6149312375 0.5468577734375 0.6178781921875001 0.5523704515625 0.6326129671875 0.555678059375 0.6365422390625 0.5633958109375 0.686640471875 0.562293275 0.698428290625 0.5694597578125 0.699410609375 0.57442116875 0.6954813359375 0.5689084890625 0.6807465625 0.5678059531249999 0.6552062875 0.5589856671875 0.5923379171875001 0.5606394703124999 0.582514734375 0.563947078125 0.5785854609375 0.563947078125 0.5638506875 0.559536934375 0.5383104125 0.547960309375 0.525540275 0.5490628453124999 0.506876228125 0.5468577734375 0.5 0.539691290625 0.5 0.535281146875 0.506876228125 0.5347298781250001 0.517681728125 0.5363836828124999 0.52455795625 0.5259095921875 0.546168959375 0.5242557890625 0.557956778125 0.5297684671875 0.5726915515625 0.5297684671875 0.5913555984375 0.5259095921875 0.6110019640625 0.5253583234375 0.627701375 0.5242557890625 0.633595284375 0.5220507171875 0.635559921875 0.52094818125 0.65225933125 0.5203969125000001 0.6964636546875 0.5237045203124999 0.698428290625 0.5259095921875 0.6954813359375 0.526460859375 0.6748526515625
1 0.6080485109375 0.6660117875 0.6003307609374999 0.6886051078125 0.6003307609374999 0.6944990171875001 0.60363836875 0.6944990171875001 0.6157662625 0.6748526515625 0.6207276734375 0.684675834375 0.6229327453125 0.6944990171875001 0.6212789421875 0.7033398828124999 0.6212789421875 0.7269155203125 0.6295479609375 0.7524557953125 0.6295479609375 0.75638506875 0.625689084375 0.7583497046875001 0.622381478125 0.7652259328125 0.6273428890625 0.7711198421875001 0.6372657109375 0.7721021609375 0.64002205 0.770137525 0.64057331875 0.762278978125 0.6433296578125 0.7593320234375 0.65325248125 0.7711198421875001 0.6543550171875 0.7868369359375 0.65711135625 0.79469548125 0.6626240359375 0.7917485265625 0.6659316421875 0.7789783890625 0.665380375 0.763261296875 0.6565600875000001 0.7583497046875001 0.6444321937499999 0.7455795671875001 0.6389195156249999 0.7347740671875 0.6394707828125 0.7082514734375 0.6433296578125 0.6935167 0.6433296578125 0.684675834375 0.638368246875 0.6630648328125 0.6389195156249999 0.647347740625 0.6334068359375 0.635559921875 0.6146637265625 0.616895875 0.6124586546875 0.6041257375 0.605843440625 0.5982318265625 0.601433296875 0.6001964640625 0.6003307609374999 0.6129666015625 0.6052921718750001 0.6296660125 0.6047409046875 0.6502946953125 0.6080485109375 0.6660117875
1 0.46802646093750006 0.576620825 0.4707828 0.5874263265625 0.47353914062499997 0.58840864375 0.4823594265625 0.56483300625 0.49117971406249994 0.55009823125 0.514884234375 0.55108055 0.518743109375 0.558939096875 0.5220507171875 0.558939096875 0.5226019843749999 0.525540275 0.52866593125 0.517681728125 0.5259095921875 0.5108055015625 0.5259095921875 0.5 0.523153253125 0.4901768171875 0.5242557890625 0.47838899843749993 0.52094818125 0.47347740624999995 0.5154355015625 0.474459725 0.5115766265625 0.48526522656250004 0.5038588749999999 0.4872298625 0.4928335171875 0.5039292734374999 0.4867695703125 0.5363457765625 0.4834619625 0.5383104125 0.472987871875 0.570726915625 0.46802646093750006 0.576620825
1 0.518191840625 0.47249508906250004 0.5242557890625 0.482318271875 0.5214994484375 0.4872298625 0.5297684671875 0.48330058906250006 0.5303197359375 0.46561886093749993 0.52866593125 0.453831040625 0.5198456453125 0.4312377203125 0.5132304296875 0.4312377203125 0.5005512671875 0.455795678125 0.5005512671875 0.482318271875 0.50826901875 0.48624754374999996 0.514332965625 0.480353634375 0.518191840625 0.47249508906250004
1 0.33020948125 0.6306483296875001 0.32249173125 0.6493123765625 0.3169790515625 0.673870334375 0.3142227125 0.678781925 0.31367144375 0.685658153125 0.3169790515625 0.6895874265625 0.3208379265625 0.6876227890625 0.33020948125 0.65422396875 0.340683571875 0.6316306484374999 0.3461962515625 0.6296660125 0.34785005468749997 0.634577603125 0.348952590625 0.633595284375 0.353362734375 0.61394891875 0.3605292171875 0.60117878125 0.361631753125 0.5854616890625 0.3687982359375 0.5726915515625 0.369349503125 0.5550098234374999 0.3643880921875 0.546168959375 0.3621830203125 0.53732809375 0.3649393609375 0.5216110015625001 0.3621830203125 0.5166994109374999 0.353362734375 0.517681728125 0.35170893125 0.520628684375 0.3511576625 0.5353634578124999 0.3423373765625 0.5432220046875 0.33076075 0.5687622796875 0.33076075 0.57563850625 0.33572216093749996 0.5874263265625 0.33461962500000003 0.610019646875 0.33020948125 0.6306483296875001
1 0.2348401328125 0.787819253125 0.2348401328125 0.7917485265625 0.23814773906250003 0.7956778 0.2480705625 0.7799607078124999 0.25192943749999996 0.7789783890625 0.25192943749999996 0.7996070734375 0.24751929375 0.8379174859375 0.2464167578125 0.8654223968749999 0.24862182968750002 0.89685658125 0.24751929375 0.90962671875 0.24366041875 0.9194499015625001 0.2447629546875 0.9273084484374999 0.2480705625 0.9273084484374999 0.25633958125 0.9184675828125 0.25633958125 0.851669940625 0.2651598671875 0.8290766203125 0.268467475 0.8290766203125 0.27287761875 0.8388998031250001 0.274531421875 0.85756385 0.2811466375 0.88605108125 0.27949283281250004 0.9017681734374999 0.2816979046875 0.90962671875 0.2861080484375 0.9135559921875 0.28941565625 0.90962671875 0.28941565625 0.902750490625 0.2866593171875 0.89685658125 0.2866593171875 0.85854616875 0.2822491734375 0.8428290765625001 0.282800440625 0.8035363453125001 0.28059536875 0.7534381140625 0.2822491734375 0.750491159375 0.2866593171875 0.7524557953125 0.295479603125 0.7711198421875001 0.295479603125 0.775049115625 0.29933847812500003 0.78192534375 0.30154355 0.7789783890625 0.2982359421875 0.7583497046875001 0.28555678125 0.7288801578124999 0.2778390296875 0.7161100203124999 0.26901874375 0.711198428125 0.2657111359375 0.7062868375 0.2651598671875 0.686640471875 0.26185226093749997 0.6817288796875001 0.25633958125 0.6817288796875001 0.2530319734375 0.686640471875 0.2530319734375 0.7161100203124999 0.2447629546875 0.7337917484375 0.2431091515625 0.770137525 0.2348401328125 0.787819253125