0 0.19955898593750002 0.5216110015625001 0.19845645 0.52455795625 0.19845645 0.532416503125 0.2039691296875 0.533398821875 0.20286659375 0.5216110015625001 0.19955898593750002 0.5216110015625001
1 0.915656009375 0.8565815328124999 0.9173098124999999 0.8742632609375001 0.9217199562499999 0.88605108125 0.9222712234375001 0.9106090375000001 0.9266813671874999 0.9106090375000001 0.9294377062500001 0.9007858546874999 0.9250275640625001 0.8762278984374999 0.9244762953125001 0.85854616875 0.9266813671874999 0.85854616875 0.929988975 0.8644400781250001 0.93439911875 0.8880157171875 0.9360529218750001 0.943025540625 0.937706725 0.94891945 0.94211686875 0.94891945 0.9432194046875001 0.83300589375 0.9404630656249999 0.8192534374999999 0.9399117968749999 0.8035363453125001 0.9470782796874999 0.7956778 0.948732084375 0.7868369359375 0.9404630656249999 0.7662082515625 0.9349503859375 0.7603143421875 0.9288864390624999 0.7416502953124999 0.9250275640625001 0.7396856578125 0.9211686875 0.7406679765625 0.9173098124999999 0.7465618859375 0.9167585453125 0.762278978125 0.9101433296874999 0.7779960703125 0.9101433296874999 0.7966601171875001 0.9134509375000001 0.8182711203125 0.9140022046875 0.8536345781250001 0.915656009375 0.8565815328124999
1 0.0418963609375 0.99901768125 0.047409040624999996 0.9872298625000001 0.047409040624999996 0.9666011781250001 0.042998896875 0.9449901765625001 0.039140021875 0.93713163125 0.030871003125 0.9302554031250001 0.027012128125 0.9214145390624999 0.027012128125 0.9145383109375 0.024255789062499998 0.9066797640625 0.012679162499999999 0.9066797640625 0.0088202859375 0.9145383109375 0.0093715546875 0.9341846765625 0.0203969125 0.9567779953125 0.0176405734375 0.99901768125 0.0418963609375 0.99901768125
1 0.150496140625 0.5216110015625001 0.151047409375 0.531434184375 0.15766262343749998 0.532416503125 0.158765159375 0.5284872296875001 0.15711135625 0.518664046875 0.158765159375 0.5088408640625001 0.16482910625 0.495088409375 0.16482910625 0.49115913593749994 0.1681367140625 0.4872298625 0.17364939375 0.495088409375 0.1742006609375 0.51178781875 0.1780595375 0.5235756390625 0.1852260203125 0.5235756390625 0.1857772875 0.5157170921875001 0.1885336265625 0.5166994109374999 0.1824696796875 0.51178781875 0.17364939375 0.4842829078125 0.1742006609375 0.479371315625 0.1708930546875 0.46267190625000004 0.1686879828125 0.41453831093750004 0.16482910625 0.41159135625000004 0.16097023125 0.41453831093750004 0.158765159375 0.42436149375000004 0.15214994531249998 0.4312377203125 0.14829106875 0.44695481406250004 0.1488423375 0.47347740624999995 0.15325248125 0.481335953125 0.155457553125 0.494106090625 0.150496140625 0.5216110015625001
1 0.1416758546875 0.8978389 0.1394707828125 0.91159135625 0.142227121875 0.917485265625 0.142778390625 0.9273084484374999 0.138919515625 0.9449901765625001 0.138368246875 0.969548134375 0.142778390625 0.99901768125 0.14829106875 0.99901768125 0.14829106875 0.928290765625 0.15214994531249998 0.923379175 0.15711135625 0.8998035359375001 0.163726571875 0.8850687625000001 0.1659316421875 0.8644400781250001 0.17364939375 0.84774066875 0.1681367140625 0.8339882125000001 0.15766262343749998 0.8251473484374999 0.15711135625 0.800589390625 0.154906284375 0.7956778 0.142778390625 0.7966601171875001 0.14002205 0.8045186640624999 0.13506063906250002 0.8634577609375 0.1312017640625 0.87131630625 0.12568908437499998 0.8762278984374999 0.12568908437499998 0.88605108125 0.1372657109375 0.877210215625 0.14057331875 0.8821218078124999 0.1416758546875 0.8978389
1 0.5457552375 0.62868369375 0.5441014328125 0.634577603125 0.539140021875 0.6365422390625 0.5385887546875 0.647347740625 0.542998896875 0.6493123765625 0.5468577734375 0.6453831046875 0.5496141125 0.648330059375 0.551819184375 0.6571709234374999 0.5523704515625 0.6748526515625 0.5534729875 0.6777996078124999 0.5567805953125 0.6777996078124999 0.56174200625 0.6699410609374999 0.5573318640625 0.6581532421875 0.5589856671875 0.6257367390625 0.5567805953125 0.6070726921875 0.5589856671875 0.5815324171875 0.55788313125 0.557956778125 0.5545755234375 0.545186640625 0.547960309375 0.5363457765625 0.5474090406250001 0.52652259375 0.5446527015625 0.520628684375 0.539140021875 0.520628684375 0.53748621875 0.5275049109375 0.5380374859375 0.5412573671875001 0.530871003125 0.56286836875 0.5292171999999999 0.57760314375 0.535281146875 0.58840864375 0.5402425578125001 0.61394891875 0.5457552375 0.62868369375
1 0.41565600937499997 0.492141453125 0.41565600937499997 0.50098231875 0.41289966875 0.51178781875 0.40959206249999996 0.5166994109374999 0.40959206249999996 0.52455795625 0.4101433296875 0.5284872296875001 0.41565600937499997 0.531434184375 0.40904079375 0.5422396859374999 0.40407938281250005 0.5559921421875 0.40463065 0.558939096875 0.40959206249999996 0.5618860515625 0.41565600937499997 0.5540275046875001 0.41675854531249995 0.5275049109375 0.42061742031250005 0.520628684375 0.4244762953125 0.520628684375 0.429988975 0.532416503125 0.43164277812499996 0.53732809375 0.43164277812499996 0.55108055 0.44211686875 0.55009823125 0.43825799375 0.5343811390625001 0.429988975 0.5147347734375 0.4327453140625 0.49115913593749994 0.4305402421875 0.474459725 0.42392502812500005 0.45972495156250004 0.4184123484375 0.455795678125 0.41455347343750004 0.44891945 0.4140022046875 0.4440078578125 0.4084895265625 0.4440078578125 0.40738699062499995 0.44695481406250004 0.40738699062499995 0.4567779953125 0.41289966875 0.468565815625 0.4140022046875 0.4901768171875 0.41565600937499997 0.492141453125
1 0.1780595375 0.99901768125 0.1780595375 0.9774066796875 0.1742006609375 0.94891945 0.1874310921875 0.9390962671875001 0.192392503125 0.9390962671875001 0.1951488421875 0.93516699375 0.1934950390625 0.9273084484374999 0.1885336265625 0.9263261296874999 0.1874310921875 0.923379175 0.18963616249999998 0.90962671875 0.18963616249999998 0.8939096265625001 0.18412348437499998 0.8693516703125 0.1885336265625 0.852652259375 0.18632855625 0.8388998031250001 0.1780595375 0.8388998031250001 0.17364939375 0.84675835 0.17364939375 0.8624754421875 0.1664829109375 0.872298625 0.163726571875 0.88408644375 0.15600882031250002 0.9017681734374999 0.15214994531249998 0.92436149375 0.14939360468750001 0.9302554031250001 0.151047409375 0.9646365421875001 0.15600882031250002 0.9823182718749999 0.165380375 0.99901768125 0.1780595375 0.99901768125
2 0.2078125 0.925 0.2078125 0.9328125 0.1984375 0.940625 0.1859375 0.9390625 0.1875 0.9234375 0.2 0.921875 0.20625 0.925
2 0.4 0.51875 0.4015625 0.51875 0.4015625 0.5234375 0.3984375 0.5328125 0.39375 0.540625 0.390625 0.540625 0.390625 0.5359375 0.4 0.5203125
2 0.1234375 0.896875 0.121875 0.890625 0.1296875 0.8671875 0.134375 0.84375 0.1375 0.840625 0.1359375 0.859375 0.13125 0.8765625 0.128125 0.8796875 0.128125 0.8875 0.125 0.8953125
2 0.171875 0.4828125 0.1828125 0.5 0.1828125 0.5046875 0.175 0.496875 0.1703125 0.484375
2 0.3921875 0.53359375 0.0203125 0.03359375
2 0.5703125 0.5875 0.5734375 0.590625 0.571875 0.6046875 0.56875 0.609375 0.5671875 0.6 0.5703125 0.5890625
2 0.1375 0.909375 0.153125 0.921875 0.153125 0.925 0.1484375 0.9265625 0.140625 0.921875 0.1359375 0.9109375