2 0.6990077171875 0.923379175 0.69845645 0.9194499015625001 0.691841234375 0.9047151281250001 0.6912899671875 0.8978389 0.6874310921875 0.8939096265625001 0.68632855625 0.9047151281250001 0.6879823593750001 0.9184675828125 0.6968026453125 0.9263261296874999 0.6990077171875 0.923379175
2 0.42557883125 0.571709234375 0.42557883125 0.55009823125 0.42392502812500005 0.5471512765625001 0.42557883125 0.5383104125 0.4228224921875 0.5383104125 0.42502756406250003 0.530451865625 0.4228224921875 0.5343811390625001 0.42116868749999997 0.55206286875 0.4228224921875 0.5559921421875 0.42061742031250005 0.556974459375 0.4200661515625 0.56286836875 0.41896361562499995 0.584479371875 0.42171995625 0.58840864375 0.4228224921875 0.57760314375 0.42557883125 0.571709234375
2 0.8158765156250001 0.7072691546875001 0.8169790515625 0.7033398828124999 0.844542446875 0.6689587421875001 0.8506063953125 0.659135559375 0.8517089312499999 0.65324165 0.8450937156249999 0.6571709234374999 0.8296582140625001 0.6807465625 0.8147739796875 0.698428290625 0.8054024249999999 0.6954813359375 0.8037486218750001 0.698428290625 0.8054024249999999 0.7033398828124999 0.8092613015625 0.7072691546875001 0.8158765156250001 0.7072691546875001
2 0.6124586546875 0.57563850625 0.6163175296875 0.5599214140625 0.6163175296875 0.5363457765625 0.614112459375 0.5383104125 0.6124586546875 0.557956778125 0.6085997796875 0.5677799609374999 0.6074972437499999 0.576620825 0.6102535828125 0.5795677796875001 0.6124586546875 0.57563850625
2 0.0606394703125 0.851669940625 0.06560088124999999 0.8388998031250001 0.06560088124999999 0.8300589390625 0.060088203124999996 0.8349705296875 0.056229328125 0.84774066875 0.054575523437499995 0.8546168953125 0.055678059375 0.8654223968749999 0.06174200625 0.85854616875 0.0606394703125 0.851669940625
2 0.14002205 0.5 0.136163175 0.50098231875 0.13009922812500002 0.5127701375 0.1289966921875 0.5235756390625 0.134509371875 0.52455795625 0.14002205 0.507858546875 0.14002205 0.5
2 0.3522601984375 0.7544204328124999 0.3566703421875 0.748526521875 0.3605292171875 0.7337917484375 0.3649393609375 0.7269155203125 0.36659316406250003 0.7200392921875001 0.365490628125 0.711198428125 0.3605292171875 0.729862475 0.3522601984375 0.7416502953124999 0.345093715625 0.7583497046875001 0.3401323046875 0.762278978125 0.3395810359375 0.7652259328125 0.3417861078125 0.76915520625 0.34840132343749997 0.7652259328125 0.3522601984375 0.7544204328124999
2 0.9084895265625 0.48330058906250006 0.9002205078125 0.479371315625 0.8980154359375 0.482318271875 0.8996692390625001 0.48624754374999996 0.907386990625 0.4872298625 0.9084895265625 0.48330058906250006
2 0.7056229328125 0.9600520625 0.70672546875 0.9656188609375 0.7078280046875001 0.9528487234374999 0.7111356125 0.9440078578125 0.7111356125 0.9302554031250001 0.7083792718749999 0.9194499015625001 0.70672546875 0.8762278984374999 0.7039691296874999 0.87328094375 0.7039691296874999 0.93516699375 0.7056229328125 0.954486246875 0.7072767359375 0.953831040625 0.7056229328125 0.9600520625
2 0.518743109375 0.6316306484374999 0.5259095921875 0.6257367390625 0.5292171999999999 0.6178781921875001 0.5242557890625 0.6178781921875001 0.5115766265625 0.635559921875 0.5038588749999999 0.6365422390625 0.502205071875 0.63948919375 0.5038588749999999 0.646365421875 0.509922821875 0.646365421875 0.518743109375 0.6316306484374999
2 0.7039691296874999 0.9332023578124999 0.7050716640625 0.96070726875 0.70672546875 0.9656188609375 0.7072767359375 0.9557956781250001 0.7111356125 0.9440078578125 0.7111356125 0.9302554031250001 0.708930540625 0.923379175 0.7078280046875001 0.9066797640625 0.7039691296874999 0.9047151281250001 0.7039691296874999 0.8929273078125 0.7072767359375 0.8978389 0.7056229328125 0.8762278984374999 0.7028665937499999 0.8801571703125 0.7034178609375 0.92436149375 0.6968026453125 0.917485265625 0.6912899671875 0.8978389 0.6874310921875 0.8939096265625001 0.6868798234375 0.9145383109375 0.6912899671875 0.923379175 0.6995589859375 0.9273084484374999 0.7039691296874999 0.9332023578124999
1 0.8880926125 0.525540275 0.890848953125 0.520628684375 0.8980154359375 0.519646365625 0.8952590953125 0.48821218125000004 0.9002205078125 0.469548134375 0.902425578125 0.44007858593750004 0.8969129 0.430255403125 0.8952590953125 0.4204322203125 0.890297684375 0.415520628125 0.8814773984375 0.43713163125000004 0.8792723265625 0.46365422343749996 0.882579934375 0.47544204375000004 0.8853362734375001 0.5225933203124999 0.8880926125 0.525540275
1 0.49503858906250003 0.525540275 0.49503858906250003 0.5294695484374999 0.49834619687500004 0.532416503125 0.5011025359375 0.5284872296875001 0.5055126796875 0.507858546875 0.514332965625 0.49607072656250006 0.5170893046875 0.5 0.5203969125000001 0.5 0.5214994484375 0.4901768171875 0.5198456453125 0.4842829078125 0.5198456453125 0.47053045156250006 0.5159867703125001 0.4567779953125 0.5088202859375001 0.44695481406250004 0.5071664828125 0.44007858593750004 0.50441014375 0.4390962671875 0.5011025359375 0.4440078578125 0.5 0.4646365421875 0.49724366093750005 0.47347740624999995 0.502205071875 0.479371315625 0.5038588749999999 0.4872298625 0.5038588749999999 0.49803536406250004 0.49503858906250003 0.525540275
1 0.8500551265625 0.6552062875 0.8561190734374999 0.6512770140625 0.8583241453125 0.6434184671875001 0.8632855562499999 0.6493123765625 0.865490628125 0.6777996078124999 0.87210584375 0.6954813359375 0.8726571109375 0.7033398828124999 0.8781697906250001 0.712180746875 0.8781697906250001 0.7210216109375 0.874310915625 0.7328094296875001 0.8787210578125 0.736738703125 0.882579934375 0.735756384375 0.886438809375 0.7288801578124999 0.8847850062499999 0.719056975 0.885887540625 0.7043222 0.8792723265625 0.684675834375 0.8809261296875001 0.6493123765625 0.8781697906250001 0.6316306484374999 0.871554575 0.6178781921875001 0.8616317531250001 0.6070726921875 0.85997795 0.5982318265625 0.8561190734374999 0.5923379171875001 0.8517089312499999 0.5933202359374999 0.8506063953125 0.597249509375 0.8517089312499999 0.616895875 0.8550165375000001 0.634577603125 0.8517089312499999 0.63948919375 0.8500551265625 0.6552062875
1 0.43384785 0.5874263265625 0.43439911875000004 0.5913555984375 0.43164277812499996 0.60117878125 0.436052921875 0.609037328125 0.44101433281249997 0.610019646875 0.44597574375000004 0.60117878125 0.44046306562500004 0.582514734375 0.43825799375 0.56286836875 0.4393605296875 0.530451865625 0.4415656015625 0.5166994109374999 0.43164277812499996 0.4872298625 0.42502756406250003 0.4872298625 0.4244762953125 0.5432220046875 0.4228224921875 0.557956778125 0.42502756406250003 0.570726915625 0.43384785 0.5874263265625
1 0.78059536875 0.9833005890625 0.7783902984375 0.995088409375 0.78059536875 0.99901768125 0.8125689078124999 0.99901768125 0.8153252484375001 0.9911591359375 0.8153252484375001 0.96267190625 0.8125689078124999 0.93713163125 0.8109151046875 0.928290765625 0.8015435500000001 0.9155206281250001 0.799889746875 0.8939096265625001 0.795479603125 0.8899803531250001 0.7883131203125 0.8909626718749999 0.7866593171875 0.8939096265625001 0.787210584375 0.9145383109375 0.7822491734375 0.92239685625 0.7811466375 0.9410609031250001 0.7783902984375 0.94990176875 0.778941565625 0.9764243609375001 0.78059536875 0.9833005890625
1 0.90518191875 0.6306483296875001 0.9084895265625 0.6404715125 0.9101433296874999 0.673870334375 0.9123484015625 0.6777996078124999 0.9173098124999999 0.6777996078124999 0.9162072765625 0.646365421875 0.9128996687500001 0.633595284375 0.915656009375 0.57563850625 0.9117971328125 0.5599214140625 0.9040793828125 0.5491159140625 0.902425578125 0.5402750484375 0.8980154359375 0.5343811390625001 0.8925027562500001 0.5432220046875 0.8936052921875 0.583497053125 0.890297684375 0.5992141453125 0.8897464171875 0.635559921875 0.894707828125 0.633595284375 0.8991179718750001 0.62671905625 0.90518191875 0.6306483296875001
1 0.055126792187499996 0.8644400781250001 0.0567805953125 0.8683693515625001 0.0606394703125 0.8624754421875 0.06339581093749999 0.8624754421875 0.06560088124999999 0.88408644375 0.07442116875 0.8850687625000001 0.0777287765625 0.8889980359375 0.0815876515625 0.88605108125 0.0826901875 0.8595284875000001 0.0854465265625 0.8555992140625 0.09371554531250001 0.821218075 0.09151047343749999 0.7966601171875001 0.099228225 0.770137525 0.0997794921875 0.7534381140625 0.0964718859375 0.7455795671875001 0.092613009375 0.74459725 0.089305403125 0.7396856578125 0.089305403125 0.7288801578124999 0.0876515984375 0.724950884375 0.080485115625 0.723968565625 0.0777287765625 0.729862475 0.0771775078125 0.749508840625 0.0694597578125 0.762278978125 0.067805953125 0.8163064828125 0.06339581093749999 0.8369351671875 0.056229328125 0.8506876234374999 0.055126792187499996 0.8644400781250001
1 0.36824696874999996 0.698428290625 0.365490628125 0.7151277015625 0.365490628125 0.7328094296875001 0.3687982359375 0.7426326125 0.37210584375 0.7711198421875001 0.37210584375 0.7779960703125 0.365490628125 0.7917485265625 0.36659316406250003 0.7956778 0.373759646875 0.7956778 0.3792723265625 0.788801571875 0.378169790625 0.7681728875 0.3809261296875 0.7583497046875001 0.378169790625 0.7534381140625 0.378169790625 0.7347740671875 0.38478500625 0.7082514734375 0.377618521875 0.6660117875 0.3710033078125 0.6552062875 0.3687982359375 0.6404715125 0.36383682500000003 0.63948919375 0.361631753125 0.6434184671875001 0.361631753125 0.661100196875 0.3643880921875 0.6699410609374999 0.3649393609375 0.6836935171875 0.36824696874999996 0.698428290625
1 0.0865490625 0.570726915625 0.09426681406250001 0.570726915625 0.100882028125 0.53929273125 0.10529217187499999 0.533398821875 0.11135611875 0.533398821875 0.1163175296875 0.5471512765625001 0.11852260156250001 0.5677799609374999 0.121830209375 0.5726915515625 0.12568908437499998 0.571709234375 0.12072767343749999 0.53732809375 0.1168687984375 0.52455795625 0.117420065625 0.482318271875 0.1102535828125 0.468565815625 0.10915104687499999 0.4567779953125 0.10363836875000002 0.4587426328125 0.0997794921875 0.47347740624999995 0.0959206171875 0.47642436093749996 0.09206174218749999 0.493123771875 0.0981256890625 0.5108055015625 0.0981256890625 0.5166994109374999 0.09481808124999999 0.545186640625 0.0865490625 0.570726915625
1 0.9680264609375 0.902750490625 0.9691289968750001 0.9145383109375 0.9680264609375 0.9194499015625001 0.960859978125 0.9273084484374999 0.9575523703125001 0.9440078578125 0.9641675859375001 0.94793713125 0.964718853125 0.9597249515625 0.97519294375 0.9724950890624999 0.9944873203125001 0.9724950890624999 0.996141125 0.9666011781250001 0.99558985625 0.9332023578124999 0.9900771781250001 0.9204322203125 0.9862183015625 0.9165029468749999 0.985667034375 0.9017681734374999 0.9834619625000001 0.8948919453125 0.9807056234375 0.8909626718749999 0.9685777281249999 0.8889980359375 0.9652701218749999 0.8850687625000001 0.9581036390625 0.8870333984375 0.9570011031250001 0.8929273078125 0.9586549062499999 0.8958742624999999 0.9658213890624999 0.89882121875 0.9680264609375 0.902750490625
1 0.6201764062499999 0.5383104125 0.621830209375 0.57760314375 0.6289966921875 0.5943025546875 0.6295479609375 0.620825146875 0.6334068359375 0.621807465625 0.6394707828125 0.5982318265625 0.6389195156249999 0.5913555984375 0.634509371875 0.583497053125 0.634509371875 0.556974459375 0.6389195156249999 0.5402750484375 0.64002205 0.5284872296875001 0.6389195156249999 0.5216110015625001 0.6312017640625001 0.506876228125 0.6295479609375 0.492141453125 0.625689084375 0.49115913593749994 0.621830209375 0.4970530453125 0.6212789421875 0.5108055015625 0.6168687984375001 0.517681728125 0.617420065625 0.531434184375 0.6201764062499999 0.5383104125
1 0.5358324140625 0.6512770140625 0.5474090406250001 0.65225933125 0.551267915625 0.646365421875 0.551819184375 0.621807465625 0.5589856671875 0.597249509375 0.5589856671875 0.5874263265625 0.5545755234375 0.5677799609374999 0.5441014328125 0.5422396859374999 0.5385887546875 0.5402750484375 0.535281146875 0.544204321875 0.5358324140625 0.584479371875 0.5341786109375 0.6129666015625 0.5385887546875 0.633595284375 0.5358324140625 0.6512770140625
1 0.8125689078124999 0.5943025546875 0.81367144375 0.57760314375 0.816427784375 0.576620825 0.8213891953125 0.5893909625 0.8208379265625 0.6051080546875001 0.8241455343749999 0.6060903734374999 0.8291069453125001 0.5982318265625 0.8213891953125 0.5667976421875001 0.8213891953125 0.5559921421875 0.8241455343749999 0.5422396859374999 0.8241455343749999 0.51375245625 0.8213891953125 0.495088409375 0.8169790515625 0.48624754374999996 0.8158765156250001 0.474459725 0.8120176406249999 0.47347740624999995 0.8081587656250001 0.4774066796875 0.8081587656250001 0.5874263265625 0.80595369375 0.5933202359374999 0.80981256875 0.596267190625 0.8125689078124999 0.5943025546875
1 0.7403528109375 0.9616895875000001 0.7386990078125 0.9449901765625001 0.731532525 0.9312377203125 0.7287761859375 0.9155206281250001 0.7260198453125 0.9106090375000001 0.717199559375 0.9125736734375 0.7133406828125 0.93516699375 0.7083792718749999 0.9469548140624999 0.7072767359375 0.969548134375 0.708930540625 0.99901768125 0.73980154375 0.99901768125 0.7403528109375 0.9616895875000001