2 0.8081587656250001 0.65422396875 0.824696803125 0.6326129671875 0.8252480703125 0.6247544203125 0.8224917312500001 0.634577603125 0.8208379265625 0.6306483296875001 0.81863285625 0.6316306484374999 0.8054024249999999 0.6493123765625 0.8026460859375 0.659135559375 0.7943770671875 0.673870334375 0.7927232640625 0.6807465625 0.7987872109375 0.6777996078124999 0.8031973546875 0.6709233796875 0.8081587656250001 0.65422396875
2 0.6124586546875 0.504911590625 0.6080485109375 0.505893909375 0.6102535828125 0.5157170921875001 0.6168687984375001 0.5166994109374999 0.6157662625 0.507858546875 0.6124586546875 0.504911590625
2 0.18136714375000001 0.495088409375 0.171995590625 0.492141453125 0.16979051875 0.494106090625 0.17364939375 0.5 0.1824696796875 0.5 0.18136714375000001 0.495088409375
2 0.03693495 0.8762278984374999 0.0385887546875 0.8801571703125 0.0341786109375 0.8850687625000001 0.03693495 0.8889980359375 0.039691290625 0.88408644375 0.0441014328125 0.8909626718749999 0.0407938265625 0.89685658125 0.0463065046875 0.90962671875 0.0490628453125 0.90962671875 0.0501653796875 0.9066797640625 0.0468577734375 0.8948919453125 0.0292172 0.85756385 0.025358323437500004 0.8555992140625 0.024255789062499998 0.8595284875000001 0.027012128125 0.87131630625 0.030319735937499998 0.877210215625 0.03693495 0.8762278984374999
0 0.1780595375 0.5815324171875 0.1747519296875 0.5815324171875 0.1747519296875 0.5913555984375 0.1780595375 0.5893909625 0.17861080468749999 0.584479371875 0.1780595375 0.5815324171875
1 0.05126791562500001 0.89685658125 0.055126792187499996 0.89685658125 0.0567805953125 0.8939096265625001 0.064498346875 0.89685658125 0.068357221875 0.9076620828124999 0.0738699 0.89685658125 0.0738699 0.8555992140625 0.067805953125 0.8418467578125 0.067805953125 0.821218075 0.06504961406250001 0.8172888015625001 0.0589856671875 0.8163064828125 0.054575523437499995 0.8182711203125 0.05181918437500001 0.8231827109375001 0.0507166484375 0.8379174859375 0.0529217203125 0.8546168953125 0.0507166484375 0.8811394890625 0.05126791562500001 0.89685658125
1 0.8401323046875 0.6699410609374999 0.83902976875 0.686640471875 0.83517089375 0.6935167 0.8357221609375 0.698428290625 0.8379272328124999 0.7023575640625 0.8406835718749999 0.7013752453125 0.8428886437499999 0.698428290625 0.844542446875 0.6886051078125 0.8484013234375001 0.6886051078125 0.8555678062500001 0.698428290625 0.857772878125 0.7062868375 0.8616317531250001 0.7072691546875001 0.85997795 0.6905697453124999 0.8517089312499999 0.678781925 0.8500551265625 0.65422396875 0.8528114656250001 0.633595284375 0.8522601984374999 0.6247544203125 0.8555678062500001 0.620825146875 0.8621830203125 0.6296660125 0.8632855562499999 0.6237721015625 0.8566703421874999 0.609037328125 0.8544652703125 0.5982318265625 0.8450937156249999 0.584479371875 0.8428886437499999 0.571709234375 0.836273428125 0.571709234375 0.834619625 0.57563850625 0.834619625 0.5893909625 0.8313120171874999 0.5982318265625 0.828555678125 0.6149312375 0.824696803125 0.6237721015625 0.8241455343749999 0.6296660125 0.832965821875 0.6316306484374999 0.834619625 0.65225933125 0.8401323046875 0.6699410609374999
1 0.4288864390625 0.89685658125 0.4327453140625 0.8889980359375 0.4327453140625 0.86051080625 0.43550165312500005 0.8487229859375001 0.44266813593750004 0.83300589375 0.44597574375000004 0.8172888015625001 0.452590959375 0.8045186640624999 0.45534729843750005 0.8045186640624999 0.4597574421875 0.8084479375000001 0.46306505 0.8241650296874999 0.46471885312500005 0.82023575625 0.4619625140625 0.8172888015625001 0.4619625140625 0.8143418468749999 0.46471885312500005 0.8133595281250001 0.46416758593749996 0.8084479375000001 0.4663726578125 0.800589390625 0.46471885312500005 0.764243615625 0.468577728125 0.7573673875 0.4696802640625 0.7465618859375 0.4674751921875 0.7337917484375 0.460308709375 0.7200392921875001 0.4619625140625 0.7072691546875001 0.46085997812499996 0.6944990171875001 0.452590959375 0.6954813359375 0.4509371546875 0.71807465625 0.4432194046875 0.7278978390625 0.44046306562500004 0.7455795671875001 0.4415656015625 0.7848722984375 0.43880926093749995 0.7937131625 0.43770672499999996 0.8163064828125 0.43439911875000004 0.8290766203125 0.43109151093750003 0.8339882125000001 0.42833517031249996 0.84774066875 0.427232634375 0.8801571703125 0.4244762953125 0.8939096265625001 0.42557883125 0.8978389 0.4288864390625 0.89685658125
1 0.039140021875 0.9616895875000001 0.0385887546875 0.969548134375 0.045755237500000004 0.9823182718749999 0.047960309374999996 0.994106090625 0.0507166484375 0.99901768125 0.06504961406250001 0.99901768125 0.06560088124999999 0.9872298625000001 0.070011025 0.9783889984374999 0.07442116875 0.974459725 0.0854465265625 0.97347740625 0.0865490625 0.9312377203125 0.08213891875 0.9204322203125 0.0694597578125 0.9145383109375 0.06339581093749999 0.8948919453125 0.056229328125 0.8939096265625001 0.05181918437500001 0.8978389 0.05181918437500001 0.91159135625 0.0463065046875 0.9273084484374999 0.042998896875 0.953831040625 0.039140021875 0.9616895875000001
1 0.15766262343749998 0.5343811390625001 0.1604189640625 0.5383104125 0.1642778390625 0.5343811390625001 0.16482910625 0.52455795625 0.16758544687500002 0.5157170921875001 0.16923925 0.5166994109374999 0.1708930546875 0.532416503125 0.17364939375 0.532416503125 0.1747519296875 0.479371315625 0.173098125 0.4616895875 0.16923925 0.453831040625 0.1686879828125 0.4440078578125 0.165380375 0.441060903125 0.16097023125 0.4440078578125 0.15214994531249998 0.469548134375 0.15159867656249998 0.481335953125 0.1565600875 0.492141453125 0.1598676953125 0.517681728125 0.15766262343749998 0.5343811390625001
1 0.633958103125 0.5 0.6378169796875001 0.50098231875 0.642227121875 0.506876228125 0.6493936046875 0.5294695484374999 0.659316428125 0.5432220046875 0.6604189640625 0.55009823125 0.6686879828125 0.55009823125 0.6692392500000001 0.532416503125 0.6565600875000001 0.51178781875 0.655457553125 0.506876228125 0.65325248125 0.48526522656250004 0.655457553125 0.47347740624999995 0.6543550171875 0.46561886093749993 0.651047409375 0.4587426328125 0.6433296578125 0.453831040625 0.6389195156249999 0.4440078578125 0.6328555671875 0.44499017656250006 0.6317530312499999 0.453831040625 0.634509371875 0.46267190625000004 0.6350606390625 0.47544204375000004 0.633958103125 0.5
1 0.3969129 0.596267190625 0.40077177500000005 0.596267190625 0.40407938281250005 0.5913555984375 0.4101433296875 0.5913555984375 0.4123484015625 0.5726915515625 0.42116868749999997 0.5550098234374999 0.42557883125 0.532416503125 0.42557883125 0.506876228125 0.42171995625 0.49803536406250004 0.4200661515625 0.48821218125000004 0.41345093750000006 0.482318271875 0.4084895265625 0.493123771875 0.40463065 0.5383104125 0.40407938281250005 0.5658153234375 0.39636163125 0.5864440078125 0.3969129 0.596267190625