1 0.824696803125 0.481335953125 0.8219404625 0.4872298625 0.81367144375 0.49115913593749994 0.820286659375 0.5 0.8208379265625 0.5166994109374999 0.8252480703125 0.5343811390625001 0.8263506062499999 0.5530451859375 0.832965821875 0.5687622796875 0.834619625 0.584479371875 0.8384785000000001 0.5943025546875 0.8384785000000001 0.608055009375 0.8423373765625 0.609037328125 0.848952590625 0.5874263265625 0.8461962515625 0.56286836875 0.8401323046875 0.5363457765625 0.8450937156249999 0.49607072656250006 0.8434399125 0.44891945 0.83902976875 0.43516699374999995 0.83902976875 0.41944990156250006 0.8373759640625 0.415520628125 0.83020948125 0.4135559921875 0.8257993390625 0.42141453906250004 0.8257993390625 0.43516699374999995 0.8291069453125001 0.44499017656250006 0.824696803125 0.4616895875 0.824696803125 0.481335953125
1 0.704520396875 0.648330059375 0.7050716640625 0.6650294703124999 0.7083792718749999 0.6777996078124999 0.7094818078125 0.7023575640625 0.712789415625 0.7033398828124999 0.712789415625 0.7072691546875001 0.700110253125 0.7269155203125 0.6968026453125 0.7416502953124999 0.6912899671875 0.7406679765625 0.69018743125 0.7455795671875001 0.6951488421875001 0.7524557953125 0.702315325 0.7544204328124999 0.7072767359375 0.7593320234375 0.7083792718749999 0.770137525 0.7012127890625 0.7838899796875001 0.7012127890625 0.787819253125 0.7056229328125 0.7917485265625 0.71058434375 0.7917485265625 0.7188533625 0.7848722984375 0.7199558984375 0.775049115625 0.725468578125 0.76915520625 0.7342888640624999 0.774066796875 0.74366041875 0.7711198421875001 0.74366041875 0.763261296875 0.73980154375 0.75638506875 0.7331863281250001 0.7318271125 0.733737596875 0.724950884375 0.7425578828125 0.7062868375 0.7431091515625 0.6905697453124999 0.741455346875 0.671905696875 0.729327453125 0.635559921875 0.7183020953125 0.62671905625 0.7138919515625 0.6188605109374999 0.71058434375 0.5992141453125 0.702315325 0.597249509375 0.6995589859375 0.60117878125 0.7012127890625 0.622789784375 0.7072767359375 0.6365422390625 0.7072767359375 0.6434184671875001 0.704520396875 0.648330059375
1 0.539140021875 0.6571709234374999 0.5380374859375 0.66699410625 0.5385887546875 0.6944990171875001 0.5413450937500001 0.7170923375 0.539140021875 0.7269155203125 0.535281146875 0.7328094296875001 0.5347298781250001 0.7396856578125 0.539140021875 0.7416502953124999 0.5474090406250001 0.7406679765625 0.5490628453124999 0.736738703125 0.5485115765625 0.6748526515625 0.551267915625 0.6650294703124999 0.5600882031250001 0.6434184671875001 0.5650496140625 0.6512770140625 0.5667034171875 0.6640471515625 0.568357221875 0.6640471515625 0.572216096875 0.647347740625 0.5711135609375 0.6198428296875 0.5733186328125 0.6051080546875001 0.5749724359374999 0.56286836875 0.568357221875 0.5491159140625 0.562293275 0.5422396859374999 0.5606394703124999 0.52652259375 0.5567805953125 0.5216110015625001 0.5529217203125001 0.520628684375 0.5490628453124999 0.52455795625 0.5501653796875 0.5471512765625001 0.5435501656249999 0.5677799609374999 0.542998896875 0.5913555984375 0.5402425578125001 0.60117878125 0.5463065046875 0.6041257375 0.547960309375 0.609037328125 0.542998896875 0.647347740625 0.539140021875 0.6571709234374999
1 0.8081587656250001 0.6630648328125 0.8070562296875 0.6817288796875001 0.8048511578124999 0.6905697453124999 0.8054024249999999 0.7023575640625 0.8015435500000001 0.7151277015625 0.8009922828124999 0.723968565625 0.799889746875 0.7269155203125 0.7965821390625 0.7269155203125 0.7938258 0.7328094296875001 0.7982359421874999 0.737721021875 0.799889746875 0.7524557953125 0.8048511578124999 0.762278978125 0.81863285625 0.76915520625 0.83902976875 0.7711198421875001 0.844542446875 0.7534381140625 0.8517089312499999 0.7534381140625 0.8544652703125 0.7465618859375 0.8484013234375001 0.7347740671875 0.8484013234375001 0.724950884375 0.8511576625 0.711198428125 0.8500551265625 0.698428290625 0.8434399125 0.671905696875 0.8423373765625 0.660117878125 0.83902976875 0.6493123765625 0.828555678125 0.635559921875 0.8263506062499999 0.6188605109374999 0.8197353906249999 0.610019646875 0.8131201765625 0.6110019640625 0.80981256875 0.6188605109374999 0.80981256875 0.6306483296875001 0.8131201765625 0.6404715125 0.8125689078124999 0.65225933125 0.8081587656250001 0.6630648328125
1 0.5694597578125 0.70530451875 0.5694597578125 0.7269155203125 0.5711135609375 0.736738703125 0.5815876515625 0.763261296875 0.581036384375 0.770137525 0.576626240625 0.7779960703125 0.576626240625 0.7838899796875001 0.5832414546875 0.7907662078125 0.5882028671875 0.7917485265625 0.59095920625 0.788801571875 0.5915104734375001 0.78192534375 0.59536935 0.775049115625 0.59536935 0.7396856578125 0.592613009375 0.7269155203125 0.601433296875 0.7062868375 0.6041896359375001 0.6502946953125 0.6119073875 0.6296660125 0.6052921718750001 0.6119842828125 0.60363836875 0.60117878125 0.592613009375 0.5943025546875 0.5882028671875 0.5874263265625 0.589305403125 0.5805500984374999 0.584895259375 0.5677799609374999 0.57828004375 0.5677799609374999 0.576626240625 0.571709234375 0.5755237046875 0.576620825 0.57828004375 0.5893909625 0.5777287765625 0.5982318265625 0.572216096875 0.6178781921875001 0.5749724359374999 0.660117878125 0.5727673656250001 0.6699410609374999 0.5727673656250001 0.6915520625 0.5694597578125 0.70530451875
1 0.06174200625 0.99901768125 0.063947078125 0.995088409375 0.0689084890625 0.995088409375 0.076626240625 0.97347740625 0.0749724359375 0.9557956781250001 0.068357221875 0.923379175 0.064498346875 0.9155206281250001 0.0589856671875 0.9135559921875 0.052370451562499996 0.9047151281250001 0.0534729875 0.87328094375 0.05181918437500001 0.8683693515625001 0.043550165625 0.8683693515625001 0.035281146875 0.8762278984374999 0.034729878125 0.8939096265625001 0.0363836828125 0.9056974453125 0.0319735390625 0.917485265625 0.0220507171875 0.928290765625 0.018191840625 0.9508840859375001 0.018743109375 0.974459725 0.0214994484375 0.9872298625000001 0.0275633953125 0.99901768125 0.06174200625 0.99901768125
1 0.38974641718749997 0.50098231875 0.3914002203125 0.492141453125 0.394156559375 0.48919449843749996 0.3980154359375 0.4774066796875 0.39966923906249996 0.4587426328125 0.39581036406250003 0.45284872343749993 0.390297684375 0.45284872343749993 0.386438809375 0.45776031406250006 0.386438809375 0.469548134375 0.3787210578125 0.479371315625 0.378169790625 0.544204321875 0.386438809375 0.5550098234374999 0.390297684375 0.5550098234374999 0.38974641718749997 0.50098231875
1 0.2342888640625 0.7927308453124999 0.23925027499999998 0.775049115625 0.2431091515625 0.76915520625 0.24751929375 0.7721021609375 0.2469680265625 0.7927308453124999 0.24366041875 0.8064833 0.2425578828125 0.8290766203125 0.23925027499999998 0.8428290765625001 0.23594266875 0.872298625 0.23759647187500002 0.8850687625000001 0.2326350609375 0.902750490625 0.2326350609375 0.9106090375000001 0.2342888640625 0.9135559921875 0.23925027499999998 0.9145383109375 0.24145534687499998 0.9106090375000001 0.24200661562499998 0.88605108125 0.24586549062500002 0.8762278984374999 0.2480705625 0.84774066875 0.26074972500000004 0.826129665625 0.26460859999999997 0.826129665625 0.27287761875 0.8379174859375 0.27673649375 0.8398821218749999 0.2822491734375 0.8565815328124999 0.29382579999999997 0.8762278984374999 0.29658213906249997 0.89685658125 0.3042998890625 0.8978389 0.30374862187499996 0.88605108125 0.3004410140625 0.8791748531250001 0.29933847812500003 0.8693516703125 0.295479603125 0.8614931234375 0.291069459375 0.8418467578125 0.28390297656249996 0.8300589390625 0.2822491734375 0.8133595281250001 0.2778390296875 0.7966601171875001 0.2778390296875 0.7721021609375 0.2822491734375 0.770137525 0.2877618515625 0.7848722984375 0.291620728125 0.8025540281250001 0.2949283359375 0.8035363453125001 0.29603087031249997 0.787819253125 0.29382579999999997 0.7721021609375 0.2811466375 0.7318271125 0.2772877625 0.724950884375 0.2695700109375 0.719056975 0.26791620781250003 0.7141453828125 0.268467475 0.697445971875 0.26405733124999997 0.686640471875 0.2574421171875 0.685658153125 0.2530319734375 0.6905697453124999 0.25248070624999996 0.719056975 0.23980154374999998 0.7406679765625 0.2370452046875 0.7573673875 0.23042998906249998 0.7789783890625 0.22877618593750002 0.7996070734375 0.23098125625 0.8045186640624999 0.2342888640625 0.800589390625 0.2342888640625 0.7927308453124999
1 0.0319735390625 0.60117878125 0.0424476296875 0.610019646875 0.042998896875 0.633595284375 0.0446527015625 0.63948919375 0.0529217203125 0.6512770140625 0.0606394703125 0.672888015625 0.059536934374999996 0.684675834375 0.056229328125 0.6905697453124999 0.052370451562499996 0.7062868375 0.0424476296875 0.7278978390625 0.042998896875 0.7328094296875001 0.0501653796875 0.7455795671875001 0.052370451562499996 0.748526521875 0.05788313125 0.748526521875 0.060088203124999996 0.7465618859375 0.0606394703125 0.7406679765625 0.0567805953125 0.735756384375 0.055678059375 0.7220039296875 0.0611907390625 0.710216109375 0.064498346875 0.7082514734375 0.06504961406250001 0.725933203125 0.067805953125 0.729862475 0.0777287765625 0.7269155203125 0.080485115625 0.7200392921875001 0.07056229375 0.7003929265625 0.07056229375 0.69253438125 0.0738699 0.6827111984374999 0.0738699 0.647347740625 0.0694597578125 0.622789784375 0.0694597578125 0.608055009375 0.07056229375 0.6060903734374999 0.081036384375 0.6257367390625 0.084895259375 0.6257367390625 0.084895259375 0.620825146875 0.0788313125 0.610019646875 0.07056229375 0.583497053125 0.0694597578125 0.5638506875 0.06174200625 0.5481335953124999 0.0606394703125 0.5294695484374999 0.055126792187499996 0.52652259375 0.05181918437500001 0.530451865625 0.0485115765625 0.5491159140625 0.039140021875 0.57563850625 0.0385887546875 0.5913555984375 0.0319735390625 0.60117878125
1 0.39966923906249996 0.610019646875 0.39856670312500003 0.5805500984374999 0.40022050781249996 0.56286836875 0.40518191875 0.557956778125 0.4200661515625 0.571709234375 0.42502756406250003 0.5854616890625 0.427232634375 0.608055009375 0.43439911875000004 0.616895875 0.43880926093749995 0.616895875 0.44046306562500004 0.610019646875 0.43329658281250005 0.595284871875 0.4349503859375 0.5893909625 0.43439911875000004 0.5805500984374999 0.429988975 0.5726915515625 0.4288864390625 0.5638506875 0.4162072765625 0.5402750484375 0.41345093750000006 0.5216110015625001 0.41786108125 0.5127701375 0.42116868749999997 0.51178781875 0.42557883125 0.51375245625 0.4305402421875 0.5235756390625 0.43329658281250005 0.52455795625 0.4349503859375 0.532416503125 0.43825799375 0.532416503125 0.43880926093749995 0.52652259375 0.43550165312500005 0.5235756390625 0.42833517031249996 0.5039292734374999 0.42171995625 0.5 0.41345093750000006 0.48624754374999996 0.41124586562500004 0.469548134375 0.40518191875 0.468565815625 0.40407938281250005 0.46561886093749993 0.40022050781249996 0.466601178125 0.39525909531250003 0.4872298625 0.390848953125 0.495088409375 0.390848953125 0.5992141453125 0.3936052921875 0.609037328125 0.39636163125 0.6129666015625 0.39966923906249996 0.610019646875
1 0.452590959375 0.6886051078125 0.4509371546875 0.698428290625 0.45479603125 0.7288801578124999 0.45479603125 0.749508840625 0.44597574375000004 0.7583497046875001 0.44597574375000004 0.762278978125 0.448732084375 0.7662082515625 0.46471885312500005 0.7652259328125 0.4636163171875 0.7043222 0.46582138906250004 0.698428290625 0.47188533593750004 0.697445971875 0.47850055156250004 0.6886051078125 0.4823594265625 0.6895874265625 0.49558985624999996 0.7072691546875001 0.4966923921875 0.7141453828125 0.5132304296875 0.7534381140625 0.514332965625 0.762278978125 0.5220507171875 0.762278978125 0.52094818125 0.7465618859375 0.5 0.6935167 0.4928335171875 0.6620825140625 0.49117971406249994 0.6404715125 0.4840132296875 0.616895875 0.481256890625 0.60117878125 0.4740904078125 0.596267190625 0.4724366046875 0.5913555984375 0.472987871875 0.5805500984374999 0.47133406874999995 0.5736738703125 0.460308709375 0.5736738703125 0.460308709375 0.596267190625 0.45534729843750005 0.6119842828125 0.45534729843750005 0.6198428296875 0.4636163171875 0.659135559375 0.46306505 0.667976425 0.452590959375 0.6886051078125