2 0.6912899671875 0.493123771875 0.6907386984375 0.4872298625 0.6824696796875 0.4872298625 0.6808158765625001 0.4901768171875 0.6824696796875 0.495088409375 0.6874310921875 0.49607072656250006 0.6912899671875 0.493123771875
2 0.9261301 0.667976425 0.9244762953125001 0.6660117875 0.90904079375 0.6817288796875001 0.9002205078125 0.685658153125 0.9007717749999999 0.6915520625 0.9106945968750001 0.6895874265625 0.92557883125 0.672888015625 0.9261301 0.667976425
2 0.9261301 0.851669940625 0.9283351703125 0.8546168953125 0.9327453140624999 0.84675835 0.935501653125 0.832023575 0.9426681359375 0.8133595281250001 0.9415656015625 0.7956778 0.9349503859375 0.7838899796875001 0.9310915109375 0.787819253125 0.9305402421875 0.7917485265625 0.9316427781250001 0.8182711203125 0.929988975 0.8290766203125 0.9261301 0.8388998031250001 0.9261301 0.851669940625
2 0.622381478125 0.8978389 0.6240352812500001 0.8978389 0.6267916203125 0.9017681734374999 0.6273428890625 0.9076620828124999 0.6328555671875 0.9066797640625 0.6130099234374999 0.8850687625000001 0.605843440625 0.8850687625000001 0.6052921718750001 0.891944990625 0.6080485109375 0.8978389 0.622381478125 0.9066797640625 0.622381478125 0.8978389
2 0.1334068359375 0.9312377203125 0.13009922812500002 0.9312377203125 0.13175303124999999 0.94891945 0.134509371875 0.94793713125 0.1334068359375 0.9312377203125
2 0.5259095921875 0.5166994109374999 0.5259095921875 0.5088408640625001 0.5220507171875 0.494106090625 0.523153253125 0.4872298625 0.5214994484375 0.48330058906250006 0.518191840625 0.482318271875 0.5154355015625 0.47544204375000004 0.514332965625 0.479371315625 0.5170893046875 0.4872298625 0.518191840625 0.5 0.5259095921875 0.5166994109374999
2 0.6620727671875 0.9145383109375 0.6604189640625 0.917485265625 0.66482910625 0.9263261296874999 0.6664829109375 0.917485265625 0.6620727671875 0.9145383109375
0 0.2326350609375 0.610019646875 0.231532525 0.616895875 0.23759647187500002 0.616895875 0.23594266875 0.610019646875 0.2326350609375 0.610019646875
1 0.8963616312499999 0.94990176875 0.886438809375 0.9449901765625001 0.886438809375 0.9528487234374999 0.9173098124999999 0.974459725 0.923925028125 0.98821218125 0.9266813671874999 0.99901768125 0.9316427781250001 0.99901768125 0.93439911875 0.994106090625 0.93439911875 0.98624754375 0.929988975 0.968565815625 0.929988975 0.94891945 0.92557883125 0.917485265625 0.92557883125 0.8899803531250001 0.9310915109375 0.8762278984374999 0.9211686875 0.8300589390625 0.9145534734374999 0.8172888015625001 0.9084895265625 0.8172888015625001 0.9040793828125 0.8222003921875001 0.9040793828125 0.8300589390625 0.907386990625 0.8398821218749999 0.9068357218750001 0.8506876234374999 0.8925027562500001 0.87328094375 0.890848953125 0.8811394890625 0.8919514890625001 0.8929273078125 0.902425578125 0.9066797640625 0.90463065 0.9469548140624999 0.8963616312499999 0.94990176875
1 0.9432194046875001 0.6365422390625 0.937706725 0.6434184671875001 0.937706725 0.7062868375 0.93439911875 0.7151277015625 0.9316427781250001 0.7151277015625 0.9283351703125 0.7200392921875001 0.9294377062500001 0.723968565625 0.93384785 0.7269155203125 0.94211686875 0.724950884375 0.944321940625 0.699410609375 0.94597574375 0.6954813359375 0.9492833515625 0.6954813359375 0.952590959375 0.7033398828124999 0.9614112453124999 0.712180746875 0.964718853125 0.7318271125 0.9674751921875 0.7318271125 0.9718853359375 0.711198428125 0.9652701218749999 0.7062868375 0.952590959375 0.6817288796875001 0.960308709375 0.646365421875 0.960859978125 0.6060903734374999 0.956449834375 0.583497053125 0.956449834375 0.571709234375 0.9536934953125 0.5677799609374999 0.948180815625 0.5677799609374999 0.94597574375 0.5736738703125 0.9470782796874999 0.596267190625 0.944321940625 0.609037328125 0.944321940625 0.6306483296875001 0.9432194046875001 0.6365422390625
1 0.0815876515625 0.8222003921875001 0.0876515984375 0.8634577609375 0.0997794921875 0.9047151281250001 0.099228225 0.9184675828125 0.101433296875 0.923379175 0.106945975 0.923379175 0.1119073875 0.9145383109375 0.1124586546875 0.9017681734374999 0.1119073875 0.8948919453125 0.10859977968750001 0.8889980359375 0.1041896359375 0.87131630625 0.10363836875000002 0.84774066875 0.10749724375 0.821218075 0.10749724375 0.8055009828124999 0.114112459375 0.7907662078125 0.114112459375 0.7838899796875001 0.1124586546875 0.7721021609375 0.10859977968750001 0.762278978125 0.099228225 0.748526521875 0.09867695625 0.724950884375 0.09095920625000001 0.723968565625 0.0865490625 0.7288801578124999 0.0859977953125 0.7524557953125 0.0777287765625 0.7681728875 0.07056229375 0.8084479375000001 0.0694597578125 0.8290766203125 0.07331863281249999 0.8290766203125 0.0777287765625 0.821218075 0.0815876515625 0.8222003921875001
1 0.67364939375 0.597249509375 0.67364939375 0.5854616890625 0.6708930546875 0.5795677796875001 0.6664829109375 0.59037328125 0.6626240359375 0.5933202359374999 0.6620727671875 0.597249509375 0.6659316421875 0.60117878125 0.671995590625 0.60117878125 0.67364939375 0.597249509375
1 0.6742006609375 0.5667976421875001 0.6852260203125 0.5854616890625 0.6868798234375 0.609037328125 0.6896361625 0.610019646875 0.69404630625 0.6041257375 0.6951488421875001 0.5933202359374999 0.6912899671875 0.5874263265625 0.683572215625 0.557956778125 0.6868798234375 0.5039292734374999 0.6819184125 0.479371315625 0.679713340625 0.47544204375000004 0.6742006609375 0.47544204375000004 0.671995590625 0.482318271875 0.671995590625 0.5029469546875001 0.667585446875 0.525540275 0.6725468578125 0.53732809375 0.6742006609375 0.5667976421875001
1 0.5126791625 0.52652259375 0.509922821875 0.5343811390625001 0.509922821875 0.5402750484375 0.5159867703125001 0.53929273125 0.5176405734375 0.517681728125 0.5214994484375 0.51178781875 0.5259095921875 0.5216110015625001 0.527012128125 0.5166994109374999 0.5303197359375 0.5157170921875001 0.5347298781250001 0.52652259375 0.5363836828124999 0.5402750484375 0.5385887546875 0.545186640625 0.5418963609375 0.545186640625 0.542998896875 0.5383104125 0.539691290625 0.5294695484374999 0.5303197359375 0.45284872343749993 0.5259095921875 0.44695481406250004 0.5242557890625 0.43713163125000004 0.5214994484375 0.4332023578125 0.5176405734375 0.4332023578125 0.5126791625 0.45284872343749993 0.5126791625 0.474459725 0.5154355015625 0.492141453125 0.5126791625 0.5 0.5126791625 0.52652259375
1 0.638368246875 0.9675834968749999 0.642778390625 0.96267190625 0.647188534375 0.96267190625 0.65711135625 0.9872298625000001 0.6686879828125 0.995088409375 0.6703417859374999 0.99901768125 0.6896361625 0.99901768125 0.6879823593750001 0.9921414531250001 0.6791620734375 0.9901768171875001 0.6659316421875 0.9774066796875 0.6604189640625 0.9656188609375 0.6604189640625 0.9273084484374999 0.6560088203125 0.91159135625 0.6560088203125 0.8624754421875 0.6527012125 0.851669940625 0.6527012125 0.84675835 0.6560088203125 0.8418467578125 0.659316428125 0.8290766203125 0.65711135625 0.8172888015625001 0.6488423375 0.8163064828125 0.6433296578125 0.8222003921875001 0.64057331875 0.8565815328124999 0.634509371875 0.8850687625000001 0.634509371875 0.92436149375 0.630650496875 0.9361493125000001 0.6289966921875 0.9557956781250001 0.625689084375 0.969548134375 0.6251378171875001 0.99901768125 0.630099228125 0.99901768125 0.634509371875 0.9774066796875 0.638368246875 0.9675834968749999
1 0.1780595375 0.5550098234374999 0.1769570015625 0.57563850625 0.173098125 0.584479371875 0.165380375 0.58840864375 0.16207276718750002 0.5933202359374999 0.1604189640625 0.6051080546875001 0.16482910625 0.608055009375 0.1708930546875 0.5943025546875 0.17750826875 0.5923379171875001 0.18412348437499998 0.5805500984374999 0.18798235937500002 0.5795677796875001 0.18963616249999998 0.5815324171875 0.18963616249999998 0.6041257375 0.18798235937500002 0.6110019640625 0.18963616249999998 0.61394891875 0.1957001109375 0.61394891875 0.19845645 0.610019646875 0.19845645 0.6051080546875001 0.1957001109375 0.60117878125 0.1968026453125 0.584479371875 0.1951488421875 0.5039292734374999 0.1912899671875 0.495088409375 0.18798235937500002 0.495088409375 0.1857772875 0.49901768124999996 0.1857772875 0.5088408640625001 0.1824696796875 0.517681728125 0.1808158765625 0.545186640625 0.1780595375 0.5550098234374999
1 0.15159867656249998 0.99901768125 0.1477398015625 0.94891945 0.15159867656249998 0.9400785859375 0.15214994531249998 0.92239685625 0.1477398015625 0.9155206281250001 0.142778390625 0.9155206281250001 0.138368246875 0.9204322203125 0.13506063906250002 0.9390962671875001 0.1273428890625 0.9567779953125 0.12293274531250001 0.9783889984374999 0.122381478125 0.9901768171875001 0.12458654843750001 0.9921414531250001 0.12568908437499998 0.99901768125 0.15159867656249998 0.99901768125