2 0.514332965625 0.6051080546875001 0.5126791625 0.597249509375 0.5038588749999999 0.5943025546875 0.502205071875 0.5992141453125 0.5071664828125 0.608055009375 0.5126791625 0.608055009375 0.514332965625 0.6051080546875001
2 0.1951488421875 0.8418467578125 0.1957001109375 0.8339882125000001 0.18798235937500002 0.8438113953125 0.18191841250000002 0.8595284875000001 0.1802278578125 0.8620170265624999 0.1808158765625 0.8614931234375 0.1824696796875 0.866404715625 0.191841234375 0.8447937124999999 0.1951488421875 0.8418467578125
2 0.1780595375 0.8762278984374999 0.1796696546875 0.8628387140625 0.16923925 0.878192534375 0.1703417859375 0.88408644375 0.1780595375 0.8762278984374999
2 0.452590959375 0.5088408640625001 0.460308709375 0.49803536406250004 0.4619625140625 0.492141453125 0.4581036390625 0.49115913593749994 0.452590959375 0.495088409375 0.43109151093750003 0.518664046875 0.4305402421875 0.52455795625 0.4349503859375 0.52652259375 0.44432194062499997 0.5127701375 0.452590959375 0.5088408640625001
1 0.8142227125 0.5530451859375 0.8169790515625 0.5540275046875001 0.8213891953125 0.55009823125 0.8219404625 0.52455795625 0.8235942671875 0.519646365625 0.8313120171874999 0.5275049109375 0.834619625 0.5402750484375 0.8379272328124999 0.5363457765625 0.8384785000000001 0.52652259375 0.8257993390625 0.50098231875 0.8318632859375 0.4440078578125 0.83020948125 0.40176817343750004 0.8213891953125 0.3948919453125 0.8175303203125001 0.4056974453125 0.8153252484375001 0.43811394843749996 0.8158765156250001 0.466601178125 0.8142227125 0.47053045156250006 0.8131201765625 0.4970530453125 0.8158765156250001 0.530451865625 0.8153252484375001 0.5412573671875001 0.8125689078124999 0.5471512765625001 0.8142227125 0.5530451859375
1 0.8263506062499999 0.647347740625 0.8219404625 0.65225933125 0.8109151046875 0.647347740625 0.8092613015625 0.6493123765625 0.8092613015625 0.6561886046875001 0.8125689078124999 0.660117878125 0.828555678125 0.6650294703124999 0.8335170890624999 0.6709233796875 0.8291069453125001 0.6807465625 0.8213891953125 0.6905697453124999 0.8230429984375001 0.7023575640625 0.8379272328124999 0.710216109375 0.8555678062500001 0.711198428125 0.857772878125 0.7033398828124999 0.8616317531250001 0.698428290625 0.8660418968749999 0.697445971875 0.8687982359375 0.6915520625 0.8676957 0.685658153125 0.8643880921875 0.684675834375 0.861080484375 0.6777996078124999 0.8621830203125 0.6571709234374999 0.85997795 0.6434184671875001 0.8506063953125 0.6149312375 0.8428886437499999 0.6060903734374999 0.8417861078125 0.597249509375 0.8373759640625 0.58840864375 0.8313120171874999 0.584479371875 0.8269018750000001 0.58840864375 0.8257993390625 0.597249509375 0.8296582140625001 0.616895875 0.8269018750000001 0.627701375 0.8263506062499999 0.647347740625
1 0.016538037499999998 0.99901768125 0.016538037499999998 0.9911591359375 0.0049614109375 0.9675834968749999 0.00441014375 0.9587426328124999 0.0005512671874999999 0.9449901765625001 0 0.995088409375 0.002205071875 0.995088409375 0.0033076078124999997 0.99901768125 0.016538037499999998 0.99901768125
1 0.008269018749999999 0.88605108125 0.0011025359375 0.87328094375 0 0.91159135625 0.0049614109375 0.9135559921875 0.008269018749999999 0.9047151281250001 0.008269018749999999 0.88605108125
1 0.523153253125 0.5432220046875 0.5214994484375 0.570726915625 0.5137816984375 0.58840864375 0.5126791625 0.596267190625 0.5038588749999999 0.597249509375 0.5038588749999999 0.6021611 0.5049614109375 0.6051080546875001 0.5159867703125001 0.6070726921875 0.5214994484375 0.62671905625 0.5165380374999999 0.647347740625 0.5259095921875 0.647347740625 0.5303197359375 0.6434184671875001 0.530871003125 0.635559921875 0.527012128125 0.621807465625 0.5242557890625 0.6001964640625 0.5253583234375 0.5923379171875001 0.5319735390625 0.584479371875 0.5358324140625 0.584479371875 0.5385887546875 0.5893909625 0.5418963609375 0.596267190625 0.5457552375 0.6149312375 0.5457552375 0.633595284375 0.5474090406250001 0.6365422390625 0.551819184375 0.635559921875 0.551819184375 0.609037328125 0.5446527015625 0.583497053125 0.5435501656249999 0.570726915625 0.5457552375 0.5294695484374999 0.539691290625 0.51375245625 0.5319735390625 0.5029469546875001 0.5292171999999999 0.48821218125000004 0.5226019843749999 0.48821218125000004 0.5198456453125 0.495088409375 0.5203969125000001 0.5108055015625 0.518743109375 0.51375245625 0.518743109375 0.5216110015625001 0.523153253125 0.5432220046875
1 0.2227122375 0.787819253125 0.23042998906249998 0.775049115625 0.23594266875 0.7573673875 0.2403528109375 0.749508840625 0.2425578828125 0.750491159375 0.24862182968750002 0.7671905703124999 0.24751929375 0.7779960703125 0.233186328125 0.8094302546875 0.233186328125 0.82023575625 0.231532525 0.8222003921875001 0.22657111406250002 0.851669940625 0.22216097031249998 0.8595284875000001 0.212789415625 0.8614931234375 0.21664829062500002 0.8683693515625001 0.22657111406250002 0.8693516703125 0.23042998906249998 0.8644400781250001 0.23098125625 0.8555992140625 0.23759647187500002 0.8428290765625001 0.24145534687499998 0.827111984375 0.2403528109375 0.82023575625 0.2447629546875 0.8104125734375 0.24917309843750002 0.8084479375000001 0.2552370453125 0.8104125734375 0.26901874375 0.8349705296875 0.2734288859375 0.84774066875 0.2734288859375 0.8555992140625 0.278941565625 0.8555992140625 0.2772877625 0.8339882125000001 0.26791620781250003 0.8094302546875 0.2734288859375 0.7838899796875001 0.27287761875 0.7593320234375 0.266262403125 0.7396856578125 0.26074972500000004 0.712180746875 0.24917309843750002 0.7023575640625 0.24751929375 0.698428290625 0.24751929375 0.6886051078125 0.2431091515625 0.6827111984374999 0.23925027499999998 0.6827111984374999 0.2353914 0.6915520625 0.23869900781250003 0.7161100203124999 0.231532525 0.7337917484375 0.22877618593750002 0.7534381140625 0.21334068281250002 0.7917485265625 0.21334068281250002 0.7956778 0.2155457546875 0.7976424359375 0.221058434375 0.7956778 0.2227122375 0.787819253125
1 0.390848953125 0.6905697453124999 0.3880926125 0.699410609375 0.39250275625 0.7062868375 0.39581036406250003 0.7023575640625 0.39966923906249996 0.6689587421875001 0.39966923906249996 0.648330059375 0.4035281140625 0.63948919375 0.40793825781250004 0.635559921875 0.41289966875 0.64243615 0.4184123484375 0.69253438125 0.42502756406250003 0.7023575640625 0.427232634375 0.6944990171875001 0.4222712234375 0.667976425 0.41786108125 0.6198428296875 0.41786108125 0.6110019640625 0.42502756406250003 0.58840864375 0.42502756406250003 0.5795677796875001 0.42061742031250005 0.5599214140625 0.40959206249999996 0.546168959375 0.41124586562500004 0.5383104125 0.40793825781250004 0.52652259375 0.40132304375 0.525540275 0.3969129 0.5343811390625001 0.39966923906249996 0.55009823125 0.39250275625 0.5677799609374999 0.394707828125 0.6149312375 0.394156559375 0.64243615 0.3914002203125 0.6561886046875001 0.390848953125 0.6905697453124999
1 0.22877618593750002 0.56286836875 0.23098125625 0.5785854609375 0.23042998906249998 0.5874263265625 0.22601984531250002 0.5943025546875 0.22712238125 0.60117878125 0.2342888640625 0.6051080546875001 0.23759647187500002 0.60117878125 0.2370452046875 0.59037328125 0.2425578828125 0.58840864375 0.24917309843750002 0.5933202359374999 0.25633958125 0.6041257375 0.257993384375 0.6110019640625 0.26185226093749997 0.6129666015625 0.262403528125 0.5933202359374999 0.26074972500000004 0.5893909625 0.2530319734375 0.5874263265625 0.2403528109375 0.5726915515625 0.23869900781250003 0.5216110015625001 0.2353914 0.5147347734375 0.2342888640625 0.506876228125 0.22712238125 0.49607072656250006 0.224917309375 0.4842829078125 0.2199558984375 0.481335953125 0.21664829062500002 0.4872298625 0.2155457546875 0.5039292734374999 0.20948180781249998 0.5216110015625001 0.208379271875 0.5402750484375 0.2122381484375 0.557956778125 0.2205071671875 0.55108055 0.22877618593750002 0.56286836875
1 0.46471885312500005 0.51375245625 0.46085997812499996 0.525540275 0.4597574421875 0.5402750484375 0.45644983437500003 0.5540275046875001 0.45148842343749995 0.5599214140625 0.4509371546875 0.5658153234375 0.460308709375 0.5667976421875001 0.4636163171875 0.5559921421875 0.47133406874999995 0.5540275046875001 0.4707828 0.5383104125 0.4740904078125 0.5225933203124999 0.4762954796875 0.520628684375 0.48456449843750005 0.52455795625 0.489525909375 0.532416503125 0.48787210625000005 0.5471512765625001 0.5011025359375 0.5432220046875 0.50441014375 0.5530451859375 0.509922821875 0.5530451859375 0.5110253578124999 0.55009823125 0.5049614109375 0.5402750484375 0.502205071875 0.52652259375 0.49558985624999996 0.517681728125 0.49228224843749996 0.49901768124999996 0.489525909375 0.46561886093749993 0.4867695703125 0.455795678125 0.48070562343749995 0.44891945 0.47739801562500006 0.4332023578125 0.469128996875 0.4312377203125 0.4663726578125 0.43516699374999995 0.468577728125 0.44499017656250006 0.469128996875 0.495088409375 0.465270121875 0.5019646359375 0.46471885312500005 0.51375245625
1 0.5551267921874999 0.610019646875 0.5551267921874999 0.6257367390625 0.5600882031250001 0.6306483296875001 0.563947078125 0.6404715125 0.56174200625 0.6453831046875 0.5600882031250001 0.6640471515625 0.5567805953125 0.673870334375 0.5562293281249999 0.685658153125 0.5529217203125001 0.6895874265625 0.5474090406250001 0.6886051078125 0.5474090406250001 0.6935167 0.5567805953125 0.7062868375 0.564498346875 0.7072691546875001 0.5678059531249999 0.711198428125 0.5689084890625 0.7161100203124999 0.56615215 0.7200392921875001 0.563947078125 0.7318271125 0.5716648296875 0.7328094296875001 0.57828004375 0.723968565625 0.5777287765625 0.7141453828125 0.5738699 0.7043222 0.5694597578125 0.6807465625 0.57056229375 0.6660117875 0.5815876515625 0.63948919375 0.5777287765625 0.597249509375 0.568357221875 0.5795677796875001 0.5573318640625 0.5726915515625 0.5551267921874999 0.557956778125 0.551819184375 0.5550098234374999 0.5468577734375 0.556974459375 0.5474090406250001 0.5726915515625 0.551267915625 0.5815324171875 0.551819184375 0.60117878125 0.5551267921874999 0.610019646875
1 0.5733186328125 0.5343811390625001 0.5738699 0.545186640625 0.5711135609375 0.5550098234374999 0.5694597578125 0.5795677796875001 0.5738699 0.5854616890625 0.5777287765625 0.5854616890625 0.5804851156249999 0.5795677796875001 0.5832414546875 0.5815324171875 0.5898566703125 0.6257367390625 0.5898566703125 0.6375245578125 0.59536935 0.63948919375 0.59481808125 0.5982318265625 0.5920617421875 0.582514734375 0.592613009375 0.55108055 0.5942668140625 0.5383104125 0.5981256890625 0.532416503125 0.5986769562500001 0.52455795625 0.59536935 0.507858546875 0.5876515984374999 0.492141453125 0.584895259375 0.479371315625 0.581036384375 0.474459725 0.5755237046875 0.47544204375000004 0.5694597578125 0.505893909375 0.568357221875 0.520628684375 0.562293275 0.5284872296875001 0.551819184375 0.530451865625 0.5529217203125001 0.5363457765625 0.564498346875 0.5363457765625 0.5694597578125 0.532416503125 0.5733186328125 0.5343811390625001
0 0.2822491734375 0.6944990171875001 0.2822491734375 0.6905697453124999 0.28004410156250004 0.6886051078125 0.2739801546875 0.6915520625 0.2701212796875 0.698428290625 0.27232635 0.7033398828124999 0.2761852265625 0.7033398828124999 0.2822491734375 0.6944990171875001