2 0.9310915109375 0.7838899796875001 0.9288864390624999 0.7789783890625 0.9316427781250001 0.774066796875 0.93384785 0.7789783890625 0.9388092609375001 0.774066796875 0.9614112453124999 0.7455795671875001 0.9636163171875 0.736738703125 0.9570011031250001 0.7406679765625 0.9432194046875001 0.762278978125 0.9360529218750001 0.7671905703124999 0.9332965828124999 0.7730844796875 0.9200661515625 0.7799607078124999 0.9128996687500001 0.777013753125 0.9134509375000001 0.7858546171875 0.9173098124999999 0.7907662078125 0.9261301 0.7917485265625 0.9310915109375 0.7838899796875001
2 0.7199558984375 0.6129666015625 0.7199558984375 0.597249509375 0.716648290625 0.5992141453125 0.7155457546874999 0.6129666015625 0.7094818078125 0.635559921875 0.708930540625 0.6434184671875001 0.712789415625 0.646365421875 0.716648290625 0.634577603125 0.7199558984375 0.6129666015625
2 0.055678059375 0.6326129671875 0.054575523437499995 0.635559921875 0.056229328125 0.6385068765625 0.07056229375 0.62671905625 0.0696802640625 0.622789784375 0.06504961406250001 0.622789784375 0.055678059375 0.6326129671875
2 0.7927232640625 0.98624754375 0.7960308703125001 0.98624754375 0.7960308703125001 0.974459725 0.7927232640625 0.9705304515625001 0.7899669234375 0.974459725 0.7877618515625 0.9724950890624999 0.783351709375 0.9646365421875001 0.7783902984375 0.9459724953125 0.775082690625 0.9440078578125 0.7739801546875 0.9567779953125 0.7772877625 0.9715127703125 0.791069459375 0.9823182718749999 0.7927232640625 0.98624754375
1 0.9614112453124999 0.710216109375 0.96306505 0.712180746875 0.9652701218749999 0.7278978390625 0.96306505 0.7406679765625 0.964718853125 0.7583497046875001 0.973539140625 0.788801571875 0.973539140625 0.800589390625 0.9685777281249999 0.8064833 0.9685777281249999 0.8104125734375 0.9696802640625 0.8133595281250001 0.9834619625000001 0.8133595281250001 0.9867695703124999 0.8222003921875001 0.9867695703124999 0.827111984375 0.9834619625000001 0.8349705296875 0.9834619625000001 0.84577603125 0.9900771781250001 0.84675835 0.9994487328125 0.8379174859375 0.9994487328125 0.83300589375 0.9966923921875 0.832023575 0.9911797140624999 0.80746561875 0.9911797140624999 0.800589390625 0.985667034375 0.7829076625 0.9867695703124999 0.7681728875 0.9911797140624999 0.749508840625 0.9906284453125 0.729862475 0.9740904078125 0.6915520625 0.9641675859375001 0.6817288796875001 0.960308709375 0.667976425 0.9520396906249999 0.6699410609374999 0.9509371546875001 0.684675834375 0.952590959375 0.6895874265625 0.9592061734374999 0.6954813359375 0.9614112453124999 0.710216109375
1 0 0.87131630625 0.0027563390625 0.87328094375 0.0049614109375 0.8880157171875 0.0110253578125 0.89882121875 0.01212789375 0.917485265625 0.0137816984375 0.9204322203125 0.025358323437500004 0.92239685625 0.029768467187499998 0.9194499015625001 0.029768467187499998 0.9145383109375 0.0176405734375 0.89685658125 0.01212789375 0.86051080625 0.00441014375 0.832023575 0.0066152156249999995 0.8222003921875001 0.003858875 0.8172888015625001 0 0.8172888015625001 0 0.87131630625
1 0.3191841234375 0.7013752453125 0.3131201765625 0.7062868375 0.3131201765625 0.711198428125 0.3169790515625 0.7151277015625 0.32524807031249997 0.7141453828125 0.328555678125 0.7013752453125 0.3291069453125 0.6895874265625 0.33572216093749996 0.6660117875 0.344542446875 0.6650294703124999 0.3472987875 0.6689587421875001 0.3566703421875 0.7013752453125 0.35942668125 0.7043222 0.35942668125 0.723968565625 0.3643880921875 0.724950884375 0.36769569999999996 0.7200392921875001 0.36769569999999996 0.711198428125 0.35942668125 0.6777996078124999 0.35611907343750004 0.671905696875 0.35722160937499997 0.648330059375 0.36328555625000003 0.62671905625 0.3605292171875 0.6051080546875001 0.353362734375 0.5893909625 0.35170893125 0.57563850625 0.34840132343749997 0.5746561890625 0.3434399125 0.57563850625 0.3423373765625 0.58840864375 0.33461962500000003 0.60117878125 0.3340683578125 0.646365421875 0.326901875 0.6620825140625 0.32414553437500004 0.6895874265625 0.3191841234375 0.7013752453125
1 0.7183020953125 0.621807465625 0.716648290625 0.646365421875 0.7111356125 0.6689587421875001 0.7116868796875 0.6768172890625 0.7144432187499999 0.6777996078124999 0.716648290625 0.673870334375 0.7205071671875001 0.6640471515625 0.7216097015625 0.6502946953125 0.7260198453125 0.6385068765625 0.731532525 0.627701375 0.7348401328125 0.62671905625 0.741455346875 0.6444007859374999 0.7431091515625 0.65422396875 0.74751929375 0.6561886046875001 0.7508269015625 0.6620825140625 0.7552370453125 0.6886051078125 0.76019845625 0.6895874265625 0.7596471890625 0.673870334375 0.7552370453125 0.6571709234374999 0.74751929375 0.6385068765625 0.7431091515625 0.6051080546875001 0.7431091515625 0.5726915515625 0.7370452046875 0.556974459375 0.7342888640624999 0.5383104125 0.7304299890625 0.53732809375 0.72712238125 0.5422396859374999 0.7260198453125 0.5599214140625 0.7221609703125 0.5677799609374999 0.7216097015625 0.5805500984374999 0.7177508265625 0.597249509375 0.7177508265625 0.60117878125 0.7221609703125 0.6041257375 0.7227122375 0.609037328125 0.7183020953125 0.621807465625
1 0.9140022046875 0.9823182718749999 0.9084895265625 0.97544204375 0.907386990625 0.9567779953125 0.9035281140625001 0.94891945 0.8969129 0.9459724953125 0.890848953125 0.94891945 0.8891951484374999 0.953831040625 0.8897464171875 0.974459725 0.886438809375 0.9783889984374999 0.8869900765625 0.99901768125 0.9211686875 0.99901768125 0.9178610812500001 0.9833005890625 0.9140022046875 0.9823182718749999
1 0.047409040624999996 0.673870334375 0.0418963609375 0.70530451875 0.042998896875 0.7200392921875001 0.0446527015625 0.722986246875 0.047960309374999996 0.7220039296875 0.05181918437500001 0.698428290625 0.05788313125 0.685658153125 0.0606394703125 0.685658153125 0.06615214999999999 0.698428290625 0.070011025 0.7161100203124999 0.0771775078125 0.7151277015625 0.0738699 0.7072691546875001 0.07056229375 0.6895874265625 0.0694597578125 0.671905696875 0.06504961406250001 0.647347740625 0.0606394703125 0.634577603125 0.072216096875 0.6178781921875001 0.06560088124999999 0.61394891875 0.0611907390625 0.6060903734374999 0.060088203124999996 0.5943025546875 0.055678059375 0.5874263265625 0.0529217203125 0.571709234375 0.0501653796875 0.5658153234375 0.042998896875 0.5677799609374999 0.042998896875 0.583497053125 0.0358324140625 0.60117878125 0.0319735390625 0.6178781921875001 0.0319735390625 0.62671905625 0.039140021875 0.6365422390625 0.042998896875 0.660117878125 0.047409040624999996 0.673870334375
1 0.6874310921875 0.6935167 0.6951488421875001 0.7141453828125 0.69845645 0.710216109375 0.69845645 0.7062868375 0.7072767359375 0.710216109375 0.708930540625 0.7013752453125 0.7050716640625 0.7072691546875001 0.7039691296874999 0.69253438125 0.7094818078125 0.6915520625 0.7094818078125 0.660117878125 0.7072767359375 0.6453831046875 0.7078280046875001 0.62868369375 0.7111356125 0.610019646875 0.7028665937499999 0.597249509375 0.700110253125 0.596267190625 0.69790518125 0.5854616890625 0.694597575 0.5805500984374999 0.6896361625 0.5815324171875 0.6868798234375 0.5854616890625 0.6868798234375 0.5982318265625 0.683572215625 0.6051080546875001 0.6824696796875 0.6198428296875 0.6868798234375 0.6404715125 0.6852260203125 0.6768172890625 0.6874310921875 0.6935167
1 0.9867695703124999 0.61591355625 0.9994487328125 0.6188605109374999 0.9994487328125 0.52652259375 0.9966923921875 0.5294695484374999 0.9922822484375 0.55009823125 0.9906284453125 0.576620825 0.9911797140624999 0.6041257375 0.9867695703124999 0.6110019640625 0.9867695703124999 0.61591355625
1 0.40959206249999996 0.891944990625 0.4200661515625 0.928290765625 0.41289966875 0.9675834968749999 0.4140022046875 0.9813359531250001 0.4173098125 0.98624754375 0.42392502812500005 0.9852652265625 0.42557883125 0.968565815625 0.43329658281250005 0.9557956781250001 0.4349503859375 0.94891945 0.43880926093749995 0.94793713125 0.44707827968749997 0.96267190625 0.44818081562499995 0.9823182718749999 0.45479603125 0.9823182718749999 0.45534729843750005 0.9646365421875001 0.452590959375 0.9557956781250001 0.45148842343749995 0.9361493125000001 0.44597574375000004 0.9066797640625 0.44707827968749997 0.8998035359375001 0.45148842343749995 0.8939096265625001 0.45148842343749995 0.8811394890625 0.43880926093749995 0.8595284875000001 0.42613009999999996 0.8565815328124999 0.42392502812500005 0.8428290765625001 0.42171995625 0.8388998031250001 0.4140022046875 0.8379174859375 0.4101433296875 0.8438113953125 0.40959206249999996 0.8497053046874999 0.41455347343750004 0.8654223968749999 0.4101433296875 0.8821218078124999 0.40959206249999996 0.891944990625
1 0.5038588749999999 0.851669940625 0.5077177515625 0.8811394890625 0.5005512671875 0.891944990625 0.5 0.89685658125 0.5038588749999999 0.9017681734374999 0.5126791625 0.9017681734374999 0.5137816984375 0.84577603125 0.5203969125000001 0.8349705296875 0.527012128125 0.8339882125000001 0.5358324140625 0.85854616875 0.551267915625 0.8899803531250001 0.551819184375 0.9056974453125 0.5573318640625 0.9066797640625 0.559536934375 0.89882121875 0.555678059375 0.8821218078124999 0.551819184375 0.8693516703125 0.5413450937500001 0.8506876234374999 0.5418963609375 0.821218075 0.5385887546875 0.7956778 0.5341786109375 0.78192534375 0.5303197359375 0.775049115625 0.5226019843749999 0.7711198421875001 0.5203969125000001 0.7583497046875001 0.5176405734375 0.75638506875 0.5093715546875 0.7583497046875001 0.5071664828125 0.780943025 0.509922821875 0.8123772109375 0.5077177515625 0.8241650296874999 0.50441014375 0.8300589390625 0.5038588749999999 0.851669940625
1 0.6416758546875 0.4646365421875 0.6389195156249999 0.47642436093749996 0.634509371875 0.479371315625 0.6334068359375 0.48330058906250006 0.636163175 0.4901768171875 0.64057331875 0.49115913593749994 0.642227121875 0.48821218125000004 0.642227121875 0.47642436093749996 0.6488423375 0.469548134375 0.6521499453125 0.469548134375 0.659316428125 0.482318271875 0.6604189640625 0.49607072656250006 0.667585446875 0.495088409375 0.6686879828125 0.48821218125000004 0.6659316421875 0.48526522656250004 0.66482910625 0.474459725 0.6598676953125 0.46365422343749996 0.6604189640625 0.453831040625 0.6642778390624999 0.44793713124999995 0.667585446875 0.4312377203125 0.667585446875 0.4106090375 0.658765159375 0.3889980359375 0.6543550171875 0.389980353125 0.6521499453125 0.40176817343750004 0.6493936046875 0.40667976406250006 0.6460859984375 0.42730844843750004 0.646637265625 0.4390962671875 0.6433296578125 0.44990176875000004 0.6416758546875 0.4646365421875