1 0.7342888640624999 0.63948919375 0.7381477390625 0.64243615 0.7386990078125 0.667976425 0.741455346875 0.673870334375 0.7425578828125 0.6886051078125 0.7425578828125 0.7033398828124999 0.7386990078125 0.7200392921875001 0.73980154375 0.7278978390625 0.7442116875 0.7337917484375 0.74751929375 0.7288801578124999 0.75248070625 0.685658153125 0.7546857765625 0.6817288796875001 0.7590959203125001 0.6110019640625 0.7552370453125 0.5992141453125 0.7480705624999999 0.5923379171875001 0.7464167578125 0.576620825 0.7392502750000001 0.576620825 0.737596471875 0.5805500984374999 0.7381477390625 0.5943025546875 0.7304299890625 0.6178781921875001 0.7287761859375 0.64243615 0.7265711140625 0.6512770140625 0.7304299890625 0.6493123765625 0.7342888640624999 0.63948919375
1 0.663175303125 0.6493123765625 0.6659316421875 0.660117878125 0.6714443218749999 0.661100196875 0.671995590625 0.6561886046875001 0.66482910625 0.621807465625 0.665380375 0.5933202359374999 0.6681367140625001 0.5805500984374999 0.667585446875 0.5687622796875 0.6642778390624999 0.5599214140625 0.6521499453125 0.55009823125 0.6477398015625 0.533398821875 0.64057331875 0.5343811390625001 0.64002205 0.57563850625 0.646637265625 0.5893909625 0.6527012125 0.6296660125 0.663175303125 0.6493123765625
1 0.8605292171875 0.685658153125 0.8555678062500001 0.685658153125 0.8561190734374999 0.6944990171875001 0.861080484375 0.6954813359375 0.8632855562499999 0.6915520625 0.8605292171875 0.685658153125
1 0.8676957 0.6306483296875001 0.8660418968749999 0.634577603125 0.857772878125 0.634577603125 0.8566703421874999 0.6385068765625 0.861080484375 0.6434184671875001 0.8676957 0.6434184671875001 0.87210584375 0.6512770140625 0.8665931640625001 0.6817288796875001 0.8687982359375 0.7062868375 0.8632855562499999 0.7200392921875001 0.8649393609375 0.723968565625 0.8770672546875 0.723968565625 0.8776185218749999 0.7170923375 0.8748621828124999 0.7043222 0.8754134515625 0.6954813359375 0.8781697906250001 0.6905697453124999 0.8820286656249999 0.6944990171875001 0.8836824703125 0.7161100203124999 0.8875413453125001 0.7200392921875001 0.890848953125 0.7151277015625 0.890848953125 0.7082514734375 0.8836824703125 0.678781925 0.886438809375 0.6689587421875001 0.890848953125 0.6620825140625 0.890297684375 0.622789784375 0.882579934375 0.6021611 0.8787210578125 0.6001964640625 0.8770672546875 0.58840864375 0.8732083796874999 0.5795677796875001 0.8649393609375 0.5805500984374999 0.8649393609375 0.5913555984375 0.86824696875 0.60117878125 0.8665931640625001 0.610019646875 0.8676957 0.6306483296875001
1 0.427232634375 0.9106090375000001 0.43329658281250005 0.90962671875 0.43550165312500005 0.8958742624999999 0.43825799375 0.8899803531250001 0.4432194046875 0.8880157171875 0.44597574375000004 0.8929273078125 0.4492833515625 0.88605108125 0.45479603125 0.883104125 0.457001103125 0.877210215625 0.4636163171875 0.87131630625 0.4663726578125 0.8506876234374999 0.46582138906250004 0.8113948921875 0.4674751921875 0.8104125734375 0.4724366046875 0.821218075 0.47739801562500006 0.8163064828125 0.4779492828125 0.7976424359375 0.4746416765625 0.787819253125 0.472987871875 0.7711198421875001 0.4696802640625 0.7652259328125 0.4707828 0.7455795671875001 0.469128996875 0.7406679765625 0.460308709375 0.7426326125 0.45644983437500003 0.7603143421875 0.452590959375 0.763261296875 0.448732084375 0.7721021609375 0.44707827968749997 0.7917485265625 0.4432194046875 0.8025540281250001 0.4393605296875 0.8339882125000001 0.44046306562500004 0.85854616875 0.43439911875000004 0.8683693515625001 0.427232634375 0.9106090375000001
1 0.5424476296875 0.9194499015625001 0.533076075 0.9204322203125 0.52866593125 0.9273084484374999 0.526460859375 0.9273084484374999 0.5242557890625 0.9332023578124999 0.5242557890625 0.943025540625 0.5259095921875 0.9449901765625001 0.5347298781250001 0.9312377203125 0.5413450937500001 0.93516699375 0.53748621875 0.954813359375 0.5385887546875 0.9616895875000001 0.54520396875 0.9616895875000001 0.5501653796875 0.9567779953125 0.5474090406250001 0.94891945 0.5474090406250001 0.9410609031250001 0.5600882031250001 0.9145383109375 0.5611907390625 0.87328094375 0.56560088125 0.8644400781250001 0.5738699 0.8624754421875 0.576626240625 0.8428290765625001 0.5738699 0.8222003921875001 0.5650496140625 0.8094302546875 0.5678059531249999 0.7996070734375 0.5678059531249999 0.788801571875 0.5650496140625 0.7799607078124999 0.5606394703124999 0.7799607078124999 0.5573318640625 0.7838899796875001 0.5562293281249999 0.8055009828124999 0.542998896875 0.8222003921875001 0.5413450937500001 0.8339882125000001 0.5413450937500001 0.872298625 0.5468577734375 0.9145383109375 0.5424476296875 0.9194499015625001
1 0.225468578125 0.6571709234374999 0.22712238125 0.648330059375 0.23042998906249998 0.6444007859374999 0.2348401328125 0.6493123765625 0.2342888640625 0.6699410609374999 0.23042998906249998 0.6817288796875001 0.23042998906249998 0.6905697453124999 0.23925027499999998 0.6915520625 0.24366041875 0.6886051078125 0.24366041875 0.6827111984374999 0.23869900781250003 0.6777996078124999 0.2425578828125 0.65225933125 0.24200661562499998 0.62671905625 0.23980154374999998 0.6149312375 0.24586549062500002 0.6051080546875001 0.24751929375 0.5933202359374999 0.2469680265625 0.5540275046875001 0.23980154374999998 0.5540275046875001 0.23759647187500002 0.5658153234375 0.22601984531250002 0.5795677796875001 0.21885336249999998 0.621807465625 0.21775082656250003 0.6512770140625 0.20286659375 0.6807465625 0.20286659375 0.698428290625 0.20617420000000003 0.698428290625 0.21003307656249998 0.6836935171875 0.225468578125 0.6571709234374999
1 0.40187431093750003 0.5039292734374999 0.39581036406250003 0.507858546875 0.394707828125 0.5127701375 0.40407938281250005 0.520628684375 0.40518191875 0.5039292734374999 0.4084895265625 0.5 0.415104740625 0.5 0.42557883125 0.5088408640625001 0.427232634375 0.51178781875 0.427232634375 0.520628684375 0.43164277812499996 0.5216110015625001 0.4349503859375 0.5157170921875001 0.4349503859375 0.51178781875 0.42557883125 0.494106090625 0.42557883125 0.48821218125000004 0.4288864390625 0.481335953125 0.429988975 0.47249508906250004 0.4288864390625 0.4459724953125 0.41565600937499997 0.4312377203125 0.40793825781250004 0.43222003906250006 0.40738699062499995 0.442043221875 0.40959206249999996 0.46070726874999995 0.4084895265625 0.4901768171875 0.40187431093750003 0.5039292734374999
1 0.9939360531249999 0.545186640625 0.9928335171875 0.557956778125 0.9944873203125001 0.56286836875 0.9994487328125 0.56286836875 0.9994487328125 0.4312377203125 0.99558985625 0.43516699374999995 0.99558985625 0.44891945 0.9911797140624999 0.4567779953125 0.9911797140624999 0.5363457765625 0.9939360531249999 0.545186640625
1 0.890848953125 0.61394891875 0.8914002203125 0.6178781921875001 0.8974641671875 0.6178781921875001 0.898566703125 0.5805500984374999 0.9040793828125 0.5667976421875001 0.90518191875 0.5559921421875 0.90463065 0.5294695484374999 0.9040793828125 0.520628684375 0.8936052921875 0.492141453125 0.890297684375 0.492141453125 0.8875413453125001 0.49607072656250006 0.8897464171875 0.517681728125 0.8891951484374999 0.545186640625 0.8831312015625 0.5559921421875 0.8853362734375001 0.5667976421875001 0.882579934375 0.57563850625 0.882579934375 0.60117878125 0.890848953125 0.61394891875
2 0.2625 0.640625 0.2765625 0.65625 0.2765625 0.6609375 0.271875 0.6578125 0.2625 0.6453125 0.2625 0.6421875
2 0.85625 0.6859375 0.8625 0.6859375 0.865625 0.6828125 0.8671875 0.6703125 0.8703125 0.66875 0.8703125 0.6828125 0.8640625 0.690625 0.8640625 0.6953125 0.859375 0.6984375 0.85625 0.6953125 0.8546875 0.6890625 0.85625 0.6875
2 0.86875 0.675 0.8703125 0.675 0.8703125 0.6828125 0.8640625 0.6890625 0.8640625 0.6953125 0.859375 0.6984375 0.8546875 0.6890625 0.85625 0.6859375 0.8640625 0.6859375 0.86875 0.6765625
2 0.2625 0.640625 0.2734375 0.6515625 0.28125 0.653125 0.28125 0.6609375 0.2765625 0.6625 0.265625 0.65 0.2625 0.6421875
2 0.7203125 0.678125 0.71875 0.7 0.7140625 0.7015625 0.709375 0.6953125 0.7109375 0.6859375 0.7140625 0.6875 0.7203125 0.6796875
2 0.646875 0.609375 0.6484375 0.6109375 0.646875 0.6171875 0.6375 0.6265625 0.6328125 0.628125 0.628125 0.621875 0.6296875 0.615625 0.634375 0.6203125 0.6375 0.6203125 0.646875 0.6109375
2 0.7203125 0.6796875 0.71875 0.7 0.7140625 0.7015625 0.709375 0.69375 0.709375 0.6890625 0.7140625 0.6875 0.71875 0.68125
0 0.40581752968749996 0.5255451859375 0.4053252484375 0.5211611 0.403357221875 0.5211611 0.40302921718749996 0.524668959375 0.40483351718750005 0.526715128125 0.40581752968749996 0.5255451859375