2 0.6212789421875 0.6001964640625 0.6240352812500001 0.6001964640625 0.6273428890625 0.5874263265625 0.6244946703124999 0.5848886703125 0.6212789421875 0.5923379171875001 0.6212789421875 0.6001964640625
2 0.8836824703125 0.6954813359375 0.8969129 0.6817288796875001 0.8996692390625001 0.672888015625 0.8952590953125 0.672888015625 0.8665931640625001 0.711198428125 0.8616317531250001 0.712180746875 0.8544652703125 0.7082514734375 0.853362734375 0.712180746875 0.8566703421874999 0.7200392921875001 0.8649393609375 0.7210216109375 0.8836824703125 0.6954813359375
2 0.13561190781250002 0.5108055015625 0.13009922812500002 0.507858546875 0.1295479609375 0.5127701375 0.1312017640625 0.5157170921875001 0.136163175 0.5166994109374999 0.13561190781250002 0.5108055015625
2 0.3919514890625 0.7406679765625 0.38974641718749997 0.7406679765625 0.3831312015625 0.7534381140625 0.3748621828125 0.7583497046875001 0.3748621828125 0.7711198421875001 0.382028665625 0.770137525 0.390848953125 0.7524557953125 0.3919514890625 0.7406679765625
2 0.0529217203125 0.88408644375 0.0507166484375 0.877210215625 0.054575523437499995 0.872298625 0.0567805953125 0.8762278984374999 0.06174200625 0.8654223968749999 0.067805953125 0.85854616875 0.07056229375 0.8506876234374999 0.07056229375 0.8438113953125 0.0667034171875 0.84774066875 0.055126792187499996 0.87131630625 0.0446527015625 0.88408644375 0.0402425578125 0.88605108125 0.0385887546875 0.8939096265625001 0.0418963609375 0.89685658125 0.0501653796875 0.8939096265625001 0.0529217203125 0.88408644375
2 0.43880926093749995 0.5667976421875001 0.4349503859375 0.5638506875 0.43329658281250005 0.5736738703125 0.43550165312500005 0.5805500984374999 0.4327453140625 0.584479371875 0.4349503859375 0.584479371875 0.43880926093749995 0.5667976421875001
2 0.43880926093749995 0.5402750484375 0.44211686875 0.53929273125 0.44266813593750004 0.5343811390625001 0.43880926093749995 0.533398821875 0.43770672499999996 0.546168959375 0.439911796875 0.55009823125 0.44211686875 0.546168959375 0.43880926093749995 0.5402750484375
2 0.7513781703125 0.91159135625 0.7491730984375 0.9145383109375 0.7486218296875 0.94891945 0.75248070625 0.9528487234374999 0.75248070625 0.9194499015625001 0.7513781703125 0.91159135625
2 0.535281146875 0.6561886046875001 0.5385887546875 0.65225933125 0.5402425578125001 0.6561886046875001 0.551267915625 0.63948919375 0.551819184375 0.634577603125 0.547960309375 0.634577603125 0.5385887546875 0.6512770140625 0.5325248078125 0.6571709234374999 0.5259095921875 0.659135559375 0.526460859375 0.6650294703124999 0.5347298781250001 0.6650294703124999 0.537210584375 0.6606090375 0.535281146875 0.6561886046875001
2 0.7403528109375 0.9567779953125 0.7425578828125 0.94891945 0.7342888640624999 0.923379175 0.7304299890625 0.923379175 0.7304299890625 0.9341846765625 0.7353913999999999 0.9528487234374999 0.7403528109375 0.9567779953125
1 0.9002205078125 0.667976425 0.9035281140625001 0.673870334375 0.8996692390625001 0.6876227890625 0.9002205078125 0.7278978390625 0.898566703125 0.7328094296875001 0.8925027562500001 0.736738703125 0.8936052921875 0.7406679765625 0.8969129 0.7426326125 0.9079382578124999 0.7416502953124999 0.907386990625 0.725933203125 0.911245865625 0.723968565625 0.9173098124999999 0.736738703125 0.9173098124999999 0.7455795671875001 0.9140022046875 0.7583497046875001 0.9206174203125 0.761296659375 0.9244762953125001 0.7573673875 0.9261301 0.750491159375 0.9250275640625001 0.7406679765625 0.9222712234375001 0.735756384375 0.9217199562499999 0.724950884375 0.9178610812500001 0.7131630640625 0.9178610812500001 0.70530451875 0.923925028125 0.6807465625 0.923925028125 0.667976425 0.9162072765625 0.635559921875 0.9079382578124999 0.620825146875 0.9040793828125 0.6060903734374999 0.8980154359375 0.6051080546875001 0.8963616312499999 0.608055009375 0.8963616312499999 0.61591355625 0.8996692390625001 0.6237721015625 0.9029768468749999 0.647347740625 0.9002205078125 0.667976425
1 0.7552370453125 0.99901768125 0.7866593171875 0.99901768125 0.78941565625 0.995088409375 0.7877618515625 0.98624754375 0.7899669234375 0.9724950890624999 0.7866593171875 0.9597249515625 0.78941565625 0.94793713125 0.7822491734375 0.94793713125 0.7783902984375 0.9410609031250001 0.77673649375 0.9312377203125 0.7723263499999999 0.9273084484374999 0.7668136718749999 0.928290765625 0.7618522609375 0.9528487234374999 0.758544653125 0.9567779953125 0.750275634375 0.9528487234374999 0.7491730984375 0.9587426328124999 0.75248070625 0.97544204375 0.75248070625 0.9911591359375 0.7552370453125 0.99901768125
1 0.0694597578125 0.8958742624999999 0.072216096875 0.89685658125 0.0738699 0.8929273078125 0.0793825796875 0.8487229859375001 0.09095920625000001 0.8290766203125 0.093164278125 0.8300589390625 0.09481808124999999 0.8369351671875 0.0997794921875 0.8438113953125 0.101433296875 0.8948919453125 0.10804851093750001 0.89685658125 0.1130099234375 0.8929273078125 0.1157662625 0.88605108125 0.10859977968750001 0.878192534375 0.10915104687499999 0.851669940625 0.10859977968750001 0.8438113953125 0.105843440625 0.8379174859375 0.10749724375 0.8241650296874999 0.10308710000000001 0.80746561875 0.10363836875000002 0.7711198421875001 0.0981256890625 0.7583497046875001 0.09095920625000001 0.7573673875 0.0859977953125 0.7406679765625 0.0788313125 0.7406679765625 0.0755237046875 0.7465618859375 0.0777287765625 0.7652259328125 0.0738699 0.7711198421875001 0.072216096875 0.780943025 0.0755237046875 0.82023575625 0.0738699 0.8388998031250001 0.070011025 0.8487229859375001 0.0694597578125 0.8958742624999999
1 0.40407938281250005 0.7465618859375 0.4035281140625 0.763261296875 0.40022050781249996 0.774066796875 0.41179713281249997 0.776031434375 0.4123484015625 0.7799607078124999 0.40904079375 0.7848722984375 0.4084895265625 0.7917485265625 0.4101433296875 0.79469548125 0.41455347343750004 0.79469548125 0.42171995625 0.787819253125 0.4173098125 0.7573673875 0.4173098125 0.7288801578124999 0.42171995625 0.7082514734375 0.42116868749999997 0.699410609375 0.4184123484375 0.6895874265625 0.4162072765625 0.6689587421875001 0.40738699062499995 0.6502946953125 0.40407938281250005 0.6365422390625 0.3969129 0.63948919375 0.39581036406250003 0.65225933125 0.402425578125 0.6895874265625 0.40132304375 0.736738703125 0.40407938281250005 0.7465618859375
1 0.509922821875 0.49607072656250006 0.5088202859375001 0.5166994109374999 0.5126791625 0.5402750484375 0.5115766265625 0.5559921421875 0.5165380374999999 0.557956778125 0.518743109375 0.5540275046875001 0.518743109375 0.5422396859374999 0.5259095921875 0.50098231875 0.5292171999999999 0.494106090625 0.5292171999999999 0.4872298625 0.5137816984375 0.45776031406250006 0.5110253578124999 0.4567779953125 0.5088202859375001 0.46070726874999995 0.5077177515625 0.47249508906250004 0.5038588749999999 0.47838899843749993 0.5038588749999999 0.4872298625 0.509922821875 0.49607072656250006
1 0.1130099234375 0.533398821875 0.10859977968750001 0.5667976421875001 0.114112459375 0.5667976421875001 0.117971334375 0.531434184375 0.122381478125 0.52455795625 0.1251378171875 0.52455795625 0.128445425 0.532416503125 0.1295479609375 0.56286836875 0.1312017640625 0.5667976421875001 0.134509371875 0.5677799609374999 0.13561190781250002 0.5599214140625 0.1334068359375 0.525540275 0.133958103125 0.5029469546875001 0.1372657109375 0.49115913593749994 0.138368246875 0.47838899843749993 0.13175303124999999 0.4646365421875 0.13009922812500002 0.44793713124999995 0.12293274531250001 0.44990176875000004 0.12072767343749999 0.46070726874999995 0.1130099234375 0.47347740624999995 0.1119073875 0.480353634375 0.1124586546875 0.48919449843749996 0.1163175296875 0.50098231875 0.1163175296875 0.520628684375 0.1130099234375 0.533398821875
1 0.8665931640625001 0.622789784375 0.8737596468750001 0.622789784375 0.8754134515625 0.6188605109374999 0.8737596468750001 0.576620825 0.8781697906250001 0.5559921421875 0.87982359375 0.5166994109374999 0.8737596468750001 0.4872298625 0.869900771875 0.48330058906250006 0.865490628125 0.4872298625 0.865490628125 0.5284872296875001 0.8638368249999999 0.546168959375 0.8643880921875 0.609037328125 0.8665931640625001 0.622789784375
1 0.960308709375 0.9577603140625 0.956449834375 0.9518664046875 0.9558985671875 0.9312377203125 0.9465270125 0.92436149375 0.9404630656249999 0.929273084375 0.937706725 0.9400785859375 0.937706725 0.9567779953125 0.9310915109375 0.9656188609375 0.927232634375 0.9813359531250001 0.92557883125 0.99901768125 0.952590959375 0.99901768125 0.960859978125 0.9656188609375 0.960308709375 0.9577603140625
1 0.9250275640625001 0.5412573671875001 0.9294377062500001 0.5412573671875001 0.9349503859375 0.520628684375 0.9388092609375001 0.5235756390625 0.9399117968749999 0.5343811390625001 0.9432194046875001 0.53732809375 0.94597574375 0.530451865625 0.9404630656249999 0.5019646359375 0.9470782796874999 0.481335953125 0.9476295484374999 0.44891945 0.9426681359375 0.4390962671875 0.9415656015625 0.430255403125 0.937706725 0.428290765625 0.9349503859375 0.43222003906250006 0.93439911875 0.4390962671875 0.9294377062500001 0.44499017656250006 0.92557883125 0.469548134375 0.92557883125 0.47642436093749996 0.9288864390624999 0.48330058906250006 0.929988975 0.51178781875 0.9250275640625001 0.5412573671875001
1 0.622381478125 0.6512770140625 0.625689084375 0.647347740625 0.6312017640625001 0.6149312375 0.6334068359375 0.610019646875 0.6372657109375 0.610019646875 0.64057331875 0.6178781921875001 0.6449834625 0.620825146875 0.6527012125 0.622789784375 0.655457553125 0.627701375 0.6565600875000001 0.6375245578125 0.6598676953125 0.6385068765625 0.6604189640625 0.6188605109374999 0.6543550171875 0.6110019640625 0.6482910687500001 0.610019646875 0.6438809265625001 0.6051080546875001 0.642227121875 0.5550098234374999 0.636163175 0.532416503125 0.636163175 0.520628684375 0.634509371875 0.517681728125 0.6312017640625001 0.517681728125 0.628445425 0.5216110015625001 0.625689084375 0.53732809375 0.6273428890625 0.5746561890625 0.6251378171875001 0.6188605109374999 0.617420065625 0.647347740625 0.622381478125 0.6512770140625
1 0.9911797140624999 0.6512770140625 0.9917309812499999 0.673870334375 0.9944873203125001 0.6807465625 0.9911797140624999 0.6905697453124999 0.9994487328125 0.6935167 0.9994487328125 0.55108055 0.9911797140624999 0.55009823125 0.9867695703124999 0.558939096875 0.985115765625 0.5923379171875001 0.989525909375 0.620825146875 0.98787210625 0.63948919375 0.9911797140624999 0.6512770140625
1 0.8676957 0.974459725 0.865490628125 0.968565815625 0.8643880921875 0.9528487234374999 0.8561190734374999 0.9400785859375 0.8544652703125 0.9204322203125 0.8511576625 0.9135559921875 0.8439911796875 0.9106090375000001 0.83902976875 0.9155206281250001 0.8401323046875 0.9361493125000001 0.8335170890624999 0.9449901765625001 0.83020948125 0.9557956781250001 0.83020948125 0.99901768125 0.8649393609375 0.99901768125 0.8676957 0.995088409375 0.8676957 0.974459725
1 0.5490628453124999 0.6620825140625 0.5474090406250001 0.6689587421875001 0.5523704515625 0.6768172890625 0.5562293281249999 0.6768172890625 0.5606394703124999 0.659135559375 0.56174200625 0.6444007859374999 0.563947078125 0.63948919375 0.5727673656250001 0.6571709234374999 0.5738699 0.673870334375 0.576074971875 0.673870334375 0.57828004375 0.6689587421875001 0.5777287765625 0.6493123765625 0.57442116875 0.6365422390625 0.5771775078125 0.6296660125 0.5788313125 0.61591355625 0.581036384375 0.6129666015625 0.581036384375 0.5982318265625 0.57442116875 0.57563850625 0.56560088125 0.5618860515625 0.5633958109375 0.5530451859375 0.5611907390625 0.55009823125 0.5562293281249999 0.55009823125 0.5545755234375 0.5550098234374999 0.5573318640625 0.5923379171875001 0.5562293281249999 0.647347740625 0.5545755234375 0.659135559375 0.5490628453124999 0.6620825140625
1 0.4432194046875 0.59037328125 0.44707827968749997 0.6021611 0.4432194046875 0.61394891875 0.443770671875 0.621807465625 0.44597574375000004 0.622789784375 0.45644983437500003 0.6149312375 0.45203969062500005 0.5687622796875 0.4558985671875 0.5550098234374999 0.4597574421875 0.52652259375 0.45644983437500003 0.51178781875 0.448732084375 0.492141453125 0.44487320781250006 0.4901768171875 0.44211686875 0.495088409375 0.44211686875 0.52652259375 0.4393605296875 0.5412573671875001 0.44211686875 0.5530451859375 0.4432194046875 0.59037328125