2 0.1025358328125 0.88605108125 0.1019845640625 0.8811394890625 0.08324145468750001 0.8821218078124999 0.0826901875 0.891944990625 0.0854465265625 0.8948919453125 0.09867695625 0.8939096265625001 0.1025358328125 0.88605108125
2 0.937706725 0.9656188609375 0.9399117968749999 0.953831040625 0.93825799375 0.9518664046875 0.9294377062500001 0.9616895875000001 0.9167585453125 0.9636542234375 0.9167585453125 0.968565815625 0.9211686875 0.97347740625 0.9283351703125 0.97347740625 0.937706725 0.9656188609375
2 0.060088203124999996 0.8506876234374999 0.05181918437500001 0.8398821218749999 0.047960309374999996 0.8388998031250001 0.0485115765625 0.84675835 0.055678059375 0.8555992140625 0.0611907390625 0.85756385 0.060088203124999996 0.8506876234374999
2 0.599228225 0.610019646875 0.601433296875 0.616895875 0.6157662625 0.608055009375 0.6130099234374999 0.6060903734374999 0.609151046875 0.610019646875 0.6080485109375 0.6060903734374999 0.5964718859375 0.6110019640625 0.592613009375 0.6149312375 0.5964718859375 0.6178781921875001 0.597574421875 0.6110019640625 0.599228225 0.610019646875
2 0.50441014375 0.53732809375 0.502205071875 0.533398821875 0.4994487328125 0.532416503125 0.49834619687500004 0.53732809375 0.4966923921875 0.5363457765625 0.49558985624999996 0.530451865625 0.4944873203125 0.5343811390625001 0.49117971406249994 0.532416503125 0.5049614109375 0.545186640625 0.5077177515625 0.546168959375 0.5093715546875 0.5402750484375 0.50441014375 0.53732809375
2 0.526460859375 0.5540275046875001 0.5259095921875 0.55009823125 0.5093715546875 0.5402750484375 0.5137816984375 0.5491159140625 0.526460859375 0.5540275046875001
2 0.48566703437500003 0.51375245625 0.48070562343749995 0.51178781875 0.48070562343749995 0.5235756390625 0.4834619625 0.5284872296875001 0.489525909375 0.5294695484374999 0.48566703437500003 0.51375245625
0 0.10970231562499999 0.8683693515625001 0.10529217187499999 0.8683693515625001 0.1041896359375 0.87131630625 0.10363836875000002 0.8762278984374999 0.10529217187499999 0.8801571703125 0.11135611875 0.872298625 0.10970231562499999 0.8683693515625001
1 0.9972436609375 0.995088409375 0.9994487328125 0.995088409375 0.9983461968749999 0.9911591359375 0.9972436609375 0.995088409375
1 0.9592061734374999 0.8438113953125 0.960308709375 0.88408644375 0.9592061734374999 0.8929273078125 0.9476295484374999 0.91159135625 0.9470782796874999 0.9184675828125 0.9393605296875001 0.9341846765625 0.9393605296875001 0.9597249515625 0.9426681359375 0.9724950890624999 0.944321940625 0.995088409375 0.9470782796874999 0.99901768125 0.9520396906249999 0.99901768125 0.9520396906249999 0.9400785859375 0.9581036390625 0.9400785859375 0.9658213890624999 0.9528487234374999 0.985667034375 0.969548134375 0.9917309812499999 0.9783889984374999 0.9994487328125 0.979371315625 0.9994487328125 0.97544204375 0.9966923921875 0.97347740625 0.9939360531249999 0.9646365421875001 0.9746416765625 0.9410609031250001 0.977398015625 0.9312377203125 0.9779492828125 0.9204322203125 0.9840132296874999 0.9066797640625 0.9823594265625 0.8693516703125 0.985115765625 0.8624754421875 0.985667034375 0.84675835 0.981808159375 0.8300589390625 0.976846746875 0.8182711203125 0.9729878718749999 0.815324165625 0.9718853359375 0.7996070734375 0.9685777281249999 0.788801571875 0.9570011031250001 0.787819253125 0.9547960312500001 0.7956778 0.9547960312500001 0.8064833 0.960859978125 0.821218075 0.960859978125 0.8369351671875 0.9592061734374999 0.8438113953125
1 0.9503858875000001 0.789783890625 0.9558985671875 0.7917485265625 0.9597574421875 0.78192534375 0.9619625140625001 0.736738703125 0.977398015625 0.712180746875 0.9807056234375 0.6807465625 0.9762954796875001 0.63948919375 0.9702315328125 0.6247544203125 0.9680264609375 0.6051080546875001 0.960308709375 0.6051080546875001 0.9575523703125001 0.610019646875 0.9581036390625 0.621807465625 0.960859978125 0.6316306484374999 0.960859978125 0.673870334375 0.9581036390625 0.6817288796875001 0.956449834375 0.697445971875 0.952590959375 0.7033398828124999 0.948732084375 0.7170923375 0.948180815625 0.736738703125 0.9520396906249999 0.7593320234375 0.9520396906249999 0.7838899796875001 0.9503858875000001 0.789783890625
1 0.3914002203125 0.660117878125 0.410694596875 0.6561886046875001 0.41455347343750004 0.6512770140625 0.4162072765625 0.64243615 0.41345093750000006 0.627701375 0.4162072765625 0.622789784375 0.4173098125 0.6021611 0.41179713281249997 0.5677799609374999 0.40463065 0.5609037328124999 0.3980154359375 0.5422396859374999 0.3936052921875 0.5422396859374999 0.390297684375 0.5481335953124999 0.38974641718749997 0.56286836875 0.382579934375 0.571709234375 0.3792723265625 0.5805500984374999 0.3792723265625 0.6041257375 0.382579934375 0.6149312375 0.3831312015625 0.6512770140625 0.3914002203125 0.660117878125
1 0.4906284453125 0.6110019640625 0.49503858906250003 0.6129666015625 0.49834619687500004 0.609037328125 0.5 0.5933202359374999 0.5038588749999999 0.584479371875 0.5049614109375 0.57563850625 0.5132304296875 0.5658153234375 0.518191840625 0.571709234375 0.5198456453125 0.5785854609375 0.523153253125 0.6188605109374999 0.5253583234375 0.622789784375 0.5275633953125001 0.621807465625 0.5292171999999999 0.61394891875 0.526460859375 0.596267190625 0.526460859375 0.55108055 0.5303197359375 0.5402750484375 0.5303197359375 0.531434184375 0.533076075 0.525540275 0.533076075 0.520628684375 0.5303197359375 0.5088408640625001 0.5220507171875 0.49803536406250004 0.52094818125 0.4872298625 0.518191840625 0.482318271875 0.5132304296875 0.48330058906250006 0.51212789375 0.49607072656250006 0.50826901875 0.5039292734374999 0.5038588749999999 0.52652259375 0.5005512671875 0.5343811390625001 0.5055126796875 0.5412573671875001 0.5055126796875 0.546168959375 0.5011025359375 0.557956778125 0.4906284453125 0.6110019640625
1 0.4140022046875 0.570726915625 0.41675854531249995 0.56286836875 0.41675854531249995 0.5550098234374999 0.423373759375 0.5540275046875001 0.4228224921875 0.57563850625 0.42833517031249996 0.5785854609375 0.429988975 0.5225933203124999 0.43329658281250005 0.5157170921875001 0.43164277812499996 0.49115913593749994 0.42943770625 0.4872298625 0.4184123484375 0.482318271875 0.415104740625 0.47347740624999995 0.4101433296875 0.47544204375000004 0.4084895265625 0.48624754374999996 0.4035281140625 0.49115913593749994 0.40407938281250005 0.506876228125 0.40959206249999996 0.52652259375 0.40959206249999996 0.56286836875 0.4140022046875 0.570726915625
1 0.20286659375 0.9852652265625 0.19900771718750002 0.9724950890624999 0.2012127890625 0.9410609031250001 0.19900771718750002 0.9361493125000001 0.1957001109375 0.93516699375 0.1852260203125 0.93713163125 0.18357221562499998 0.9410609031250001 0.1824696796875 0.9597249515625 0.17364939375 0.9666011781250001 0.16923925 0.9764243609375001 0.1664829109375 0.9872298625000001 0.1681367140625 0.99901768125 0.2034178609375 0.99901768125 0.20286659375 0.9852652265625
1 0.24366041875 0.9813359531250001 0.2442116875 0.9675834968749999 0.24917309843750002 0.9410609031250001 0.23814773906250003 0.9400785859375 0.231532525 0.9528487234374999 0.22932745312499997 0.9646365421875001 0.22216097031249998 0.9705304515625001 0.21719955937500002 0.9823182718749999 0.2155457546875 0.99901768125 0.23594266875 0.99901768125 0.23925027499999998 0.98821218125 0.24366041875 0.9813359531250001
1 0 0.878192534375 0.0066152156249999995 0.8762278984374999 0.0132304296875 0.85756385 0.0154355015625 0.8565815328124999 0.0170893046875 0.86051080625 0.0170893046875 0.872298625 0.0137816984375 0.8811394890625 0.0137816984375 0.8889980359375 0.0170893046875 0.8899803531250001 0.025909592187500004 0.8634577609375 0.025358323437500004 0.8398821218749999 0.023153253125000002 0.8290766203125 0.023153253125000002 0.8222003921875001 0.025909592187500004 0.8133595281250001 0.029768467187499998 0.8123772109375 0.039140021875 0.83300589375 0.0446527015625 0.8388998031250001 0.047960309374999996 0.8379174859375 0.0468577734375 0.826129665625 0.0402425578125 0.8035363453125001 0.039691290625 0.7848722984375 0.042998896875 0.763261296875 0.05181918437500001 0.748526521875 0.0507166484375 0.723968565625 0.0424476296875 0.722986246875 0.035281146875 0.7278978390625 0.033076074999999996 0.7465618859375 0.0154355015625 0.7721021609375 0.003858875 0.7966601171875001 0.002205071875 0.8094302546875 0.0027563390625 0.8251473484374999 0.0071664828125 0.8388998031250001 0.0077177515625 0.84774066875 0 0.8624754421875 0 0.878192534375
1 0.493936053125 0.7023575640625 0.49007717812499996 0.7161100203124999 0.49503858906250003 0.7200392921875001 0.4966923921875 0.724950884375 0.49558985624999996 0.75638506875 0.5071664828125 0.788801571875 0.5038588749999999 0.8035363453125001 0.5159867703125001 0.800589390625 0.5170893046875 0.7927308453124999 0.509922821875 0.774066796875 0.50826901875 0.7593320234375 0.5055126796875 0.7524557953125 0.5055126796875 0.7416502953124999 0.5077177515625 0.736738703125 0.51212789375 0.7337917484375 0.523153253125 0.7455795671875001 0.535281146875 0.748526521875 0.539140021875 0.7544204328124999 0.539691290625 0.7652259328125 0.5424476296875 0.7671905703124999 0.5463065046875 0.761296659375 0.5457552375 0.750491159375 0.5413450937500001 0.737721021875 0.52480705625 0.7318271125 0.5220507171875 0.7269155203125 0.5198456453125 0.7033398828124999 0.5055126796875 0.6807465625 0.502205071875 0.6699410609374999 0.49173098125000003 0.661100196875 0.4867695703125 0.6444007859374999 0.48070562343749995 0.6444007859374999 0.4779492828125 0.647347740625 0.47905181875 0.6630648328125 0.4873208375 0.6886051078125 0.493936053125 0.7023575640625
1 0.1642778390625 0.99901768125 0.16482910625 0.9587426328124999 0.1615215 0.9518664046875 0.1615215 0.9459724953125 0.16482910625 0.93713163125 0.16482910625 0.9184675828125 0.1615215 0.9145383109375 0.15325248125 0.917485265625 0.14829106875 0.9390962671875001 0.14057331875 0.9440078578125 0.1312017640625 0.9616895875000001 0.13065049687500002 0.9764243609375001 0.134509371875 0.9901768171875001 0.13506063906250002 0.99901768125 0.1642778390625 0.99901768125
1 0.605843440625 0.661100196875 0.6041896359375001 0.6807465625 0.6085997796875 0.6807465625 0.6124586546875 0.6768172890625 0.6113561187500001 0.6407986250000001 0.613561190625 0.63948919375 0.6168687984375001 0.646365421875 0.617971334375 0.685658153125 0.6234840125 0.6895874265625 0.6251378171875001 0.685658153125 0.6251378171875001 0.660117878125 0.621830209375 0.6247544203125 0.6245865484374999 0.610019646875 0.6251378171875001 0.5943025546875 0.6289966921875 0.584479371875 0.6295479609375 0.576620825 0.6251378171875001 0.56286836875 0.617420065625 0.5540275046875001 0.6130099234374999 0.5343811390625001 0.6085997796875 0.5363457765625 0.606945975 0.5471512765625001 0.6003307609374999 0.5638506875 0.5997794921875 0.6051080546875001 0.60363836875 0.610019646875 0.60363836875 0.64243615 0.605843440625 0.661100196875