2 0.4636163171875 0.9911591359375 0.45479603125 0.9823182718749999 0.439911796875 0.974459725 0.4371554578125 0.979371315625 0.4349503859375 0.974459725 0.436052921875 0.979371315625 0.45314222656250003 0.9911591359375 0.4597574421875 0.994106090625 0.4636163171875 0.9911591359375
2 0.8996692390625001 0.7082514734375 0.902425578125 0.7141453828125 0.915656009375 0.686640471875 0.9134509375000001 0.6905697453124999 0.9117971328125 0.685658153125 0.9057331859375 0.6944990171875001 0.9035281140625001 0.7023575640625 0.8941565593749999 0.7151277015625 0.890297684375 0.7151277015625 0.8919514890625001 0.723968565625 0.8980154359375 0.722986246875 0.8969129 0.712180746875 0.8996692390625001 0.7082514734375
2 0.23980154374999998 0.5540275046875001 0.24586549062500002 0.5609037328124999 0.2480705625 0.5677799609374999 0.2546857765625 0.571709234375 0.2513781703125 0.558939096875 0.2342888640625 0.5294695484374999 0.2353914 0.532416503125 0.233737596875 0.5343811390625001 0.23869900781250003 0.545186640625 0.23980154374999998 0.5540275046875001
2 0.50826901875 0.5383104125 0.50826901875 0.5343811390625001 0.5038588749999999 0.52652259375 0.5088202859375001 0.52455795625 0.509922821875 0.505893909375 0.506615215625 0.507858546875 0.5071664828125 0.50098231875 0.5110253578124999 0.49901768124999996 0.51212789375 0.495088409375 0.5115766265625 0.48330058906250006 0.50826901875 0.47347740624999995 0.50826901875 0.49115913593749994 0.5055126796875 0.5098231828124999 0.5033076078125001 0.51375245625 0.5033076078125001 0.5343811390625001 0.5005512671875 0.5540275046875001 0.50441014375 0.5540275046875001 0.50826901875 0.5383104125
0 0.2651598671875 0.597249509375 0.2651598671875 0.608055009375 0.26901874375 0.609037328125 0.26901874375 0.597249509375 0.2651598671875 0.597249509375
1 0.9200661515625 0.7033398828124999 0.9200661515625 0.7288801578124999 0.915656009375 0.735756384375 0.9123484015625 0.736738703125 0.9117971328125 0.7406679765625 0.9250275640625001 0.7455795671875001 0.935501653125 0.7269155203125 0.927783903125 0.6915520625 0.937706725 0.65225933125 0.93825799375 0.608055009375 0.9332965828124999 0.5923379171875001 0.9327453140624999 0.5746561890625 0.929988975 0.571709234375 0.9228224921875 0.571709234375 0.9206174203125 0.57760314375 0.9206174203125 0.6385068765625 0.9173098124999999 0.672888015625 0.9173098124999999 0.6905697453124999 0.9200661515625 0.7033398828124999
1 0.46471885312500005 0.9911591359375 0.46471885312500005 0.99901768125 0.49558985624999996 0.99901768125 0.49834619687500004 0.9901768171875001 0.4988974640625 0.94891945 0.49558985624999996 0.93516699375 0.49558985624999996 0.92239685625 0.4988974640625 0.9145383109375 0.4988974640625 0.902750490625 0.49558985624999996 0.89882121875 0.49007717812499996 0.89882121875 0.48291069531249997 0.9106090375000001 0.47905181875 0.9400785859375 0.47739801562500006 0.9783889984374999 0.4724366046875 0.9872298625000001 0.46471885312500005 0.9911591359375
1 0.163726571875 0.969548134375 0.1659316421875 0.9557956781250001 0.16482910625 0.9332023578124999 0.15600882031250002 0.9312377203125 0.1527012125 0.9361493125000001 0.15214994531249998 0.96070726875 0.14002205 0.9724950890624999 0.13506063906250002 0.98821218125 0.134509371875 0.99901768125 0.171995590625 0.99901768125 0.171995590625 0.9872298625000001 0.163726571875 0.969548134375
1 0.21940463124999998 0.5726915515625 0.21334068281250002 0.576620825 0.212789415625 0.584479371875 0.21444321875 0.5913555984375 0.21830209531250003 0.5923379171875001 0.22160970156249998 0.57760314375 0.23042998906249998 0.569744596875 0.233737596875 0.5746561890625 0.2342888640625 0.583497053125 0.2326350609375 0.5913555984375 0.23594266875 0.596267190625 0.2425578828125 0.596267190625 0.2442116875 0.5923379171875001 0.2403528109375 0.583497053125 0.24145534687499998 0.570726915625 0.23098125625 0.519646365625 0.22932745312499997 0.49115913593749994 0.22657111406250002 0.48821218125000004 0.22216097031249998 0.48919449843749996 0.22160970156249998 0.49901768124999996 0.21719955937500002 0.5166994109374999 0.21719955937500002 0.5412573671875001 0.22160970156249998 0.5530451859375 0.2227122375 0.5638506875 0.21940463124999998 0.5726915515625
1 0.625689084375 0.576620825 0.630650496875 0.5736738703125 0.630650496875 0.5785854609375 0.6185226015625 0.5923379171875001 0.6185226015625 0.596267190625 0.6251378171875001 0.6041257375 0.6295479609375 0.6021611 0.6312017640625001 0.571709234375 0.6372657109375 0.5677799609374999 0.646637265625 0.5854616890625 0.6477398015625 0.6070726921875 0.6515986765624999 0.610019646875 0.655457553125 0.597249509375 0.6477398015625 0.570726915625 0.6488423375 0.5284872296875001 0.647188534375 0.5088408640625001 0.642227121875 0.49607072656250006 0.6411245859375 0.482318271875 0.6356119078125 0.481335953125 0.6317530312499999 0.4872298625 0.6328555671875 0.520628684375 0.6295479609375 0.5343811390625001 0.630099228125 0.557956778125 0.625689084375 0.576620825
1 0.5115766265625 0.5540275046875001 0.5137816984375 0.52652259375 0.5176405734375 0.5098231828124999 0.52094818125 0.5088408640625001 0.52480705625 0.5127701375 0.526460859375 0.519646365625 0.5319735390625 0.5550098234374999 0.5380374859375 0.557956778125 0.5385887546875 0.5530451859375 0.535281146875 0.544204321875 0.5341786109375 0.52455795625 0.530871003125 0.5108055015625 0.5292171999999999 0.469548134375 0.5242557890625 0.4567779953125 0.5170893046875 0.44793713124999995 0.5159867703125001 0.44007858593750004 0.5132304296875 0.4361493125 0.5088202859375001 0.43713163125000004 0.5071664828125 0.4567779953125 0.5088202859375001 0.49803536406250004 0.506615215625 0.532416503125 0.5027563390625 0.5530451859375 0.5115766265625 0.5540275046875001