2 0.5562293281249999 0.570726915625 0.5573318640625 0.5638506875 0.5551267921874999 0.558939096875 0.5507166484375 0.5550098234374999 0.5468577734375 0.5559921421875 0.5463065046875 0.5609037328124999 0.5490628453124999 0.5677799609374999 0.5523704515625 0.571709234375 0.5562293281249999 0.570726915625
2 0.2205071671875 0.7996070734375 0.21719955937500002 0.7976424359375 0.212789415625 0.800589390625 0.2111356125 0.8045186640624999 0.200110253125 0.8133595281250001 0.19955898593750002 0.8172888015625001 0.20286659375 0.82023575625 0.2199558984375 0.8045186640624999 0.2205071671875 0.7996070734375
2 0.5954217749999999 0.644727753125 0.5964718859375 0.6512770140625 0.5986769562500001 0.6493123765625 0.6113561187500001 0.6316306484374999 0.6130099234374999 0.622789784375 0.597023153125 0.6434184671875001 0.5954217749999999 0.644727753125
2 0.594556903125 0.645434871875 0.5814040796875 0.6561886046875001 0.5755237046875 0.6561886046875001 0.5749724359374999 0.660117878125 0.57828004375 0.6650294703124999 0.5882028671875 0.6650294703124999 0.5937155453125 0.6561886046875001 0.5904079375 0.65225933125 0.5915104734375001 0.6493123765625 0.594556903125 0.645434871875
0 0.1543550171875 0.83300589375 0.154906284375 0.827111984375 0.14939360468750001 0.826129665625 0.1460859984375 0.8300589390625 0.1449834625 0.8339882125000001 0.14663726562499999 0.8369351671875 0.15159867656249998 0.8369351671875 0.1543550171875 0.83300589375
1 0.834619625 0.47249508906250004 0.834619625 0.48330058906250006 0.83020948125 0.49803536406250004 0.828555678125 0.51178781875 0.8230429984375001 0.5216110015625001 0.8224917312500001 0.5284872296875001 0.83020948125 0.5294695484374999 0.83902976875 0.495088409375 0.8417861078125 0.49115913593749994 0.8456449828125001 0.49115913593749994 0.8517089312499999 0.50098231875 0.8561190734374999 0.51375245625 0.857772878125 0.5235756390625 0.857221609375 0.5353634578124999 0.85997795 0.5363457765625 0.8643880921875 0.530451865625 0.8649393609375 0.52455795625 0.8561190734374999 0.49115913593749994 0.8544652703125 0.455795678125 0.8561190734374999 0.42730844843750004 0.8544652703125 0.4007858546875 0.8517089312499999 0.3939096265625 0.8472987875 0.3939096265625 0.8434399125 0.40176817343750004 0.8428886437499999 0.417485265625 0.83902976875 0.4312377203125 0.8379272328124999 0.4646365421875 0.834619625 0.47249508906250004
1 0.48070562343749995 0.58840864375 0.4779492828125 0.6070726921875 0.47519294375000004 0.61394891875 0.47519294375000004 0.6385068765625 0.472987871875 0.6552062875 0.46802646093750006 0.6640471515625 0.46802646093750006 0.667976425 0.4779492828125 0.671905696875 0.4823594265625 0.6689587421875001 0.4840132296875 0.6640471515625 0.48456449843750005 0.647347740625 0.49007717812499996 0.6502946953125 0.4906284453125 0.6571709234374999 0.4988974640625 0.6561886046875001 0.5011025359375 0.65225933125 0.493936053125 0.609037328125 0.496141125 0.5893909625 0.5 0.5746561890625 0.5 0.5618860515625 0.4988974640625 0.5422396859374999 0.49503858906250003 0.52652259375 0.4873208375 0.518664046875 0.4834619625 0.5039292734374999 0.4762954796875 0.5029469546875001 0.47353914062499997 0.506876228125 0.47353914062499997 0.517681728125 0.4762954796875 0.52455795625 0.48070562343749995 0.571709234375 0.48070562343749995 0.58840864375
1 0.8781697906250001 0.646365421875 0.8776185218749999 0.6552062875 0.8726571109375 0.6620825140625 0.8726571109375 0.6758349703125 0.8754134515625 0.6817288796875001 0.8809261296875001 0.685658153125 0.898566703125 0.6895874265625 0.90132304375 0.685658153125 0.90463065 0.6660117875 0.907386990625 0.660117878125 0.9079382578124999 0.6365422390625 0.886438809375 0.597249509375 0.8820286656249999 0.583497053125 0.8748621828124999 0.5795677796875001 0.8704520390624999 0.584479371875 0.869900771875 0.5923379171875001 0.874310915625 0.6060903734374999 0.874310915625 0.6247544203125 0.8781697906250001 0.646365421875
1 0.027012128125 0.8673870328125 0.033076074999999996 0.8801571703125 0.033076074999999996 0.8850687625000001 0.030871003125 0.9007858546874999 0.025909592187500004 0.9066797640625 0.025358323437500004 0.9145383109375 0.02480705625 0.943025540625 0.0292172 0.9587426328124999 0.02866593125 0.974459725 0.02480705625 0.9842829078124999 0.025909592187500004 0.9911591359375 0.0380374859375 0.9813359531250001 0.04134509375 0.974459725 0.04134509375 0.969548134375 0.055126792187499996 0.9656188609375 0.056229328125 0.97347740625 0.064498346875 0.97347740625 0.0667034171875 0.9616895875000001 0.0667034171875 0.9361493125000001 0.063947078125 0.9086444015625 0.06504961406250001 0.8791748531250001 0.0738699 0.8438113953125 0.070011025 0.8339882125000001 0.060088203124999996 0.8222003921875001 0.047960309374999996 0.821218075 0.045203968750000004 0.8182711203125 0.042998896875 0.800589390625 0.0319735390625 0.801571709375 0.029768467187499998 0.8094302546875 0.030871003125 0.8290766203125 0.025909592187500004 0.840864440625 0.024255789062499998 0.8555992140625 0.027012128125 0.8673870328125
1 0.266813671875 0.75638506875 0.2772877625 0.750491159375 0.29382579999999997 0.75638506875 0.2949283359375 0.762278978125 0.29217199531250004 0.7662082515625 0.291620728125 0.7730844796875 0.2949283359375 0.7789783890625 0.291069459375 0.7848722984375 0.28941565625 0.7927308453124999 0.2905181921875 0.82023575625 0.2949283359375 0.8163064828125 0.2987872109375 0.800589390625 0.29988974687500003 0.780943025 0.3153252484375 0.762278978125 0.3296582140625 0.762278978125 0.34840132343749997 0.7838899796875001 0.35170893125 0.7829076625 0.3522601984375 0.7789783890625 0.3434399125 0.7593320234375 0.33461962500000003 0.7534381140625 0.3213891953125 0.7288801578124999 0.30264608593750003 0.7131630640625 0.3048511578125 0.7033398828124999 0.31201764062500004 0.697445971875 0.3219404625 0.6827111984374999 0.32414553437500004 0.6777996078124999 0.32249173125 0.673870334375 0.305402425 0.686640471875 0.30154355 0.6905697453124999 0.2987872109375 0.698428290625 0.282800440625 0.711198428125 0.26901874375 0.711198428125 0.26901874375 0.723968565625 0.27177508281249996 0.7288801578124999 0.2701212796875 0.736738703125 0.26460859999999997 0.750491159375 0.2574421171875 0.7534381140625 0.2513781703125 0.762278978125 0.2508269015625 0.7662082515625 0.2546857765625 0.76915520625 0.2651598671875 0.762278978125 0.266813671875 0.75638506875
1 0.6185226015625 0.5216110015625001 0.628445425 0.530451865625 0.6240352812500001 0.571709234375 0.62789415625 0.57563850625 0.6317530312499999 0.5687622796875 0.638368246875 0.5667976421875001 0.6477398015625 0.5933202359374999 0.6521499453125 0.6129666015625 0.65711135625 0.6129666015625 0.65711135625 0.6051080546875001 0.6527012125 0.59037328125 0.6521499453125 0.5805500984374999 0.646637265625 0.56483300625 0.647188534375 0.49803536406250004 0.6433296578125 0.4901768171875 0.642227121875 0.479371315625 0.6389195156249999 0.474459725 0.630650496875 0.47053045156250006 0.626240353125 0.47642436093749996 0.6289966921875 0.49115913593749994 0.6273428890625 0.506876228125 0.6212789421875 0.520628684375 0.6185226015625 0.5216110015625001
1 0.5815876515625 0.55009823125 0.5777287765625 0.56483300625 0.5777287765625 0.57563850625 0.584895259375 0.5982318265625 0.584895259375 0.609037328125 0.581036384375 0.6178781921875001 0.5859977953125 0.620825146875 0.5937155453125 0.616895875 0.5959206171875 0.609037328125 0.6025358328125 0.6051080546875001 0.5942668140625 0.5667976421875001 0.597023153125 0.530451865625 0.5904079375 0.5 0.5804851156249999 0.4872298625 0.5749724359374999 0.47544204375000004 0.570011025 0.47838899843749993 0.57056229375 0.4901768171875 0.5777287765625 0.5108055015625 0.576626240625 0.5402750484375 0.5815876515625 0.55009823125
1 0.6157662625 0.620825146875 0.6130099234374999 0.6247544203125 0.6130099234374999 0.6502946953125 0.6163175296875 0.6699410609374999 0.6240352812500001 0.6836935171875 0.6245865484374999 0.6886051078125 0.622381478125 0.6905697453124999 0.6207276734375 0.7023575640625 0.628445425 0.7023575640625 0.633958103125 0.6944990171875001 0.633958103125 0.6905697453124999 0.630650496875 0.6836935171875 0.630099228125 0.6689587421875001 0.6267916203125 0.6571709234374999 0.6378169796875001 0.635559921875 0.6378169796875001 0.6149312375 0.625689084375 0.576620825 0.6157662625 0.5785854609375 0.609151046875 0.5667976421875001 0.6047409046875 0.5667976421875001 0.601433296875 0.570726915625 0.601433296875 0.5785854609375 0.6113561187500001 0.5933202359374999 0.6163175296875 0.6110019640625 0.6157662625 0.620825146875
1 0.5253583234375 0.479371315625 0.5214994484375 0.4901768171875 0.5242557890625 0.5216110015625001 0.5198456453125 0.531434184375 0.5203969125000001 0.5363457765625 0.5281146640625 0.53732809375 0.533076075 0.533398821875 0.533076075 0.5402750484375 0.539691290625 0.5422396859374999 0.542998896875 0.5383104125 0.542998896875 0.532416503125 0.5402425578125001 0.52652259375 0.5402425578125001 0.517681728125 0.5363836828124999 0.5166994109374999 0.5341786109375 0.5108055015625 0.5336273421875 0.5029469546875001 0.5358324140625 0.48330058906250006 0.5413450937500001 0.47347740624999995 0.539691290625 0.44990176875000004 0.5358324140625 0.44007858593750004 0.5242557890625 0.43516699374999995 0.5165380374999999 0.423379175 0.5126791625 0.42436149375000004 0.5110253578124999 0.429273084375 0.51212789375 0.46070726874999995 0.5071664828125 0.47642436093749996 0.5220507171875 0.474459725 0.5253583234375 0.479371315625
1 0.5380374859375 0.53732809375 0.5413450937500001 0.5383104125 0.535281146875 0.5363457765625 0.533076075 0.5383104125 0.533076075 0.5422396859374999 0.539140021875 0.5422396859374999 0.5380374859375 0.53732809375
1 0.5402425578125001 0.474459725 0.5358324140625 0.48330058906250006 0.5319735390625 0.5 0.535281146875 0.518664046875 0.539140021875 0.52455795625 0.539691290625 0.532416503125 0.542998896875 0.5343811390625001 0.5501653796875 0.520628684375 0.5501653796875 0.51375245625 0.5534729875 0.51178781875 0.5589856671875 0.5216110015625001 0.55788313125 0.5294695484374999 0.559536934375 0.532416503125 0.5650496140625 0.532416503125 0.5667034171875 0.52652259375 0.5606394703124999 0.505893909375 0.5562293281249999 0.4567779953125 0.5534729875 0.44499017656250006 0.5413450937500001 0.4204322203125 0.5363836828124999 0.4204322203125 0.5336273421875 0.4332023578125 0.5341786109375 0.4390962671875 0.5385887546875 0.4459724953125 0.5402425578125001 0.4616895875 0.5402425578125001 0.474459725
1 0.266262403125 0.48821218125000004 0.27232635 0.5039292734374999 0.27067254687500003 0.5108055015625 0.27232635 0.525540275 0.26901874375 0.5343811390625001 0.266813671875 0.5530451859375 0.2635060640625 0.56286836875 0.25633958125 0.5677799609374999 0.257993384375 0.5746561890625 0.26901874375 0.57563850625 0.2734288859375 0.5550098234374999 0.2850055125 0.5383104125 0.2949283359375 0.546168959375 0.3070562296875 0.55009823125 0.3131201765625 0.5658153234375 0.3153252484375 0.56286836875 0.31587651562499997 0.55108055 0.3142227125 0.5471512765625001 0.2949283359375 0.531434184375 0.291620728125 0.519646365625 0.291069459375 0.5 0.2822491734375 0.48330058906250006 0.27067254687500003 0.47347740624999995 0.268467475 0.46561886093749993 0.2651598671875 0.46267190625000004 0.25633958125 0.46267190625000004 0.2535832421875 0.46561886093749993 0.2535832421875 0.47347740624999995 0.2574421171875 0.481335953125 0.266262403125 0.48821218125000004