2 0.6725468578125 0.8939096265625001 0.6681367140625001 0.8929273078125 0.6681367140625001 0.9066797640625 0.6708930546875 0.917485265625 0.6786108046875 0.9204322203125 0.6725468578125 0.8939096265625001
2 0.42171995625 0.5795677796875001 0.41675854531249995 0.53732809375 0.4173098125 0.52652259375 0.41345093750000006 0.52455795625 0.41345093750000006 0.5795677796875001 0.41455347343750004 0.583497053125 0.4200661515625 0.584479371875 0.42171995625 0.5795677796875001
2 0.8274531421875 0.635559921875 0.8175303203125001 0.6507156890625 0.8208379265625 0.647347740625 0.8230429984375001 0.65225933125 0.83020948125 0.63948919375 0.8307607499999999 0.635559921875 0.8274531421875 0.635559921875
2 0.7971334062500001 0.6807465625 0.8031973546875 0.6817288796875001 0.8197353906249999 0.6571709234374999 0.8170556171875001 0.651440734375 0.8004410140625 0.6768172890625 0.7943770671875 0.6827111984374999 0.7855567812500001 0.6817288796875001 0.7861080484375 0.6886051078125 0.7960308703125001 0.6915520625 0.7985115765625 0.68713163125 0.7971334062500001 0.6807465625
2 0.6157662625 0.5432220046875 0.6130099234374999 0.545186640625 0.613561190625 0.55206286875 0.609702315625 0.55009823125 0.6052921718750001 0.558939096875 0.6052921718750001 0.5658153234375 0.6124586546875 0.557956778125 0.6157662625 0.5491159140625 0.6157662625 0.5432220046875
2 0.3335170890625 0.7662082515625 0.3423373765625 0.748526521875 0.348952590625 0.729862475 0.34840132343749997 0.724950884375 0.34399117968750004 0.729862475 0.3340683578125 0.7524557953125 0.32579933906249997 0.763261296875 0.32635060625 0.7671905703124999 0.3335170890625 0.7662082515625
2 0.12568908437499998 0.49607072656250006 0.12072767343749999 0.495088409375 0.117420065625 0.5039292734374999 0.11962513749999999 0.5108055015625 0.12568908437499998 0.5039292734374999 0.12568908437499998 0.49607072656250006
2 0.5220507171875 0.608055009375 0.5176405734375 0.608055009375 0.5055126796875 0.6257367390625 0.49724366093750005 0.62671905625 0.4966923921875 0.6296660125 0.5005512671875 0.635559921875 0.506615215625 0.634577603125 0.5220507171875 0.608055009375
2 0.6852260203125 0.8889980359375 0.6879823593750001 0.8850687625000001 0.6874310921875 0.8634577609375 0.68632855625 0.85854616875 0.6841234843749999 0.85854616875 0.6852260203125 0.9145383109375 0.6885336265625 0.92436149375 0.6885336265625 0.8929273078125 0.6852260203125 0.8889980359375
1 0.8726571109375 0.48821218125000004 0.8781697906250001 0.492141453125 0.8809261296875001 0.51375245625 0.8831312015625 0.5166994109374999 0.8853362734375001 0.51375245625 0.8853362734375001 0.5 0.882579934375 0.4872298625 0.882579934375 0.467583496875 0.885887540625 0.45284872343749993 0.8847850062499999 0.4361493125 0.8787210578125 0.42436149375000004 0.8765159875 0.41453831093750004 0.8710033078125001 0.416502946875 0.8687982359375 0.4263261296875 0.8649393609375 0.43222003906250006 0.8649393609375 0.518664046875 0.869349503125 0.5157170921875001 0.8704520390624999 0.493123771875 0.8726571109375 0.48821218125000004
1 0.0876515984375 0.51375245625 0.0876515984375 0.53732809375 0.08379272343750001 0.5746561890625 0.0898566703125 0.5746561890625 0.092613009375 0.5559921421875 0.0959206171875 0.5471512765625001 0.09867695625 0.557956778125 0.0981256890625 0.5687622796875 0.1025358328125 0.57563850625 0.10529217187499999 0.5746561890625 0.10308710000000001 0.5216110015625001 0.10529217187499999 0.504911590625 0.1119073875 0.494106090625 0.1130099234375 0.48526522656250004 0.0997794921875 0.467583496875 0.099228225 0.45284872343749993 0.09426681406250001 0.4518664046875 0.09095920625000001 0.455795678125 0.09040793750000001 0.468565815625 0.08213891875 0.482318271875 0.0826901875 0.49901768124999996 0.0876515984375 0.51375245625
1 0.613561190625 0.6051080546875001 0.6196251375 0.6060903734374999 0.6229327453125 0.60117878125 0.6207276734375 0.5874263265625 0.6207276734375 0.57563850625 0.622381478125 0.571709234375 0.6394707828125 0.5815324171875 0.64057331875 0.5746561890625 0.6378169796875001 0.5638506875 0.6295479609375 0.5618860515625 0.630099228125 0.520628684375 0.6229327453125 0.49901768124999996 0.622381478125 0.48821218125000004 0.617971334375 0.48526522656250004 0.614112459375 0.48919449843749996 0.613561190625 0.5736738703125 0.6157662625 0.5815324171875 0.6163175296875 0.596267190625 0.613561190625 0.6051080546875001
1 0.4162072765625 0.5383104125 0.4173098125 0.5550098234374999 0.42116868749999997 0.5726915515625 0.42171995625 0.5943025546875 0.4184123484375 0.6051080546875001 0.41896361562499995 0.609037328125 0.42392502812500005 0.610019646875 0.4266813671875 0.6051080546875001 0.427232634375 0.584479371875 0.43164277812499996 0.5785854609375 0.43550165312500005 0.5854616890625 0.436052921875 0.5913555984375 0.43880926093749995 0.5933202359374999 0.4415656015625 0.5874263265625 0.44211686875 0.57563850625 0.429988975 0.56286836875 0.42833517031249996 0.556974459375 0.43109151093750003 0.525540275 0.4349503859375 0.5166994109374999 0.4349503859375 0.5098231828124999 0.42557883125 0.4901768171875 0.4244762953125 0.482318271875 0.42171995625 0.479371315625 0.4173098125 0.482318271875 0.4173098125 0.4901768171875 0.41289966875 0.5 0.41289966875 0.532416503125 0.4162072765625 0.5383104125
1 0.8307607499999999 0.622789784375 0.8296582140625001 0.635559921875 0.8307607499999999 0.6385068765625 0.8384785000000001 0.62671905625 0.8428886437499999 0.6365422390625 0.8417861078125 0.6650294703124999 0.8439911796875 0.672888015625 0.8522601984374999 0.6876227890625 0.8528114656250001 0.7151277015625 0.8594266812500001 0.7170923375 0.8616317531250001 0.7141453828125 0.8643880921875 0.699410609375 0.8632855562499999 0.6915520625 0.8594266812500001 0.685658153125 0.8561190734374999 0.671905696875 0.8566703421874999 0.6571709234374999 0.8588754140624999 0.648330059375 0.8561190734374999 0.6149312375 0.8506063953125 0.6021611 0.83902976875 0.5874263265625 0.8373759640625 0.5785854609375 0.834619625 0.57563850625 0.83020948125 0.576620825 0.8291069453125001 0.5913555984375 0.832965821875 0.6021611 0.8340683578125001 0.616895875 0.8307607499999999 0.622789784375
1 0.87210584375 0.627701375 0.8754134515625 0.64243615 0.8820286656249999 0.6571709234374999 0.8831312015625 0.667976425 0.890848953125 0.6689587421875001 0.890297684375 0.661100196875 0.8853362734375001 0.65422396875 0.8820286656249999 0.6365422390625 0.8737596468750001 0.6178781921875001 0.8732083796874999 0.558939096875 0.865490628125 0.546168959375 0.8621830203125 0.533398821875 0.8561190734374999 0.5284872296875001 0.8528114656250001 0.533398821875 0.8511576625 0.5550098234374999 0.8517089312499999 0.6051080546875001 0.8588754140624999 0.6178781921875001 0.8638368249999999 0.6178781921875001 0.87210584375 0.627701375
1 0.0463065046875 0.8889980359375 0.0529217203125 0.8889980359375 0.055678059375 0.8850687625000001 0.056229328125 0.8654223968749999 0.063947078125 0.8497053046874999 0.06560088124999999 0.8379174859375 0.07331863281249999 0.826129665625 0.0859977953125 0.8310412578124999 0.0882028671875 0.84577603125 0.09536934999999999 0.8644400781250001 0.09536934999999999 0.8762278984374999 0.097023153125 0.8801571703125 0.10308710000000001 0.8801571703125 0.10859977968750001 0.8762278984374999 0.1102535828125 0.8644400781250001 0.1047409046875 0.8634577609375 0.1003307609375 0.85756385 0.09371554531250001 0.821218075 0.08710033125 0.8064833 0.0898566703125 0.7976424359375 0.09536934999999999 0.7907662078125 0.097023153125 0.7652259328125 0.09481808124999999 0.7534381140625 0.0882028671875 0.7396856578125 0.0865490625 0.723968565625 0.080485115625 0.723968565625 0.0777287765625 0.7288801578124999 0.0777287765625 0.748526521875 0.06615214999999999 0.7721021609375 0.0573318640625 0.8113948921875 0.056229328125 0.8398821218749999 0.0490628453125 0.8624754421875 0.045755237500000004 0.8821218078124999 0.0463065046875 0.8889980359375
1 0.352811465625 0.699410609375 0.3500551265625 0.7318271125 0.35170893125 0.75638506875 0.3550165375 0.7721021609375 0.3544652703125 0.7799607078124999 0.34785005468749997 0.79469548125 0.3566703421875 0.7956778 0.3605292171875 0.7917485265625 0.361080484375 0.7721021609375 0.3687982359375 0.761296659375 0.361631753125 0.7465618859375 0.361631753125 0.737721021875 0.3687982359375 0.7200392921875001 0.369349503125 0.7033398828124999 0.3649393609375 0.671905696875 0.3566703421875 0.6552062875 0.35611907343750004 0.6444007859374999 0.352811465625 0.6404715125 0.34840132343749997 0.6404715125 0.3472987875 0.6434184671875001 0.3472987875 0.661100196875 0.3500551265625 0.6689587421875001 0.3500551265625 0.6817288796875001 0.352811465625 0.699410609375
1 0.7877618515625 0.5923379171875001 0.7938258 0.5923379171875001 0.7927232640625 0.569744596875 0.7938258 0.5609037328124999 0.7960308703125001 0.557956778125 0.7987872109375 0.5618860515625 0.8009922828124999 0.5746561890625 0.8070562296875 0.5854616890625 0.80595369375 0.60117878125 0.8125689078124999 0.60117878125 0.8153252484375001 0.5943025546875 0.8048511578124999 0.5550098234374999 0.8054024249999999 0.52455795625 0.8037486218750001 0.49803536406250004 0.799889746875 0.4901768171875 0.7987872109375 0.479371315625 0.7960308703125001 0.47249508906250004 0.791069459375 0.47347740624999995 0.7899669234375 0.47838899843749993 0.791069459375 0.5127701375 0.7866593171875 0.5481335953124999 0.7866593171875 0.58840864375 0.7877618515625 0.5923379171875001
1 0.7679162078124999 0.994106090625 0.7717750828125001 0.99901768125 0.7949283359375 0.99901768125 0.7993384781249999 0.9872298625000001 0.795479603125 0.9675834968749999 0.7938258 0.9273084484374999 0.7905181921875 0.9194499015625001 0.782800440625 0.9106090375000001 0.7822491734375 0.8939096265625001 0.7772877625 0.88605108125 0.7701212796875 0.88605108125 0.7668136718749999 0.8909626718749999 0.7668136718749999 0.9017681734374999 0.76901874375 0.90962671875 0.766262403125 0.9469548140624999 0.7679162078124999 0.994106090625
1 0.526460859375 0.62671905625 0.5220507171875 0.6316306484374999 0.526460859375 0.63948919375 0.530871003125 0.63948919375 0.5347298781250001 0.61591355625 0.53748621875 0.61394891875 0.5446527015625 0.6237721015625 0.5446527015625 0.634577603125 0.5507166484375 0.635559921875 0.551819184375 0.6188605109374999 0.547960309375 0.609037328125 0.5474090406250001 0.60117878125 0.551819184375 0.58840864375 0.551267915625 0.5677799609374999 0.5468577734375 0.55108055 0.53693495 0.530451865625 0.5292171999999999 0.530451865625 0.5303197359375 0.5746561890625 0.5275633953125001 0.5933202359374999 0.52866593125 0.616895875 0.526460859375 0.62671905625
1 0.49724366093750005 0.5127701375 0.49724366093750005 0.517681728125 0.5005512671875 0.519646365625 0.50826901875 0.51178781875 0.5154355015625 0.5108055015625 0.5176405734375 0.5039292734374999 0.5165380374999999 0.4970530453125 0.5132304296875 0.493123771875 0.5132304296875 0.48330058906250006 0.5165380374999999 0.47347740624999995 0.5170893046875 0.45284872343749993 0.5159867703125001 0.44891945 0.5049614109375 0.43811394843749996 0.5011025359375 0.428290765625 0.49724366093750005 0.43713163125000004 0.496141125 0.45284872343749993 0.5027563390625 0.47642436093749996 0.5027563390625 0.49901768124999996 0.49724366093750005 0.5127701375