2 0.5154355015625 0.699410609375 0.51212789375 0.7013752453125 0.5093715546875 0.7082514734375 0.50826901875 0.723968565625 0.50441014375 0.7406679765625 0.5027563390625 0.7583497046875001 0.5049614109375 0.763261296875 0.50826901875 0.7573673875 0.5154355015625 0.699410609375
2 0.6389195156249999 0.65225933125 0.64002205 0.6571709234374999 0.642227121875 0.65225933125 0.6438809265625001 0.6571709234374999 0.645298471875 0.6529609875 0.6323043 0.648330059375 0.628445425 0.6365422390625 0.6251378171875001 0.6365422390625 0.6240352812500001 0.6434184671875001 0.6267916203125 0.6552062875 0.633958103125 0.6561886046875001 0.6350606390625 0.6512770140625 0.6367144437500001 0.6561886046875001 0.6389195156249999 0.65225933125
2 0.6488423375 0.659135559375 0.6543550171875 0.6561886046875001 0.6459909515625 0.6532077765625 0.6488423375 0.659135559375
1 0.518743109375 0.7033398828124999 0.5137816984375 0.7043222 0.514332965625 0.719056975 0.5203969125000001 0.7200392921875001 0.52094818125 0.7062868375 0.518743109375 0.7033398828124999
1 0.509922821875 0.6777996078124999 0.5115766265625 0.684675834375 0.5154355015625 0.6886051078125 0.5170893046875 0.684675834375 0.5170893046875 0.6650294703124999 0.5214994484375 0.6512770140625 0.5203969125000001 0.635559921875 0.526460859375 0.633595284375 0.5292171999999999 0.6365422390625 0.5303197359375 0.6178781921875001 0.5253583234375 0.5933202359374999 0.5165380374999999 0.5923379171875001 0.5093715546875 0.5795677796875001 0.5038588749999999 0.5805500984374999 0.5038588749999999 0.60117878125 0.4994487328125 0.62671905625 0.5088202859375001 0.6316306484374999 0.509922821875 0.6777996078124999
1 0.654906284375 0.6561886046875001 0.659316428125 0.6434184671875001 0.6642778390624999 0.63948919375 0.667585446875 0.647347740625 0.6692392500000001 0.660117878125 0.6615215 0.67976424375 0.66097023125 0.712180746875 0.6560088203125 0.723968565625 0.655457553125 0.73084479375 0.6642778390624999 0.7318271125 0.6708930546875 0.686640471875 0.6764057328125 0.6895874265625 0.6874310921875 0.7033398828124999 0.6896361625 0.7082514734375 0.6868798234375 0.7141453828125 0.6868798234375 0.7200392921875001 0.6957001109375 0.7200392921875001 0.6995589859375 0.7151277015625 0.6995589859375 0.7072691546875001 0.691841234375 0.697445971875 0.68632855625 0.685658153125 0.683572215625 0.684675834375 0.68136714375 0.6777996078124999 0.683572215625 0.6444007859374999 0.6824696796875 0.62671905625 0.6725468578125 0.610019646875 0.665380375 0.6051080546875001 0.663175303125 0.5923379171875001 0.6560088203125 0.5913555984375 0.65325248125 0.5943025546875 0.6560088203125 0.6149312375 0.6560088203125 0.6316306484374999 0.651047409375 0.65324165 0.654906284375 0.6561886046875001
1 0.5165380374999999 0.6964636546875 0.5170893046875 0.7003929265625 0.5226019843749999 0.7072691546875001 0.5214994484375 0.7721021609375 0.5170893046875 0.7799607078124999 0.5170893046875 0.7838899796875001 0.523153253125 0.788801571875 0.52866593125 0.7848722984375 0.5275633953125001 0.7671905703124999 0.5292171999999999 0.7426326125 0.533076075 0.7328094296875001 0.5358324140625 0.7328094296875001 0.53748621875 0.736738703125 0.5435501656249999 0.777013753125 0.5446527015625 0.78192534375 0.5474090406250001 0.7838899796875001 0.5501653796875 0.7799607078124999 0.5501653796875 0.7721021609375 0.5474090406250001 0.7652259328125 0.5457552375 0.7406679765625 0.5424476296875 0.7278978390625 0.5446527015625 0.7013752453125 0.5418963609375 0.6561886046875001 0.5385887546875 0.6493123765625 0.531422271875 0.6434184671875001 0.5259095921875 0.627701375 0.5170893046875 0.635559921875 0.5203969125000001 0.6444007859374999 0.5203969125000001 0.65225933125 0.5170893046875 0.6630648328125 0.5165380374999999 0.6964636546875
1 0.1312017640625 0.8880157171875 0.1312017640625 0.9184675828125 0.134509371875 0.9273084484374999 0.14002205 0.97347740625 0.142778390625 0.9823182718749999 0.142227121875 0.9911591359375 0.138919515625 0.995088409375 0.138919515625 0.99901768125 0.14829106875 0.99901768125 0.151047409375 0.995088409375 0.151047409375 0.9911591359375 0.1488423375 0.9842829078124999 0.1488423375 0.9656188609375 0.1433296578125 0.92436149375 0.14718853437499999 0.9184675828125 0.150496140625 0.9194499015625001 0.1565600875 0.94793713125 0.1604189640625 0.9567779953125 0.163175303125 0.9557956781250001 0.163175303125 0.9440078578125 0.1604189640625 0.9341846765625 0.1604189640625 0.9106090375000001 0.1642778390625 0.8939096265625001 0.1681367140625 0.9017681734374999 0.1703417859375 0.9007858546874999 0.171995590625 0.8939096265625001 0.17364939375 0.872298625 0.171995590625 0.8428290765625001 0.16482910625 0.827111984375 0.16097023125 0.8251473484374999 0.15600882031250002 0.8172888015625001 0.154906284375 0.8035363453125001 0.15214994531249998 0.7956778 0.14443219375 0.7956778 0.1416758546875 0.801571709375 0.1416758546875 0.8163064828125 0.1273428890625 0.8349705296875 0.12072767343749999 0.8536345781250001 0.11852260156250001 0.8693516703125 0.11852260156250001 0.8850687625000001 0.12072767343749999 0.8880157171875 0.13065049687500002 0.8850687625000001 0.1312017640625 0.8880157171875
1 0.5088202859375001 0.584479371875 0.5176405734375 0.5923379171875001 0.5242557890625 0.5923379171875001 0.5226019843749999 0.571709234375 0.5259095921875 0.558939096875 0.527012128125 0.517681728125 0.518743109375 0.49607072656250006 0.5126791625 0.48821218125000004 0.5077177515625 0.48624754374999996 0.50441014375 0.4872298625 0.50826901875 0.5157170921875001 0.5071664828125 0.5795677796875001 0.5088202859375001 0.584479371875
1 0.1885336265625 0.546168959375 0.191841234375 0.55009823125 0.196251378125 0.55009823125 0.1951488421875 0.51178781875 0.19955898593750002 0.5039292734374999 0.19955898593750002 0.466601178125 0.200661521875 0.44891945 0.2039691296875 0.4390962671875 0.2034178609375 0.4312377203125 0.19845645 0.42436149375000004 0.192392503125 0.42730844843750004 0.1907386984375 0.43713163125000004 0.1857772875 0.4440078578125 0.18191841250000002 0.45972495156250004 0.18136714375000001 0.48526522656250004 0.1874310921875 0.506876228125 0.1868798234375 0.5353634578124999 0.1885336265625 0.546168959375
1 0.7006615218750001 0.58840864375 0.7039691296874999 0.5982318265625 0.702315325 0.635559921875 0.7072767359375 0.6689587421875001 0.7006615218750001 0.6886051078125 0.7116868796875 0.6905697453124999 0.7144432187499999 0.685658153125 0.7155457546874999 0.6777996078124999 0.7138919515625 0.6316306484374999 0.717199559375 0.6188605109374999 0.7183020953125 0.571709234375 0.7155457546874999 0.5383104125 0.7122381484375 0.532416503125 0.70672546875 0.533398821875 0.704520396875 0.5383104125 0.70672546875 0.5618860515625 0.704520396875 0.569744596875 0.7039691296874999 0.583497053125 0.7006615218750001 0.58840864375