2 0.526460859375 0.583497053125 0.5253583234375 0.5815324171875 0.5049614109375 0.5923379171875001 0.50441014375 0.596267190625 0.5110253578124999 0.596267190625 0.5253583234375 0.58840864375 0.526460859375 0.583497053125
2 0.7480705624999999 0.94891945 0.7613009921875 0.9410609031250001 0.7613009921875 0.93516699375 0.75633958125 0.9361493125000001 0.7519294375000001 0.9400785859375 0.731532525 0.9459724953125 0.7298787203125 0.9528487234374999 0.7386990078125 0.9528487234374999 0.7431091515625 0.94891945 0.7425578828125 0.9440078578125 0.7447629546875 0.943025540625 0.7480705624999999 0.94891945
2 0.378169790625 0.943025540625 0.3748621828125 0.94891945 0.37651598750000004 0.9587426328124999 0.3814773984375 0.94793713125 0.3831312015625 0.9390962671875001 0.3787711734375 0.9390962671875001 0.378169790625 0.943025540625
0 0.175303196875 0.736738703125 0.173098125 0.7318271125 0.1664829109375 0.7337917484375 0.1659316421875 0.738703340625 0.16758544687500002 0.7416502953124999 0.173098125 0.7416502953124999 0.175303196875 0.736738703125
1 0.75633958125 0.9135559921875 0.7530319734375001 0.9204322203125 0.7535832421875 0.9263261296874999 0.7590959203125001 0.9322200390625 0.7618522609375 0.9312377203125 0.7651598671875 0.923379175 0.7695700109375 0.928290765625 0.7723263499999999 0.93713163125 0.7723263499999999 0.94793713125 0.766262403125 0.9587426328124999 0.7646086000000001 0.97347740625 0.7613009921875 0.9783889984374999 0.762403528125 0.995088409375 0.7646086000000001 0.99901768125 0.77287761875 0.99901768125 0.7723263499999999 0.980353634375 0.7739801546875 0.9774066796875 0.7778390296875 0.9774066796875 0.783351709375 0.9833005890625 0.7916207281250001 0.99901768125 0.8015435500000001 0.99901768125 0.8015435500000001 0.994106090625 0.7971334062500001 0.9842829078124999 0.7927232640625 0.954813359375 0.791069459375 0.8929273078125 0.783351709375 0.878192534375 0.7723263499999999 0.8703339874999999 0.768467475 0.851669940625 0.7613009921875 0.8497053046874999 0.757993384375 0.8565815328124999 0.7574421171875 0.8634577609375 0.7574421171875 0.8742632609375001 0.7613009921875 0.8821218078124999 0.7568908484375 0.89882121875 0.75633958125 0.9135559921875
1 0.3070562296875 0.749508840625 0.2987872109375 0.762278978125 0.29988974687500003 0.774066796875 0.29658213906249997 0.7789783890625 0.291069459375 0.8055009828124999 0.287210584375 0.8143418468749999 0.2822491734375 0.8172888015625001 0.2822491734375 0.8251473484374999 0.2877618515625 0.8300589390625 0.291620728125 0.8290766203125 0.29382579999999997 0.8251473484374999 0.29603087031249997 0.8055009828124999 0.29988974687500003 0.7996070734375 0.30154355 0.7917485265625 0.305402425 0.7838899796875001 0.3114663734375 0.7838899796875001 0.3131201765625 0.800589390625 0.3213891953125 0.821218075 0.3208379265625 0.8388998031250001 0.32414553437500004 0.8398821218749999 0.33020948125 0.826129665625 0.32524807031249997 0.80746561875 0.32579933906249997 0.7858546171875 0.33020948125 0.762278978125 0.32579933906249997 0.723968565625 0.3169790515625 0.7092337921875 0.31367144375 0.6935167 0.3087100328125 0.6915520625 0.305402425 0.6954813359375 0.305402425 0.7062868375 0.3092613015625 0.719056975 0.3092613015625 0.7406679765625 0.3070562296875 0.749508840625
1 0.49007717812499996 0.6021611 0.49117971406249994 0.6198428296875 0.493936053125 0.6296660125 0.4928335171875 0.6365422390625 0.49558985624999996 0.63948919375 0.502205071875 0.633595284375 0.50441014375 0.63948919375 0.5071664828125 0.6385068765625 0.5077177515625 0.6316306484374999 0.5011025359375 0.60314341875 0.5011025359375 0.5805500984374999 0.5038588749999999 0.5667976421875001 0.5027563390625 0.5550098234374999 0.49503858906250003 0.5432220046875 0.49117971406249994 0.530451865625 0.4867695703125 0.530451865625 0.48566703437500003 0.545186640625 0.4823594265625 0.5559921421875 0.481808159375 0.584479371875 0.4823594265625 0.58840864375 0.48566703437500003 0.5893909625 0.49007717812499996 0.6021611
1 0.1460859984375 0.635559921875 0.14718853437499999 0.647347740625 0.14939360468750001 0.6444007859374999 0.1615215 0.646365421875 0.16923925 0.6434184671875001 0.1703417859375 0.633595284375 0.1659316421875 0.622789784375 0.165380375 0.596267190625 0.1598676953125 0.5805500984374999 0.1565600875 0.5785854609375 0.1543550171875 0.5638506875 0.14718853437499999 0.56286836875 0.14443219375 0.5667976421875001 0.142778390625 0.584479371875 0.1394707828125 0.5893909625 0.138368246875 0.6051080546875001 0.1460859984375 0.6129666015625 0.1477398015625 0.620825146875 0.1460859984375 0.635559921875
1 0.7943770671875 0.6768172890625 0.8009922828124999 0.6552062875 0.8081587656250001 0.6512770140625 0.81863285625 0.633595284375 0.8257993390625 0.6129666015625 0.828555678125 0.5913555984375 0.8175303203125001 0.5599214140625 0.8131201765625 0.5609037328124999 0.8109151046875 0.5746561890625 0.8042998890625 0.5933202359374999 0.8037486218750001 0.621807465625 0.7921719953124999 0.65422396875 0.7921719953124999 0.6640471515625 0.78941565625 0.672888015625 0.791069459375 0.6777996078124999 0.7943770671875 0.6768172890625
1 0.23098125625 0.9911591359375 0.233737596875 0.9901768171875001 0.2326350609375 0.9616895875000001 0.23042998906249998 0.94891945 0.2243660421875 0.9400785859375 0.224917309375 0.923379175 0.2199558984375 0.9155206281250001 0.21664829062500002 0.9155206281250001 0.212789415625 0.9204322203125 0.2111356125 0.9273084484374999 0.2116868796875 0.943025540625 0.20286659375 0.9577603140625 0.2012127890625 0.969548134375 0.202315325 0.99901768125 0.22712238125 0.99901768125 0.23098125625 0.9911591359375
1 0.3291069453125 0.9921414531250001 0.33020948125 0.9666011781250001 0.328004409375 0.9597249515625 0.3213891953125 0.954813359375 0.3208379265625 0.9332023578124999 0.3175303203125 0.9273084484374999 0.3125689078125 0.9273084484374999 0.3087100328125 0.9322200390625 0.305402425 0.9518664046875 0.29933847812500003 0.9587426328124999 0.2982359421875 0.9656188609375 0.29603087031249997 0.9842829078124999 0.2987872109375 0.99901768125 0.32635060625 0.99901768125 0.3291069453125 0.9921414531250001
1 0.1041896359375 0.736738703125 0.106945975 0.7406679765625 0.1124586546875 0.7406679765625 0.1124586546875 0.7269155203125 0.11852260156250001 0.7161100203124999 0.1251378171875 0.7278978390625 0.1334068359375 0.7278978390625 0.13175303124999999 0.7161100203124999 0.1334068359375 0.7151277015625 0.138919515625 0.6944990171875001 0.138368246875 0.678781925 0.134509371875 0.671905696875 0.136163175 0.6650294703124999 0.1394707828125 0.6650294703124999 0.142778390625 0.6699410609374999 0.1460859984375 0.678781925 0.14718853437499999 0.6905697453124999 0.150496140625 0.685658153125 0.1477398015625 0.65324165 0.1433296578125 0.64243615 0.1433296578125 0.6365422390625 0.14718853437499999 0.62671905625 0.14718853437499999 0.6178781921875001 0.14443219375 0.6110019640625 0.1378169796875 0.6110019640625 0.13506063906250002 0.621807465625 0.1273428890625 0.6316306484374999 0.11852260156250001 0.65324165 0.1157662625 0.6748526515625 0.1157662625 0.697445971875 0.10363836875000002 0.729862475 0.1041896359375 0.736738703125
1 0.5242557890625 0.5667976421875001 0.5292171999999999 0.5736738703125 0.52480705625 0.58840864375 0.5259095921875 0.60117878125 0.52866593125 0.608055009375 0.5275633953125001 0.6178781921875001 0.53748621875 0.6257367390625 0.5358324140625 0.634577603125 0.5457552375 0.634577603125 0.5463065046875 0.627701375 0.542998896875 0.622789784375 0.5385887546875 0.60314341875 0.539140021875 0.595284871875 0.542998896875 0.584479371875 0.542998896875 0.5638506875 0.53748621875 0.5432220046875 0.5303197359375 0.525540275 0.5259095921875 0.52652259375 0.52480705625 0.5343811390625001 0.526460859375 0.558939096875 0.52480705625 0.5658153234375 0.5214994484375 0.5677799609374999 0.5242557890625 0.5667976421875001
1 0.8776185218749999 0.6561886046875001 0.8776185218749999 0.6620825140625 0.8737596468750001 0.6660117875 0.8737596468750001 0.671905696875 0.8765159875 0.6777996078124999 0.8820286656249999 0.6777996078124999 0.8869900765625 0.6689587421875001 0.882579934375 0.6365422390625 0.890297684375 0.610019646875 0.8897464171875 0.584479371875 0.8770672546875 0.5471512765625001 0.8737596468750001 0.5432220046875 0.869349503125 0.546168959375 0.8687982359375 0.5550098234374999 0.8732083796874999 0.6051080546875001 0.87210584375 0.633595284375 0.8776185218749999 0.6561886046875001
1 0.2546857765625 0.99901768125 0.2552370453125 0.9921414531250001 0.25248070624999996 0.9813359531250001 0.25192943749999996 0.969548134375 0.26185226093749997 0.94891945 0.26130099218749997 0.9312377203125 0.2651598671875 0.9204322203125 0.2651598671875 0.9145383109375 0.26130099218749997 0.91159135625 0.25633958125 0.9155206281250001 0.25248070624999996 0.92436149375 0.2513781703125 0.9332023578124999 0.24366041875 0.9420432218749999 0.2403528109375 0.9557956781250001 0.23980154374999998 0.9774066796875 0.2370452046875 0.9921414531250001 0.23814773906250003 0.99901768125 0.2546857765625 0.99901768125