2 0.518191840625 0.6404715125 0.5253583234375 0.634577603125 0.5303197359375 0.6257367390625 0.5292171999999999 0.622789784375 0.526460859375 0.6237721015625 0.5137816984375 0.63948919375 0.5071664828125 0.6404715125 0.5055126796875 0.646365421875 0.50826901875 0.6493123765625 0.5159867703125001 0.647347740625 0.518191840625 0.6404715125
2 0.8252480703125 0.698428290625 0.8296582140625001 0.6964636546875 0.8318632859375 0.7023575640625 0.8616317531250001 0.6630648328125 0.8649393609375 0.65225933125 0.8621830203125 0.6512770140625 0.8318632859375 0.6944990171875001 0.8241455343749999 0.698428290625 0.8169790515625 0.697445971875 0.816427784375 0.7013752453125 0.81863285625 0.7062868375 0.828555678125 0.7072691546875001 0.8252480703125 0.698428290625
2 0.9178610812500001 0.6620825140625 0.9101433296874999 0.660117878125 0.9035281140625001 0.6660117875 0.9029768468749999 0.672888015625 0.9128996687500001 0.672888015625 0.9173098124999999 0.667976425 0.9178610812500001 0.6620825140625
2 0.69790518125 0.89882121875 0.6951488421875001 0.8978389 0.6951488421875001 0.917485265625 0.7006615218750001 0.9273084484374999 0.70672546875 0.9263261296874999 0.69790518125 0.89882121875
2 0.0689084890625 0.8339882125000001 0.0694597578125 0.827111984375 0.06615214999999999 0.827111984375 0.0529217203125 0.8555992140625 0.0529217203125 0.8693516703125 0.059536934374999996 0.8654223968749999 0.0606394703125 0.851669940625 0.0689084890625 0.8339882125000001
2 0.43164277812499996 0.576620825 0.427232634375 0.5736738703125 0.42502756406250003 0.5550098234374999 0.4222712234375 0.5599214140625 0.42116868749999997 0.5677799609374999 0.42116868749999997 0.5874263265625 0.4288864390625 0.5874263265625 0.43109151093750003 0.584479371875 0.43164277812499996 0.576620825
2 0.3605292171875 0.7534381140625 0.36659316406250003 0.74459725 0.369349503125 0.7328094296875001 0.365490628125 0.7328094296875001 0.3539140015625 0.7593320234375 0.34785005468749997 0.762278978125 0.3472987875 0.7671905703124999 0.3500551265625 0.76915520625 0.35556780625 0.7671905703124999 0.3605292171875 0.7534381140625
2 0.6052921718750001 0.6178781921875001 0.6080485109375 0.609037328125 0.6085997796875 0.597249509375 0.6063947078124999 0.5933202359374999 0.6041896359375001 0.5943025546875 0.60363836875 0.6051080546875001 0.5986769562500001 0.6149312375 0.5997794921875 0.620825146875 0.6052921718750001 0.6178781921875001
2 0.9250275640625001 0.6434184671875001 0.92557883125 0.63948919375 0.9173098124999999 0.627701375 0.9140022046875 0.627701375 0.9140022046875 0.6306483296875001 0.9178610812500001 0.63948919375 0.9250275640625001 0.6434184671875001
2 0.721058434375 0.94793713125 0.7216097015625 0.9361493125000001 0.7205071671875001 0.9273084484374999 0.717199559375 0.9214145390624999 0.7155457546874999 0.88605108125 0.712789415625 0.8821218078124999 0.7122381484375 0.929273084375 0.7155457546874999 0.9459724953125 0.716648290625 0.9646365421875001 0.721058434375 0.94793713125
2 0.7050716640625 0.9204322203125 0.7083792718749999 0.92436149375 0.7078280046875001 0.9273084484374999 0.7122381484375 0.9332023578124999 0.716648290625 0.9616895875000001 0.721058434375 0.9410609031250001 0.7199558984375 0.9302554031250001 0.717199559375 0.92436149375 0.716648290625 0.9135559921875 0.7138919515625 0.90962671875 0.7133406828125 0.8850687625000001 0.712789415625 0.92239685625 0.7100330765625 0.9263261296874999 0.7006615218750001 0.9106090375000001 0.69790518125 0.89882121875 0.694597575 0.8978389 0.6951488421875001 0.917485265625 0.7006615218750001 0.9273084484374999 0.7042447625 0.9273084484374999 0.7050716640625 0.9204322203125
2 0.712789415625 0.88408644375 0.712789415625 0.923379175 0.716648290625 0.92436149375 0.7155457546874999 0.88605108125 0.712789415625 0.88408644375
2 0.6157662625 0.5677799609374999 0.617420065625 0.55009823125 0.6163175296875 0.53732809375 0.614112459375 0.5432220046875 0.6124586546875 0.5667976421875001 0.6085997796875 0.5815324171875 0.6124586546875 0.5815324171875 0.6157662625 0.5677799609374999
1 0.8936052921875 0.49607072656250006 0.8952590953125 0.5284872296875001 0.8996692390625001 0.5294695484374999 0.9007717749999999 0.492141453125 0.9084895265625 0.47544204375000004 0.911245865625 0.44891945 0.9079382578124999 0.4361493125 0.9040793828125 0.429273084375 0.9029768468749999 0.4184675828125 0.8963616312499999 0.4204322203125 0.8891951484374999 0.44007858593750004 0.886438809375 0.466601178125 0.8897464171875 0.47053045156250006 0.890848953125 0.48919449843749996 0.8936052921875 0.49607072656250006
1 0.101433296875 0.5216110015625001 0.0997794921875 0.558939096875 0.097023153125 0.570726915625 0.1025358328125 0.571709234375 0.10529217187499999 0.5677799609374999 0.106945975 0.5383104125 0.10859977968750001 0.533398821875 0.113561190625 0.532416503125 0.12017640624999999 0.53732809375 0.121830209375 0.5540275046875001 0.1267916203125 0.5677799609374999 0.13009922812500002 0.571709234375 0.133958103125 0.571709234375 0.1334068359375 0.56286836875 0.13065049687500002 0.558939096875 0.1289966921875 0.5471512765625001 0.12127894218749999 0.525540275 0.12293274531250001 0.481335953125 0.12072767343749999 0.47544204375000004 0.1168687984375 0.47249508906250004 0.1157662625 0.4587426328125 0.10859977968750001 0.4567779953125 0.1041896359375 0.47249508906250004 0.09867695625 0.482318271875 0.097023153125 0.495088409375 0.10308710000000001 0.506876228125 0.10363836875000002 0.5127701375 0.101433296875 0.5216110015625001
1 0.8665931640625001 0.647347740625 0.8621830203125 0.6493123765625 0.8616317531250001 0.65225933125 0.869349503125 0.648330059375 0.8732083796874999 0.6640471515625 0.874310915625 0.6807465625 0.8781697906250001 0.6905697453124999 0.8787210578125 0.697445971875 0.8875413453125001 0.719056975 0.8875413453125001 0.723968565625 0.8836824703125 0.7328094296875001 0.885887540625 0.736738703125 0.8936052921875 0.736738703125 0.8958103640624999 0.7318271125 0.8958103640624999 0.724950884375 0.8936052921875 0.7033398828124999 0.8880926125 0.6886051078125 0.8897464171875 0.6620825140625 0.886438809375 0.634577603125 0.869349503125 0.6041257375 0.86824696875 0.596267190625 0.8616317531250001 0.5933202359374999 0.85997795 0.597249509375 0.8605292171875 0.6129666015625 0.8649393609375 0.627701375 0.8649393609375 0.6444007859374999 0.8665931640625001 0.647347740625
1 0.3754134515625 0.7406679765625 0.3754134515625 0.7593320234375 0.3809261296875 0.775049115625 0.3809261296875 0.7789783890625 0.373759646875 0.7917485265625 0.3754134515625 0.7956778 0.382028665625 0.7956778 0.3880926125 0.788801571875 0.386438809375 0.7829076625 0.3853362734375 0.7406679765625 0.3914002203125 0.7062868375 0.38919514843749997 0.6915520625 0.3875413453125 0.6895874265625 0.386438809375 0.671905696875 0.377618521875 0.6512770140625 0.3770672546875 0.6434184671875001 0.3748621828125 0.63948919375 0.369349503125 0.6404715125 0.3687982359375 0.659135559375 0.373759646875 0.6886051078125 0.37210584375 0.723968565625 0.3754134515625 0.7406679765625
1 0.9173098124999999 0.6316306484374999 0.9211686875 0.647347740625 0.918963615625 0.659135559375 0.907386990625 0.6620825140625 0.9035281140625001 0.6660117875 0.9035281140625001 0.671905696875 0.911245865625 0.672888015625 0.919514884375 0.6650294703124999 0.9217199562499999 0.6699410609374999 0.9222712234375001 0.67976424375 0.9261301 0.6807465625 0.9283351703125 0.6777996078124999 0.927232634375 0.6493123765625 0.9294377062500001 0.63948919375 0.9283351703125 0.6316306484374999 0.9327453140624999 0.576620825 0.9288864390624999 0.5599214140625 0.9261301 0.557956778125 0.9250275640625001 0.55108055 0.9217199562499999 0.5471512765625001 0.9200661515625 0.5383104125 0.9167585453125 0.533398821875 0.9128996687500001 0.533398821875 0.9101433296874999 0.5402750484375 0.9084895265625 0.56483300625 0.90904079375 0.584479371875 0.911245865625 0.596267190625 0.9095920625 0.6178781921875001 0.9173098124999999 0.6316306484374999
1 0.7491730984375 0.9872298625000001 0.7519294375000001 0.9813359531250001 0.7513781703125 0.9616895875000001 0.7464167578125 0.9518664046875 0.7425578828125 0.9361493125000001 0.73980154375 0.9341846765625 0.737596471875 0.917485265625 0.7326350609375 0.9106090375000001 0.72712238125 0.91159135625 0.72326350625 0.9194499015625001 0.7216097015625 0.9312377203125 0.716648290625 0.93713163125 0.7160970234375 0.9813359531250001 0.7183020953125 0.99901768125 0.750275634375 0.99901768125 0.7491730984375 0.9872298625000001
1 0.0667034171875 0.88408644375 0.072216096875 0.88605108125 0.0771775078125 0.8929273078125 0.0815876515625 0.8929273078125 0.0865490625 0.8850687625000001 0.08379272343750001 0.8693516703125 0.0898566703125 0.8506876234374999 0.09040793750000001 0.8369351671875 0.09536934999999999 0.821218075 0.097023153125 0.7986247546875 0.10363836875000002 0.761296659375 0.099228225 0.7455795671875001 0.09095920625000001 0.7406679765625 0.09095920625000001 0.7328094296875001 0.088754134375 0.725933203125 0.08213891875 0.723968565625 0.0777287765625 0.729862475 0.07828004375 0.748526521875 0.07056229375 0.763261296875 0.070011025 0.7711198421875001 0.0711135609375 0.8428290765625001 0.0689084890625 0.8624754421875 0.064498346875 0.8762278984374999 0.0667034171875 0.88408644375
1 0.5038588749999999 0.5166994109374999 0.5033076078125001 0.5294695484374999 0.5071664828125 0.532416503125 0.5093715546875 0.5294695484374999 0.509922821875 0.519646365625 0.5165380374999999 0.49901768124999996 0.52094818125 0.474459725 0.518743109375 0.46267190625000004 0.5126791625 0.4567779953125 0.50826901875 0.4440078578125 0.5038588749999999 0.44499017656250006 0.5011025359375 0.4587426328125 0.4988974640625 0.4715127703125 0.5027563390625 0.48821218125000004 0.5011025359375 0.507858546875 0.5038588749999999 0.5166994109374999
1 0.9785005515625 0.9214145390624999 0.9740904078125 0.923379175 0.9691289968750001 0.9361493125000001 0.9696802640625 0.9440078578125 0.9762954796875001 0.9567779953125 0.9779492828125 0.969548134375 0.9823594265625 0.97544204375 0.9994487328125 0.97347740625 0.9994487328125 0.9204322203125 0.996141125 0.917485265625 0.9950385890625 0.8978389 0.9823594265625 0.8889980359375 0.9685777281249999 0.8899803531250001 0.9691289968750001 0.9007858546874999 0.97519294375 0.902750490625 0.97905181875 0.90962671875 0.9785005515625 0.9214145390624999
1 0.6212789421875 0.546168959375 0.622381478125 0.5677799609374999 0.6245865484374999 0.571709234375 0.6289966921875 0.597249509375 0.6289966921875 0.6129666015625 0.626240353125 0.6188605109374999 0.626240353125 0.6237721015625 0.6273428890625 0.62671905625 0.6323043 0.62671905625 0.633958103125 0.622789784375 0.6356119078125 0.60117878125 0.642227121875 0.60117878125 0.6433296578125 0.5943025546875 0.642227121875 0.5854616890625 0.636163175 0.5746561890625 0.6378169796875001 0.5609037328124999 0.642227121875 0.546168959375 0.642778390625 0.5343811390625001 0.64002205 0.52455795625 0.634509371875 0.5157170921875001 0.633958103125 0.5 0.6295479609375 0.49607072656250006 0.625689084375 0.50098231875 0.6245865484374999 0.51178781875 0.617971334375 0.5216110015625001 0.617971334375 0.533398821875 0.6212789421875 0.546168959375
1 0.8241455343749999 0.953831040625 0.8219404625 0.9469548140624999 0.820286659375 0.928290765625 0.8120176406249999 0.9194499015625001 0.8109151046875 0.902750490625 0.8081587656250001 0.8948919453125 0.7960308703125001 0.8948919453125 0.7971334062500001 0.91159135625 0.7960308703125001 0.917485265625 0.78941565625 0.9273084484374999 0.787210584375 0.9656188609375 0.7877618515625 0.99901768125 0.8219404625 0.99901768125 0.8241455343749999 0.9911591359375 0.8241455343749999 0.953831040625
1 0.5424476296875 0.65422396875 0.5468577734375 0.661100196875 0.5529217203125001 0.6434184671875001 0.5567805953125 0.61591355625 0.5606394703124999 0.610019646875 0.5633958109375 0.6001964640625 0.5633958109375 0.5923379171875001 0.559536934375 0.5726915515625 0.5468577734375 0.5432220046875 0.539140021875 0.546168959375 0.5402425578125001 0.583497053125 0.5385887546875 0.621807465625 0.5435501656249999 0.635559921875 0.5424476296875 0.65422396875
1 0.8257993390625 0.5982318265625 0.8252480703125 0.610019646875 0.8274531421875 0.6129666015625 0.8335170890624999 0.6060903734374999 0.8307607499999999 0.597249509375 0.8296582140625001 0.570726915625 0.8307607499999999 0.55108055 0.8335170890624999 0.5383104125 0.832965821875 0.507858546875 0.8252480703125 0.47544204375000004 0.8208379265625 0.474459725 0.8180815875 0.479371315625 0.8169790515625 0.596267190625 0.8213891953125 0.597249509375 0.8241455343749999 0.5933202359374999 0.8257993390625 0.5982318265625
1 0.42557883125 0.609037328125 0.4327453140625 0.610019646875 0.4371554578125 0.6051080546875001 0.44487320781250006 0.602652259375 0.44487320781250006 0.609037328125 0.45038588749999997 0.609037328125 0.45203969062500005 0.6051080546875001 0.45203969062500005 0.5933202359374999 0.448732084375 0.58840864375 0.4415656015625 0.5609037328124999 0.4432194046875 0.55009823125 0.443770671875 0.51375245625 0.43880926093749995 0.495088409375 0.432194046875 0.482318271875 0.4288864390625 0.48624754374999996 0.4288864390625 0.517681728125 0.427232634375 0.5284872296875001 0.42833517031249996 0.5412573671875001 0.42613009999999996 0.5550098234374999 0.42613009999999996 0.5736738703125 0.42943770625 0.596267190625 0.42502756406250003 0.6051080546875001 0.42557883125 0.609037328125