2 0.2403528109375 0.616895875 0.2480705625 0.6178781921875001 0.2508269015625 0.6149312375 0.24751929375 0.609037328125 0.2403528109375 0.608055009375 0.221058434375 0.5923379171875001 0.2199558984375 0.6001964640625 0.2160970234375 0.5943025546875 0.21885336249999998 0.6001964640625 0.2403528109375 0.616895875
2 0.44432194062499997 0.5127701375 0.448732084375 0.5157170921875001 0.4465270125 0.506876228125 0.44046306562500004 0.5 0.4349503859375 0.4872298625 0.43109151093750003 0.4901768171875 0.429988975 0.48624754374999996 0.43164277812499996 0.481335953125 0.42778390312500003 0.47838899843749993 0.4266813671875 0.479371315625 0.43439911875000004 0.5029469546875001 0.4393605296875 0.5039292734374999 0.44432194062499997 0.5127701375
0 0.47353914062499997 0.532416503125 0.47353914062499997 0.5402750484375 0.47739801562500006 0.53732809375 0.476846746875 0.532416503125 0.47353914062499997 0.532416503125
1 0.9520396906249999 0.48624754374999996 0.9531422265625 0.495088409375 0.9514884234375 0.506876228125 0.948732084375 0.5127701375 0.9465270125 0.532416503125 0.9393605296875001 0.5609037328124999 0.94211686875 0.5638506875 0.94597574375 0.5618860515625 0.9531422265625 0.5343811390625001 0.956449834375 0.5284872296875001 0.9597574421875 0.5284872296875001 0.964718853125 0.5471512765625001 0.9663726578125 0.5785854609375 0.9707828 0.5795677796875001 0.9724366046874999 0.57563850625 0.9724366046874999 0.5550098234374999 0.9696802640625 0.525540275 0.976846746875 0.47347740624999995 0.9740904078125 0.467583496875 0.9718853359375 0.45284872343749993 0.964718853125 0.4390962671875 0.964718853125 0.430255403125 0.9619625140625001 0.42239685624999995 0.960308709375 0.41944990156250006 0.952590959375 0.41944990156250006 0.9514884234375 0.423379175 0.9509371546875001 0.43516699374999995 0.9536934953125 0.44499017656250006 0.9536934953125 0.47838899843749993 0.9520396906249999 0.48624754374999996
1 0.39581036406250003 0.5235756390625 0.38478500625 0.55108055 0.382579934375 0.56286836875 0.37651598750000004 0.571709234375 0.3754134515625 0.5746561890625 0.377618521875 0.5785854609375 0.386438809375 0.57563850625 0.40793825781250004 0.5530451859375 0.4162072765625 0.5363457765625 0.4173098125 0.5275049109375 0.42116868749999997 0.518664046875 0.42502756406250003 0.5235756390625 0.42833517031249996 0.5363457765625 0.429988975 0.533398821875 0.43164277812499996 0.4872298625 0.42171995625 0.4616895875 0.41675854531249995 0.46267190625000004 0.415104740625 0.481335953125 0.40407938281250005 0.48330058906250006 0.40077177500000005 0.49607072656250006 0.402976846875 0.5029469546875001 0.402425578125 0.5127701375 0.39581036406250003 0.5235756390625
1 0.9250275640625001 0.5874263265625 0.9283351703125 0.6021611 0.9250275640625001 0.6502946953125 0.92557883125 0.671905696875 0.9371554578125 0.7043222 0.935501653125 0.710216109375 0.9310915109375 0.7151277015625 0.9305402421875 0.7200392921875001 0.9388092609375001 0.7269155203125 0.9492833515625 0.7151277015625 0.9492833515625 0.711198428125 0.9432194046875001 0.697445971875 0.9404630656249999 0.6827111984374999 0.9426681359375 0.6777996078124999 0.9520396906249999 0.6886051078125 0.9592061734374999 0.69253438125 0.9636163171875 0.7043222 0.9636163171875 0.7151277015625 0.9674751921875 0.7161100203124999 0.973539140625 0.7033398828124999 0.973539140625 0.698428290625 0.9575523703125001 0.678781925 0.9492833515625 0.6640471515625 0.9520396906249999 0.6110019640625 0.948732084375 0.6041257375 0.9465270125 0.5805500984374999 0.9432194046875001 0.5677799609374999 0.93439911875 0.556974459375 0.929988975 0.53732809375 0.9266813671874999 0.533398821875 0.9206174203125 0.533398821875 0.9178610812500001 0.5383104125 0.9178610812500001 0.546168959375 0.92557883125 0.5638506875 0.9250275640625001 0.5874263265625
1 0.973539140625 0.667976425 0.97519294375 0.673870334375 0.9740904078125 0.6944990171875001 0.9829106953125001 0.7013752453125 0.9994487328125 0.7043222 0.9994487328125 0.6041257375 0.9972436609375 0.6041257375 0.9917309812499999 0.5933202359374999 0.9911797140624999 0.584479371875 0.9867695703124999 0.57563850625 0.9796030874999999 0.5726915515625 0.9746416765625 0.5795677796875001 0.977398015625 0.6021611 0.97519294375 0.6188605109374999 0.977398015625 0.660117878125 0.973539140625 0.667976425
1 0.4349503859375 0.8801571703125 0.43880926093749995 0.878192534375 0.4432194046875 0.8880157171875 0.4432194046875 0.89882121875 0.4393605296875 0.9145383109375 0.43880926093749995 0.97347740625 0.44046306562500004 0.979371315625 0.43880926093749995 0.9911591359375 0.4432194046875 0.995088409375 0.44597574375000004 0.9872298625000001 0.44487320781250006 0.97544204375 0.4476295484375 0.9656188609375 0.4476295484375 0.9332023578124999 0.45644983437500003 0.9194499015625001 0.4597574421875 0.9184675828125 0.4636163171875 0.928290765625 0.465270121875 0.94891945 0.4746416765625 0.995088409375 0.4762954796875 0.99901768125 0.48070562343749995 0.99901768125 0.4779492828125 0.96070726875 0.47188533593750004 0.9302554031250001 0.4724366046875 0.8889980359375 0.4707828 0.8821218078124999 0.4707828 0.8644400781250001 0.472987871875 0.8555992140625 0.4724366046875 0.8438113953125 0.469128996875 0.8300589390625 0.4597574421875 0.8133595281250001 0.45644983437500003 0.8094302546875 0.448732084375 0.80746561875 0.4476295484375 0.7907662078125 0.44597574375000004 0.787819253125 0.43825799375 0.7868369359375 0.43550165312500005 0.787819253125 0.43439911875000004 0.7917485265625 0.43880926093749995 0.8133595281250001 0.43109151093750003 0.8310412578124999 0.43109151093750003 0.851669940625 0.4349503859375 0.8801571703125
1 0.163175303125 0.6178781921875001 0.1615215 0.622789784375 0.14718853437499999 0.63948919375 0.138919515625 0.6434184671875001 0.14002205 0.667976425 0.1438809265625 0.6689587421875001 0.1488423375 0.6493123765625 0.15766262343749998 0.6404715125 0.1686879828125 0.634577603125 0.1708930546875 0.648330059375 0.16923925 0.672888015625 0.1824696796875 0.6689587421875001 0.1824696796875 0.660117878125 0.179713340625 0.660117878125 0.17750826875 0.6552062875 0.179713340625 0.6257367390625 0.1780595375 0.5677799609374999 0.18191841250000002 0.5638506875 0.19404630625 0.5746561890625 0.1957001109375 0.5726915515625 0.191841234375 0.5638506875 0.1868798234375 0.5618860515625 0.1830209484375 0.5540275046875001 0.1824696796875 0.533398821875 0.17916207343749999 0.52455795625 0.17861080468749999 0.5039292734374999 0.1686879828125 0.505893909375 0.16758544687500002 0.517681728125 0.1565600875 0.53732809375 0.15600882031250002 0.5471512765625001 0.15325248125 0.5530451859375 0.158765159375 0.5638506875 0.158765159375 0.583497053125 0.16207276718750002 0.5982318265625 0.163175303125 0.6178781921875001
1 0.7701212796875 0.584479371875 0.7761852265625 0.5854616890625 0.7739801546875 0.61394891875 0.7794928328124999 0.6444007859374999 0.778941565625 0.660117878125 0.7883131203125 0.647347740625 0.7822491734375 0.609037328125 0.783351709375 0.6021611 0.7861080484375 0.5982318265625 0.791069459375 0.60117878125 0.7949283359375 0.6149312375 0.7971334062500001 0.646365421875 0.8009922828124999 0.647347740625 0.8037486218750001 0.6444007859374999 0.8026460859375 0.6178781921875001 0.7993384781249999 0.595284871875 0.799889746875 0.57760314375 0.8037486218750001 0.558939096875 0.8004410140625 0.546168959375 0.7987872109375 0.52652259375 0.7949283359375 0.51375245625 0.787210584375 0.505893909375 0.7850055125 0.494106090625 0.7816979046875 0.4872298625 0.7783902984375 0.4872298625 0.7761852265625 0.49115913593749994 0.7739801546875 0.504911590625 0.775082690625 0.546168959375 0.7734288859375 0.5638506875 0.76901874375 0.5805500984374999 0.7701212796875 0.584479371875
1 0.6808158765625001 0.6827111984374999 0.6819184125 0.6895874265625 0.6890848953125001 0.6905697453124999 0.694597575 0.685658153125 0.694597575 0.6404715125 0.6957001109375 0.6365422390625 0.702315325 0.634577603125 0.704520396875 0.6306483296875001 0.7111356125 0.635559921875 0.717199559375 0.648330059375 0.7260198453125 0.6886051078125 0.73098125625 0.6886051078125 0.7304299890625 0.6699410609374999 0.7265711140625 0.659135559375 0.724917309375 0.646365421875 0.7188533625 0.633595284375 0.7183020953125 0.6021611 0.721058434375 0.584479371875 0.721058434375 0.5677799609374999 0.7138919515625 0.5530451859375 0.7138919515625 0.5383104125 0.7111356125 0.532416503125 0.7039691296874999 0.533398821875 0.7028665937499999 0.5491159140625 0.6951488421875001 0.5599214140625 0.6934950390625 0.57760314375 0.6951488421875001 0.609037328125 0.6868798234375 0.6247544203125 0.6841234843749999 0.634577603125 0.6841234843749999 0.647347740625 0.68632855625 0.6571709234374999 0.6857772875 0.673870334375 0.6808158765625001 0.6827111984374999
1 0.36714443281250003 0.52455795625 0.3605292171875 0.5294695484374999 0.3605292171875 0.53929273125 0.36383682500000003 0.5491159140625 0.36769569999999996 0.5491159140625 0.36769569999999996 0.5294695484374999 0.3732083796875 0.52652259375 0.3836824703125 0.51178781875 0.385887540625 0.51178781875 0.3919514890625 0.49901768124999996 0.39966923906249996 0.495088409375 0.40793825781250004 0.481335953125 0.40959206249999996 0.469548134375 0.4173098125 0.4616895875 0.42116868749999997 0.45284872343749993 0.42171995625 0.430255403125 0.419514884375 0.42730844843750004 0.4140022046875 0.428290765625 0.4101433296875 0.43811394843749996 0.39966923906249996 0.4459724953125 0.390297684375 0.45972495156250004 0.3836824703125 0.482318271875 0.382028665625 0.495088409375 0.3687982359375 0.517681728125 0.36714443281250003 0.52455795625
1 0.8313120171874999 0.647347740625 0.834619625 0.6650294703124999 0.8379272328124999 0.667976425 0.8417861078125 0.6650294703124999 0.8439911796875 0.6699410609374999 0.8434399125 0.6807465625 0.8318632859375 0.711198428125 0.8335170890624999 0.722986246875 0.8434399125 0.7465618859375 0.8434399125 0.7534381140625 0.83517089375 0.7652259328125 0.8395810359375 0.770137525 0.84674751875 0.770137525 0.8544652703125 0.763261296875 0.8511576625 0.7426326125 0.8594266812500001 0.7396856578125 0.861080484375 0.74459725 0.869349503125 0.74459725 0.869900771875 0.737721021875 0.865490628125 0.725933203125 0.8643880921875 0.7151277015625 0.857772878125 0.697445971875 0.8649393609375 0.6817288796875001 0.8660418968749999 0.6660117875 0.8594266812500001 0.627701375 0.8517089312499999 0.61394891875 0.8417861078125 0.6051080546875001 0.8417861078125 0.597249509375 0.8379272328124999 0.58840864375 0.8307607499999999 0.5874263265625 0.83020948125 0.6070726921875 0.8335170890624999 0.61394891875 0.8307607499999999 0.62868369375 0.8313120171874999 0.647347740625
1 0.5474090406250001 0.7868369359375 0.5545755234375 0.8025540281250001 0.5600882031250001 0.8094302546875 0.570011025 0.8369351671875 0.588754134375 0.8624754421875 0.59095920625 0.872298625 0.59481808125 0.87328094375 0.59536935 0.86051080625 0.5859977953125 0.84577603125 0.58213891875 0.8300589390625 0.5749724359374999 0.8133595281250001 0.5738699 0.7956778 0.5694597578125 0.7829076625 0.5678059531249999 0.7544204328124999 0.5650496140625 0.748526521875 0.562293275 0.73084479375 0.562293275 0.723968565625 0.5650496140625 0.7200392921875001 0.58213891875 0.723968565625 0.581036384375 0.7161100203124999 0.576626240625 0.711198428125 0.5711135609375 0.710216109375 0.5606394703124999 0.699410609375 0.5529217203125001 0.697445971875 0.5507166484375 0.6935167 0.5501653796875 0.6827111984374999 0.5468577734375 0.6777996078124999 0.5418963609375 0.6777996078124999 0.5385887546875 0.6807465625 0.539140021875 0.6954813359375 0.531422271875 0.7082514734375 0.5292171999999999 0.71807465625 0.52866593125 0.735756384375 0.5341786109375 0.7416502953124999 0.5380374859375 0.750491159375 0.5474090406250001 0.7868369359375