2 0.266813671875 0.6178781921875001 0.26460859999999997 0.6110019640625 0.2557883125 0.60117878125 0.25248070624999996 0.60117878125 0.25248070624999996 0.6051080546875001 0.26130099218749997 0.616895875 0.266813671875 0.6178781921875001
2 0.8814773984375 0.6905697453124999 0.8836824703125 0.6817288796875001 0.87982359375 0.6827111984374999 0.8710033078125001 0.7013752453125 0.8661600249999999 0.7081111421874999 0.8676957 0.7062868375 0.8737596468750001 0.7062868375 0.8781697906250001 0.698428290625 0.87596471875 0.6915520625 0.8787210578125 0.686640471875 0.8814773984375 0.6905697453124999
2 0.857772878125 0.729862475 0.8561190734374999 0.724950884375 0.857772878125 0.722986246875 0.8601615218750001 0.725606090625 0.8605292171875 0.71807465625 0.8625507171875 0.7213487234375 0.865490628125 0.7170923375 0.8679713343750001 0.71267190625 0.866048403125 0.7082663828125 0.8484013234375001 0.7328094296875001 0.8428886437499999 0.7288801578124999 0.8395810359375 0.729862475 0.83902976875 0.736738703125 0.8406835718749999 0.7396856578125 0.8517089312499999 0.7406679765625 0.853362734375 0.736738703125 0.8500551265625 0.7318271125 0.8555678062500001 0.724950884375 0.857772878125 0.729862475
2 0.2778390296875 0.622789784375 0.2778390296875 0.61394891875 0.2657111359375 0.61394891875 0.2552370453125 0.60117878125 0.25248070624999996 0.60117878125 0.2535832421875 0.6070726921875 0.2695700109375 0.6257367390625 0.2778390296875 0.622789784375
2 0.3792723265625 0.52652259375 0.3814773984375 0.52455795625 0.3831312015625 0.493123771875 0.386438809375 0.48624754374999996 0.386438809375 0.481335953125 0.382579934375 0.482318271875 0.38037486249999997 0.48821218125000004 0.378169790625 0.48821218125000004 0.3770672546875 0.482318271875 0.3748621828125 0.48330058906250006 0.3732083796875 0.49115913593749994 0.3748621828125 0.519646365625 0.3754134515625 0.52455795625 0.3792723265625 0.52652259375
2 0.5882028671875 0.8683693515625001 0.5733186328125 0.8762278984374999 0.5711135609375 0.8811394890625 0.6119073875 0.8762278984374999 0.6130099234374999 0.872298625 0.5882028671875 0.8683693515625001
0 0.371554575 0.5540275046875001 0.3704520390625 0.558939096875 0.3748621828125 0.558939096875 0.374310915625 0.5540275046875001 0.371554575 0.5540275046875001
1 0.8781697906250001 0.6561886046875001 0.8814773984375 0.65324165 0.8726571109375 0.633595284375 0.8737596468750001 0.6375245578125 0.87210584375 0.63948919375 0.8704520390624999 0.6552062875 0.8781697906250001 0.6561886046875001
1 0.8550165375000001 0.5893909625 0.8544652703125 0.595284871875 0.857221609375 0.597249509375 0.8616317531250001 0.5913555984375 0.8643880921875 0.5923379171875001 0.8616317531250001 0.6070726921875 0.8621830203125 0.6178781921875001 0.8660418968749999 0.62671905625 0.869900771875 0.6257367390625 0.869349503125 0.6306483296875001 0.8726571109375 0.621807465625 0.8814773984375 0.622789784375 0.8787210578125 0.61591355625 0.8787210578125 0.608055009375 0.8875413453125001 0.5913555984375 0.890297684375 0.576620825 0.8820286656249999 0.5471512765625001 0.869349503125 0.52652259375 0.8687982359375 0.519646365625 0.865490628125 0.51375245625 0.861080484375 0.51375245625 0.8588754140624999 0.517681728125 0.8594266812500001 0.5353634578124999 0.8632855562499999 0.545186640625 0.8638368249999999 0.5677799609374999 0.8550165375000001 0.5893909625
1 0.885887540625 0.6571709234374999 0.890297684375 0.6660117875 0.886438809375 0.6817288796875001 0.890848953125 0.684675834375 0.8925027562500001 0.6944990171875001 0.8919514890625001 0.7092337921875 0.8996692390625001 0.7328094296875001 0.8996692390625001 0.7465618859375 0.8963616312499999 0.7534381140625 0.8952590953125 0.761296659375 0.9062844546875001 0.762278978125 0.911245865625 0.750491159375 0.9095920625 0.7475442046875 0.9095920625 0.7406679765625 0.9145534734374999 0.7318271125 0.9145534734374999 0.7278978390625 0.9057331859375 0.712180746875 0.9040793828125 0.7023575640625 0.9140022046875 0.684675834375 0.915656009375 0.678781925 0.915656009375 0.6660117875 0.9079382578124999 0.6493123765625 0.90463065 0.647347740625 0.894707828125 0.6306483296875001 0.8803748625000001 0.621807465625 0.8704520390624999 0.622789784375 0.8710033078125001 0.633595284375 0.8776185218749999 0.6434184671875001 0.8792723265625 0.65225933125 0.885887540625 0.6571709234374999
1 0.2111356125 0.6149312375 0.2111356125 0.6434184671875001 0.204520396875 0.65422396875 0.20948180781249998 0.6807465625 0.212789415625 0.6768172890625 0.21389195156250002 0.66699410625 0.2160970234375 0.6640471515625 0.21719955937500002 0.6502946953125 0.2205071671875 0.646365421875 0.22601984531250002 0.6296660125 0.22767365 0.6051080546875001 0.22657111406250002 0.576620825 0.23042998906249998 0.5726915515625 0.23759647187500002 0.584479371875 0.23814773906250003 0.5795677796875001 0.2342888640625 0.5726915515625 0.225468578125 0.5383104125 0.22160970156249998 0.532416503125 0.21719955937500002 0.517681728125 0.208930540625 0.518664046875 0.208379271875 0.5363457765625 0.2012127890625 0.55108055 0.19955898593750002 0.570726915625 0.204520396875 0.5805500984374999 0.208379271875 0.6070726921875 0.2111356125 0.6149312375
1 0.5815876515625 0.8428290765625001 0.5777287765625 0.8428290765625001 0.57056229375 0.8555992140625 0.5694597578125 0.8762278984374999 0.576626240625 0.8742632609375001 0.5793825796875 0.86051080625 0.5837927234375 0.852652259375 0.597023153125 0.84675835 0.60363836875 0.8339882125000001 0.6041896359375001 0.800589390625 0.605843440625 0.79469548125 0.60363836875 0.7779960703125 0.6041896359375001 0.764243615625 0.6080485109375 0.7534381140625 0.6130099234374999 0.750491159375 0.6130099234374999 0.74459725 0.609702315625 0.737721021875 0.605843440625 0.719056975 0.6085997796875 0.710216109375 0.6080485109375 0.699410609375 0.6052921718750001 0.6944990171875001 0.5997794921875 0.6944990171875001 0.597574421875 0.697445971875 0.59481808125 0.7131630640625 0.5882028671875 0.7200392921875001 0.58213891875 0.7347740671875 0.58213891875 0.7838899796875001 0.5920617421875 0.827111984375 0.5904079375 0.8339882125000001 0.5815876515625 0.8428290765625001
1 0.49834619687500004 0.5540275046875001 0.49007717812499996 0.576620825 0.49007717812499996 0.584479371875 0.49117971406249994 0.5874263265625 0.5 0.5893909625 0.4988974640625 0.6119842828125 0.501653803125 0.61394891875 0.50826901875 0.6051080546875001 0.5093715546875 0.5933202359374999 0.5115766265625 0.5923379171875001 0.514332965625 0.597249509375 0.518743109375 0.597249509375 0.5198456453125 0.5943025546875 0.5170893046875 0.5874263265625 0.5165380374999999 0.5795677796875001 0.518743109375 0.5726915515625 0.5259095921875 0.5667976421875001 0.5259095921875 0.5432220046875 0.5192943765625 0.5275049109375 0.5088202859375001 0.5157170921875001 0.5049614109375 0.5 0.49724366093750005 0.49901768124999996 0.4944873203125 0.507858546875 0.496141125 0.5157170921875001 0.5 0.520628684375 0.5005512671875 0.53732809375 0.49834619687500004 0.5540275046875001
1 0.6157662625 0.8762278984374999 0.6201764062499999 0.877210215625 0.622381478125 0.872298625 0.628445425 0.8821218078124999 0.6312017640625001 0.917485265625 0.636163175 0.9361493125000001 0.654906284375 0.97544204375 0.6515986765624999 0.9901768171875001 0.6543550171875 0.994106090625 0.658765159375 0.9931237718749999 0.6642778390624999 0.9813359531250001 0.66482910625 0.97544204375 0.6482910687500001 0.9390962671875001 0.647188534375 0.9273084484374999 0.6488423375 0.923379175 0.6543550171875 0.923379175 0.658765159375 0.9273084484374999 0.66979051875 0.94891945 0.6830209484374999 0.9823182718749999 0.6852260203125 0.98624754375 0.69018743125 0.9872298625000001 0.69018743125 0.979371315625 0.6830209484374999 0.9656188609375 0.6780595375 0.9449901765625001 0.66482910625 0.9184675828125 0.6598676953125 0.8939096265625001 0.6560088203125 0.88408644375 0.6521499453125 0.8673870328125 0.6521499453125 0.8339882125000001 0.6460859984375 0.8222003921875001 0.6416758546875 0.8172888015625001 0.6350606390625 0.8163064828125 0.6328555671875 0.8123772109375 0.6328555671875 0.8035363453125001 0.630099228125 0.7917485265625 0.626240353125 0.787819253125 0.622381478125 0.788801571875 0.6196251375 0.7956778 0.622381478125 0.8241650296874999 0.6168687984375001 0.8339882125000001 0.6157662625 0.840864440625 0.6157662625 0.8762278984374999
1 0.3472987875 0.5343811390625001 0.34785005468749997 0.5402750484375 0.35170893125 0.545186640625 0.35556780625 0.545186640625 0.35611907343750004 0.530451865625 0.3726571109375 0.506876228125 0.378169790625 0.5363457765625 0.38974641718749997 0.53732809375 0.3853362734375 0.5284872296875001 0.38478500625 0.5216110015625001 0.390848953125 0.5088408640625001 0.3914002203125 0.495088409375 0.3875413453125 0.482318271875 0.394156559375 0.46561886093749993 0.3936052921875 0.45284872343749993 0.390297684375 0.4440078578125 0.386438809375 0.4440078578125 0.3836824703125 0.44891945 0.3748621828125 0.453831040625 0.365490628125 0.47053045156250006 0.3643880921875 0.495088409375 0.3621830203125 0.49607072656250006 0.35556780625 0.519646365625 0.3472987875 0.5343811390625001
1 0.7513781703125 0.6807465625 0.7480705624999999 0.6935167 0.7513781703125 0.698428290625 0.7557883125 0.697445971875 0.75633958125 0.686640471875 0.76019845625 0.672888015625 0.7613009921875 0.65225933125 0.774531421875 0.64243615 0.7877618515625 0.6620825140625 0.795479603125 0.6886051078125 0.7982359421874999 0.6886051078125 0.799889746875 0.685658153125 0.799889746875 0.672888015625 0.787210584375 0.6385068765625 0.7850055125 0.5913555984375 0.7822491734375 0.576620825 0.775082690625 0.5667976421875001 0.774531421875 0.5559921421875 0.7723263499999999 0.55009823125 0.7646086000000001 0.55009823125 0.76405733125 0.570726915625 0.7607497249999999 0.5795677796875001 0.76019845625 0.6041257375 0.762403528125 0.622789784375 0.7535832421875 0.6512770140625 0.7513781703125 0.6807465625