2 0.820286659375 0.97544204375 0.8224917312500001 0.9813359531250001 0.8213891953125 0.97544204375 0.8131201765625 0.97347740625 0.8125689078124999 0.9783889984374999 0.8153252484375001 0.9813359531250001 0.8169790515625 0.9823182718749999 0.820286659375 0.97544204375
2 0.46416758593749996 0.7779960703125 0.46471885312500005 0.7848722984375 0.469128996875 0.7917485265625 0.469128996875 0.800589390625 0.47353914062499997 0.800589390625 0.4746416765625 0.7956778 0.4696802640625 0.78192534375 0.46471885312500005 0.7455795671875001 0.46306505 0.7426326125 0.460308709375 0.7455795671875001 0.4597574421875 0.76915520625 0.4674751921875 0.7711198421875001 0.4674751921875 0.775049115625 0.46416758593749996 0.7779960703125
2 0.737596471875 0.9616895875000001 0.7403528109375 0.9646365421875001 0.7403528109375 0.9616895875000001 0.737596471875 0.9616895875000001
2 0.73594266875 0.96070726875 0.7304299890625 0.9469548140624999 0.7265711140625 0.928290765625 0.7227122375 0.9273084484374999 0.7216097015625 0.9361493125000001 0.72326350625 0.9518664046875 0.73098125625 0.96070726875 0.73594266875 0.96070726875
2 0.4184123484375 0.8379174859375 0.41345093750000006 0.8379174859375 0.3919514890625 0.8565815328124999 0.39250275625 0.86051080625 0.39856670312500003 0.8595284875000001 0.41455347343750004 0.84577603125 0.4184123484375 0.8379174859375
2 0.6620727671875 0.6296660125 0.658765159375 0.6237721015625 0.651047409375 0.621807465625 0.6504961406249999 0.62671905625 0.65325248125 0.634577603125 0.6620727671875 0.633595284375 0.6620727671875 0.6296660125
2 0.834619625 0.7013752453125 0.83902976875 0.7072691546875001 0.8439911796875 0.7072691546875001 0.8737596468750001 0.6807465625 0.8776185218749999 0.673870334375 0.8748621828124999 0.6777996078124999 0.8732083796874999 0.672888015625 0.8632855562499999 0.684675834375 0.844542446875 0.698428290625 0.834619625 0.6935167 0.834619625 0.7013752453125
2 0.47353914062499997 0.800589390625 0.47519294375000004 0.7956778 0.47188533593750004 0.7848722984375 0.4696802640625 0.7789783890625 0.46582138906250004 0.7779960703125 0.465270121875 0.7848722984375 0.468577728125 0.7907662078125 0.4696802640625 0.800589390625 0.47353914062499997 0.800589390625
2 0.6934950390625 0.610019646875 0.68632855625 0.610019646875 0.68136714375 0.61394891875 0.68136714375 0.6178781921875001 0.6879823593750001 0.6178781921875001 0.6929437703125 0.61394891875 0.6934950390625 0.610019646875
0 0.45203969062500005 0.5127701375 0.4509371546875 0.518664046875 0.45479603125 0.520628684375 0.45534729843750005 0.5157170921875001 0.45203969062500005 0.5127701375
1 0.9173098124999999 0.5599214140625 0.9128996687500001 0.571709234375 0.9162072765625 0.5943025546875 0.9167585453125 0.6149312375 0.9178610812500001 0.6178781921875001 0.9217199562499999 0.6178781921875001 0.9228224921875 0.6149312375 0.9217199562499999 0.5746561890625 0.9228224921875 0.571709234375 0.9283351703125 0.571709234375 0.9349503859375 0.597249509375 0.9432194046875001 0.610019646875 0.9448732078125 0.620825146875 0.9503858875000001 0.6296660125 0.9536934953125 0.6257367390625 0.9531422265625 0.6188605109374999 0.9404630656249999 0.5864440078125 0.9388092609375001 0.57563850625 0.9393605296875001 0.546168959375 0.9371554578125 0.520628684375 0.929988975 0.492141453125 0.923925028125 0.49115913593749994 0.9206174203125 0.4970530453125 0.9222712234375001 0.5157170921875001 0.9206174203125 0.5402750484375 0.9178610812500001 0.5491159140625 0.9173098124999999 0.5599214140625
1 0.8676957 0.736738703125 0.8621830203125 0.7416502953124999 0.8616317531250001 0.7475442046875 0.8737596468750001 0.749508840625 0.8748621828124999 0.7151277015625 0.8792723265625 0.7033398828124999 0.885887540625 0.7033398828124999 0.8880926125 0.7072691546875001 0.8914002203125 0.7200392921875001 0.8914002203125 0.736738703125 0.8963616312499999 0.736738703125 0.8980154359375 0.7288801578124999 0.8963616312499999 0.723968565625 0.894707828125 0.6944990171875001 0.8996692390625001 0.6817288796875001 0.8980154359375 0.648330059375 0.8936052921875 0.6306483296875001 0.882579934375 0.6178781921875001 0.8814773984375 0.6060903734374999 0.8781697906250001 0.6021611 0.874310915625 0.6021611 0.8726571109375 0.6060903734374999 0.8737596468750001 0.627701375 0.8704520390624999 0.65324165 0.8638368249999999 0.6640471515625 0.8765159875 0.6650294703124999 0.8781697906250001 0.672888015625 0.869349503125 0.699410609375 0.8676957 0.736738703125
1 0.768467475 0.9666011781250001 0.7607497249999999 0.9616895875000001 0.75633958125 0.9449901765625001 0.7535832421875 0.9410609031250001 0.7491730984375 0.9400785859375 0.7464167578125 0.943025540625 0.7447629546875 0.9616895875000001 0.7386990078125 0.9783889984374999 0.7386990078125 0.99901768125 0.7734288859375 0.99901768125 0.77287761875 0.97544204375 0.768467475 0.9666011781250001
1 0.42392502812500005 0.8624754421875 0.41896361562499995 0.872298625 0.41565600937499997 0.9056974453125 0.40793825781250004 0.9184675828125 0.40904079375 0.92436149375 0.41345093750000006 0.9273084484374999 0.4184123484375 0.9273084484374999 0.42116868749999997 0.92239685625 0.42171995625 0.9017681734374999 0.42943770625 0.8703339874999999 0.43384785 0.8673870328125 0.44211686875 0.852652259375 0.44597574375000004 0.851669940625 0.4476295484375 0.8555992140625 0.448732084375 0.8791748531250001 0.45203969062500005 0.89685658125 0.45644983437500003 0.8939096265625001 0.4536934953125 0.88408644375 0.4536934953125 0.851669940625 0.45644983437500003 0.8428290765625001 0.45644983437500003 0.8251473484374999 0.4536934953125 0.8163064828125 0.4536934953125 0.8094302546875 0.45644983437500003 0.801571709375 0.46085997812499996 0.800589390625 0.4636163171875 0.8035363453125001 0.4597574421875 0.7848722984375 0.4465270125 0.76915520625 0.44597574375000004 0.75638506875 0.44432194062499997 0.7534381140625 0.43880926093749995 0.7524557953125 0.4349503859375 0.7534381140625 0.43439911875000004 0.7721021609375 0.42833517031249996 0.7799607078124999 0.42613009999999996 0.787819253125 0.4266813671875 0.8045186640624999 0.429988975 0.8133595281250001 0.429988975 0.8369351671875 0.42392502812500005 0.8624754421875
1 0.692392503125 0.6444007859374999 0.694597575 0.65225933125 0.6990077171875 0.6571709234374999 0.7028665937499999 0.685658153125 0.7078280046875001 0.685658153125 0.708930540625 0.6699410609374999 0.7050716640625 0.65422396875 0.712789415625 0.660117878125 0.7160970234375 0.6552062875 0.7133406828125 0.635559921875 0.712789415625 0.596267190625 0.7078280046875001 0.5726915515625 0.7039691296874999 0.5677799609374999 0.7028665937499999 0.55009823125 0.6995589859375 0.546168959375 0.6951488421875001 0.546168959375 0.692392503125 0.558939096875 0.691841234375 0.5795677796875001 0.6951488421875001 0.596267190625 0.6957001109375 0.616895875 0.692392503125 0.6444007859374999
1 0.24862182968750002 0.6915520625 0.25192943749999996 0.697445971875 0.258544653125 0.698428290625 0.262403528125 0.6944990171875001 0.2596471890625 0.6836935171875 0.26130099218749997 0.6748526515625 0.26460859999999997 0.673870334375 0.26901874375 0.6777996078124999 0.2739801546875 0.671905696875 0.2734288859375 0.6581532421875 0.28059536875 0.622789784375 0.2866593171875 0.56286836875 0.2861080484375 0.55108055 0.278941565625 0.55108055 0.2778390296875 0.5667976421875001 0.268467475 0.5805500984374999 0.2651598671875 0.61394891875 0.262403528125 0.622789784375 0.262403528125 0.6434184671875001 0.24862182968750002 0.6915520625
1 0.98787210625 0.525540275 0.9906284453125 0.5088408640625001 0.9994487328125 0.5 0.9994487328125 0.430255403125 0.9944873203125001 0.4312377203125 0.9917309812499999 0.44007858593750004 0.9884233734375 0.4567779953125 0.989525909375 0.468565815625 0.9867695703124999 0.494106090625 0.9823594265625 0.507858546875 0.981256890625 0.5402750484375 0.985667034375 0.5422396859374999 0.98787210625 0.53732809375 0.98787210625 0.525540275
1 0.8263506062499999 0.99901768125 0.8605292171875 0.99901768125 0.861080484375 0.9911591359375 0.8566703421874999 0.9666011781250001 0.8478500546875001 0.9528487234374999 0.8461962515625 0.9322200390625 0.8434399125 0.9273084484374999 0.8395810359375 0.9263261296874999 0.8318632859375 0.9273084484374999 0.8307607499999999 0.9312377203125 0.8318632859375 0.9518664046875 0.8263506062499999 0.9587426328124999 0.8230429984375001 0.97544204375 0.8263506062499999 0.99901768125
1 0.44818081562499995 0.9390962671875001 0.4509371546875 0.9410609031250001 0.4558985671875 0.9400785859375 0.45755237031249996 0.928290765625 0.46471885312500005 0.917485265625 0.4663726578125 0.9076620828124999 0.47023153281249996 0.9184675828125 0.485115765625 0.9007858546874999 0.4906284453125 0.88605108125 0.4884233734375 0.8614931234375 0.49117971406249994 0.8555992140625 0.4988974640625 0.8555992140625 0.5038588749999999 0.84675835 0.5 0.8133595281250001 0.49173098125000003 0.7996070734375 0.4944873203125 0.7838899796875001 0.4928335171875 0.775049115625 0.4873208375 0.7721021609375 0.4834619625 0.776031434375 0.481808159375 0.79469548125 0.4707828 0.801571709375 0.465270121875 0.8133595281250001 0.46471885312500005 0.8899803531250001 0.452590959375 0.9165029468749999 0.44818081562499995 0.9361493125000001 0.44818081562499995 0.9390962671875001
1 0.5110253578124999 0.4901768171875 0.509922821875 0.50098231875 0.5115766265625 0.5029469546875001 0.5203969125000001 0.50098231875 0.5253583234375 0.494106090625 0.5292171999999999 0.49803536406250004 0.5303197359375 0.5039292734374999 0.5336273421875 0.5039292734374999 0.53748621875 0.49803536406250004 0.535281146875 0.48821218125000004 0.526460859375 0.480353634375 0.526460859375 0.46561886093749993 0.52866593125 0.4567779953125 0.5275633953125001 0.4440078578125 0.5170893046875 0.42730844843750004 0.5159867703125001 0.4204322203125 0.51212789375 0.417485265625 0.50441014375 0.41944990156250006 0.5033076078125001 0.44007858593750004 0.496141125 0.4587426328125 0.49558985624999996 0.46561886093749993 0.5005512671875 0.47642436093749996 0.5071664828125 0.481335953125 0.5110253578124999 0.4901768171875
1 0.7199558984375 0.65324165 0.717199559375 0.660117878125 0.7144432187499999 0.698428290625 0.7177508265625 0.7141453828125 0.7160970234375 0.7269155203125 0.7199558984375 0.729862475 0.72326350625 0.7269155203125 0.7221609703125 0.6915520625 0.725468578125 0.6827111984374999 0.7320837921875001 0.6836935171875 0.7442116875 0.711198428125 0.7486218296875 0.711198428125 0.7491730984375 0.7043222 0.7353913999999999 0.6777996078124999 0.73980154375 0.65324165 0.737596471875 0.6149312375 0.729327453125 0.596267190625 0.7287761859375 0.5874263265625 0.725468578125 0.5795677796875001 0.7188533625 0.5795677796875001 0.717199559375 0.584479371875 0.7199558984375 0.60117878125 0.7183020953125 0.6178781921875001 0.721058434375 0.6404715125 0.7199558984375 0.65324165