2 0.4558985671875 0.9007858546874999 0.4542447625 0.8978389 0.44266813593750004 0.8939096265625001 0.42943770625 0.9066797640625 0.42061742031250005 0.9106090375000001 0.41896361562499995 0.9145383109375 0.4222712234375 0.9184675828125 0.44597574375000004 0.902750490625 0.4558985671875 0.9007858546874999
2 0.8434399125 0.722986246875 0.8472987875 0.710216109375 0.8439911796875 0.7082514734375 0.8379272328124999 0.719056975 0.8335170890624999 0.7151277015625 0.828555678125 0.7161100203124999 0.8274531421875 0.7200392921875001 0.8313120171874999 0.7269155203125 0.83902976875 0.7288801578124999 0.8434399125 0.722986246875
2 0.24586549062500002 0.61394891875 0.22987872031249998 0.5982318265625 0.23098125625 0.6051080546875001 0.24751929375 0.622789784375 0.2480705625 0.6178781921875001 0.24586549062500002 0.61394891875
2 0.77673649375 0.621807465625 0.7794928328124999 0.610019646875 0.775082690625 0.609037328125 0.7701212796875 0.622789784375 0.7574421171875 0.6237721015625 0.75633958125 0.6296660125 0.757993384375 0.633595284375 0.76901874375 0.635559921875 0.77673649375 0.621807465625
1 0.469128996875 0.8939096265625001 0.472987871875 0.8939096265625001 0.4762954796875 0.902750490625 0.47353914062499997 0.9194499015625001 0.47353914062499997 0.9312377203125 0.47850055156250004 0.9646365421875001 0.4823594265625 0.9705304515625001 0.489525909375 0.994106090625 0.49834619687500004 0.994106090625 0.502205071875 0.979371315625 0.5005512671875 0.928290765625 0.5027563390625 0.88408644375 0.5011025359375 0.8673870328125 0.506615215625 0.85854616875 0.5049614109375 0.84675835 0.49834619687500004 0.826129665625 0.49117971406249994 0.8143418468749999 0.48291069531249997 0.8123772109375 0.47960308749999997 0.80746561875 0.481256890625 0.7956778 0.47850055156250004 0.787819253125 0.468577728125 0.789783890625 0.46802646093750006 0.800589390625 0.4707828 0.8163064828125 0.46802646093750006 0.826129665625 0.46471885312500005 0.8300589390625 0.4619625140625 0.8428290765625001 0.4619625140625 0.8555992140625 0.4674751921875 0.877210215625 0.4663726578125 0.8889980359375 0.469128996875 0.8939096265625001
1 0.39525909531250003 0.5746561890625 0.382579934375 0.584479371875 0.3809261296875 0.58840864375 0.382028665625 0.5923379171875001 0.390297684375 0.5923379171875001 0.39525909531250003 0.584479371875 0.39856670312500003 0.583497053125 0.4057331859375 0.571709234375 0.4084895265625 0.570726915625 0.41345093750000006 0.558939096875 0.4288864390625 0.5402750484375 0.43109151093750003 0.532416503125 0.43109151093750003 0.504911590625 0.4327453140625 0.492141453125 0.42171995625 0.468565815625 0.4173098125 0.469548134375 0.41675854531249995 0.48330058906250006 0.40022050781249996 0.507858546875 0.402976846875 0.5166994109374999 0.40793825781250004 0.520628684375 0.406835721875 0.5363457765625 0.39525909531250003 0.5746561890625
1 0.9415656015625 0.61394891875 0.93825799375 0.62868369375 0.9388092609375001 0.635559921875 0.9426681359375 0.634577603125 0.9437706718750001 0.6237721015625 0.94597574375 0.620825146875 0.9503858875000001 0.6306483296875001 0.9509371546875001 0.646365421875 0.948732084375 0.6581532421875 0.956449834375 0.7062868375 0.9542447624999999 0.7141453828125 0.948180815625 0.7200392921875001 0.948180815625 0.723968565625 0.9520396906249999 0.7278978390625 0.9658213890624999 0.7278978390625 0.9674751921875 0.7269155203125 0.9674751921875 0.7200392921875001 0.96306505 0.6699410609374999 0.9702315328125 0.633595284375 0.9718853359375 0.610019646875 0.9641675859375001 0.57563850625 0.9509371546875001 0.5550098234374999 0.9503858875000001 0.5422396859374999 0.9426681359375 0.5363457765625 0.93384785 0.5383104125 0.9327453140624999 0.55009823125 0.9360529218750001 0.5805500984374999 0.9415656015625 0.6021611 0.9415656015625 0.61394891875
1 0.171995590625 0.62671905625 0.1747519296875 0.61591355625 0.17861080468749999 0.6178781921875001 0.18136714375000001 0.6237721015625 0.1868798234375 0.6650294703124999 0.1934950390625 0.6650294703124999 0.19900771718750002 0.6561886046875001 0.19845645 0.6493123765625 0.1934950390625 0.647347740625 0.19018743124999998 0.63948919375 0.18963616249999998 0.621807465625 0.18632855625 0.60117878125 0.1868798234375 0.5726915515625 0.1907386984375 0.557956778125 0.200661521875 0.56286836875 0.20507166406250002 0.5687622796875 0.20782800468749998 0.5667976421875001 0.19955898593750002 0.5530451859375 0.1973539140625 0.5599214140625 0.192392503125 0.5559921421875 0.1951488421875 0.546168959375 0.194597575 0.5343811390625001 0.18963616249999998 0.5166994109374999 0.18963616249999998 0.504911590625 0.1868798234375 0.5 0.17916207343749999 0.50098231875 0.1747519296875 0.5166994109374999 0.16482910625 0.5343811390625001 0.163175303125 0.546168959375 0.1686879828125 0.557956778125 0.1686879828125 0.609037328125 0.16097023125 0.622789784375 0.15600882031250002 0.6375245578125 0.15600882031250002 0.64243615 0.150496140625 0.65225933125 0.14718853437499999 0.65324165 0.1477398015625 0.6689587421875001 0.1543550171875 0.6807465625 0.15711135625 0.6571709234374999 0.171995590625 0.62671905625
1 0.78941565625 0.570726915625 0.7855567812500001 0.5805500984374999 0.7855567812500001 0.5864440078125 0.7899669234375 0.5874263265625 0.7927232640625 0.5805500984374999 0.795479603125 0.582514734375 0.7921719953124999 0.610019646875 0.7971334062500001 0.6404715125 0.7960308703125001 0.659135559375 0.8037486218750001 0.661100196875 0.8070562296875 0.6571709234374999 0.8070562296875 0.6493123765625 0.8042998890625 0.63948919375 0.8037486218750001 0.6237721015625 0.799889746875 0.6129666015625 0.80209481875 0.6051080546875001 0.8070562296875 0.6051080546875001 0.8092613015625 0.6110019640625 0.81367144375 0.64243615 0.8197353906249999 0.64243615 0.8169790515625 0.6051080546875001 0.8142227125 0.595284871875 0.8197353906249999 0.5658153234375 0.8197353906249999 0.5550098234374999 0.8120176406249999 0.52455795625 0.799889746875 0.507858546875 0.7987872109375 0.495088409375 0.7960308703125001 0.49115913593749994 0.7921719953124999 0.49115913593749994 0.7883131203125 0.49607072656250006 0.7883131203125 0.506876228125 0.791069459375 0.5216110015625001 0.7916207281250001 0.5559921421875 0.78941565625 0.570726915625
1 0.38478500625 0.5491159140625 0.3869900765625 0.546168959375 0.38478500625 0.5383104125 0.386438809375 0.525540275 0.394156559375 0.52455795625 0.39911797187500003 0.520628684375 0.402425578125 0.51375245625 0.40132304375 0.507858546875 0.40463065 0.49901768124999996 0.40518191875 0.47544204375000004 0.40904079375 0.47053045156250006 0.4162072765625 0.468565815625 0.4162072765625 0.4332023578125 0.40904079375 0.4332023578125 0.40628445468749996 0.443025540625 0.39636163125 0.44990176875000004 0.386438809375 0.46267190625000004 0.382579934375 0.4872298625 0.3814773984375 0.5088408640625001 0.37982359374999997 0.51178781875 0.3754134515625 0.51178781875 0.373759646875 0.5157170921875001 0.3732083796875 0.5294695484374999 0.3770672546875 0.5402750484375 0.377618521875 0.5481335953124999 0.38478500625 0.5491159140625
1 0.96306505 0.481335953125 0.9614112453124999 0.4872298625 0.9614112453124999 0.50098231875 0.952590959375 0.530451865625 0.9514884234375 0.55108055 0.952590959375 0.5530451859375 0.956449834375 0.5491159140625 0.9597574421875 0.53732809375 0.9696802640625 0.525540275 0.9724366046874999 0.532416503125 0.9740904078125 0.546168959375 0.9807056234375 0.5638506875 0.9823594265625 0.5785854609375 0.985667034375 0.5795677796875001 0.9862183015625 0.5618860515625 0.9807056234375 0.531434184375 0.9834619625000001 0.4970530453125 0.9867695703124999 0.49115913593749994 0.9867695703124999 0.468565815625 0.97519294375 0.441060903125 0.9729878718749999 0.428290765625 0.9641675859375001 0.42730844843750004 0.9619625140625001 0.4312377203125 0.9619625140625001 0.443025540625 0.9641675859375001 0.453831040625 0.9619625140625001 0.4587426328125 0.96306505 0.481335953125
1 0.8484013234375001 0.6660117875 0.8517089312499999 0.6650294703124999 0.8561190734374999 0.6689587421875001 0.8550165375000001 0.6817288796875001 0.8472987875 0.699410609375 0.8472987875 0.7092337921875 0.8517089312499999 0.7170923375 0.8566703421874999 0.737721021875 0.8566703421874999 0.74459725 0.8517089312499999 0.7573673875 0.8517089312499999 0.763261296875 0.853362734375 0.7662082515625 0.8627342890625 0.7662082515625 0.869349503125 0.75638506875 0.8649393609375 0.7033398828124999 0.8710033078125001 0.685658153125 0.8776185218749999 0.6748526515625 0.8781697906250001 0.660117878125 0.8737596468750001 0.647347740625 0.869349503125 0.622789784375 0.8649393609375 0.6149312375 0.8528114656250001 0.608055009375 0.8478500546875001 0.6021611 0.8461962515625 0.5923379171875001 0.8428886437499999 0.58840864375 0.83517089375 0.59037328125 0.8357221609375 0.6001964640625 0.8423373765625 0.6149312375 0.8439911796875 0.65225933125 0.8484013234375001 0.6660117875
1 0.5738699 0.7907662078125 0.5804851156249999 0.80746561875 0.589305403125 0.8172888015625001 0.597023153125 0.8369351671875 0.6080485109375 0.851669940625 0.6102535828125 0.8654223968749999 0.6157662625 0.8683693515625001 0.6196251375 0.8555992140625 0.622381478125 0.8555992140625 0.6245865484374999 0.8595284875000001 0.628445425 0.85854616875 0.628445425 0.8506876234374999 0.626240353125 0.8438113953125 0.617971334375 0.827111984375 0.6168687984375001 0.8182711203125 0.6074972437499999 0.8035363453125001 0.59095920625 0.748526521875 0.59095920625 0.735756384375 0.6052921718750001 0.736738703125 0.6052921718750001 0.729862475 0.600882028125 0.724950884375 0.59536935 0.723968565625 0.5859977953125 0.712180746875 0.5793825796875 0.710216109375 0.5771775078125 0.7062868375 0.5755237046875 0.6944990171875001 0.5711135609375 0.6886051078125 0.5667034171875 0.6895874265625 0.564498346875 0.6944990171875001 0.56560088125 0.710216109375 0.5562293281249999 0.729862475 0.5562293281249999 0.751473478125 0.5667034171875 0.763261296875 0.5733186328125 0.7838899796875001 0.5738699 0.7907662078125
1 0.7050716640625 0.6434184671875001 0.7094818078125 0.6660117875 0.7056229328125 0.6886051078125 0.7111356125 0.6886051078125 0.7205071671875001 0.6777996078124999 0.717199559375 0.6650294703124999 0.7155457546874999 0.6453831046875 0.717199559375 0.64243615 0.7188533625 0.646365421875 0.72326350625 0.647347740625 0.72326350625 0.6385068765625 0.7265711140625 0.634577603125 0.729327453125 0.635559921875 0.7331863281250001 0.6444007859374999 0.742006615625 0.673870334375 0.7431091515625 0.684675834375 0.74751929375 0.684675834375 0.74751929375 0.6699410609374999 0.7442116875 0.6620825140625 0.7431091515625 0.6493123765625 0.7370452046875 0.6326129671875 0.7386990078125 0.5726915515625 0.7381477390625 0.5677799609374999 0.7304299890625 0.5550098234374999 0.7304299890625 0.5383104125 0.7265711140625 0.533398821875 0.7221609703125 0.533398821875 0.7188533625 0.5422396859374999 0.7188533625 0.5540275046875001 0.712789415625 0.5638506875 0.7116868796875 0.584479371875 0.7133406828125 0.6110019640625 0.7050716640625 0.6316306484374999 0.7050716640625 0.6434184671875001