0 0.0738699 0.84577603125 0.06560088124999999 0.84675835 0.06560088124999999 0.8555992140625 0.0694597578125 0.85854616875 0.0738699 0.8565815328124999 0.0738699 0.84577603125
1 0.5997794921875 0.6552062875 0.6074972437499999 0.6954813359375 0.6074972437499999 0.7062868375 0.6124586546875 0.7072691546875001 0.6157662625 0.6935167 0.617420065625 0.62671905625 0.6212789421875 0.6129666015625 0.622381478125 0.5982318265625 0.6130099234374999 0.5805500984374999 0.609151046875 0.5785854609375 0.6052921718750001 0.569744596875 0.6052921718750001 0.5638506875 0.6019845640625 0.558939096875 0.597023153125 0.56286836875 0.5959206171875 0.583497053125 0.592613009375 0.5923379171875001 0.5920617421875 0.6070726921875 0.59536935 0.63948919375 0.599228225 0.6444007859374999 0.5997794921875 0.6552062875
1 0.11135611875 0.98821218125 0.106945975 0.97544204375 0.1025358328125 0.97544204375 0.101433296875 0.98624754375 0.10363836875000002 0.9921414531250001 0.10970231562499999 0.994106090625 0.11135611875 0.98821218125
1 0.13009922812500002 0.994106090625 0.1334068359375 0.98821218125 0.1394707828125 0.98624754375 0.1433296578125 0.968565815625 0.1433296578125 0.9440078578125 0.14057331875 0.93713163125 0.14057331875 0.928290765625 0.1438809265625 0.917485265625 0.1433296578125 0.9047151281250001 0.1394707828125 0.89882121875 0.13175303124999999 0.902750490625 0.1295479609375 0.9194499015625001 0.117420065625 0.9312377203125 0.1102535828125 0.94891945 0.10970231562499999 0.9567779953125 0.1130099234375 0.9774066796875 0.12293274531250001 0.994106090625 0.13009922812500002 0.994106090625
1 0.5038588749999999 0.5540275046875001 0.5 0.56286836875 0.5 0.596267190625 0.496141125 0.6051080546875001 0.5 0.608055009375 0.5071664828125 0.6051080546875001 0.5055126796875 0.5785854609375 0.5088202859375001 0.56483300625 0.51212789375 0.5618860515625 0.5159867703125001 0.5638506875 0.5259095921875 0.5933202359374999 0.5259095921875 0.6129666015625 0.5325248078125 0.61394891875 0.533076075 0.6051080546875001 0.5303197359375 0.5992141453125 0.5292171999999999 0.5815324171875 0.5242557890625 0.5618860515625 0.5259095921875 0.51375245625 0.5203969125000001 0.5 0.5115766265625 0.49115913593749994 0.50826901875 0.479371315625 0.50441014375 0.479371315625 0.5011025359375 0.4872298625 0.5 0.519646365625 0.49724366093750005 0.533398821875 0.49724366093750005 0.53732809375 0.5011025359375 0.5383104125 0.5033076078125001 0.5432220046875 0.5038588749999999 0.5540275046875001
1 0.136163175 0.99901768125 0.138368246875 0.99901768125 0.1372657109375 0.994106090625 0.136163175 0.99901768125
1 0.142778390625 0.995088409375 0.1433296578125 0.99901768125 0.18191841250000002 0.99901768125 0.18191841250000002 0.9921414531250001 0.1780595375 0.9852652265625 0.1764057328125 0.96267190625 0.1742006609375 0.953831040625 0.16923925 0.9449901765625001 0.1708930546875 0.92436149375 0.1686879828125 0.9194499015625001 0.16097023125 0.9184675828125 0.15711135625 0.923379175 0.15600882031250002 0.943025540625 0.14718853437499999 0.954813359375 0.1438809265625 0.9656188609375 0.14057331875 0.9872298625000001 0.142778390625 0.994106090625 0.14057331875 0.99901768125 0.142778390625 0.995088409375
1 0.221058434375 0.96070726875 0.2205071671875 0.94891945 0.22601984531250002 0.92436149375 0.2205071671875 0.9204322203125 0.212789415625 0.923379175 0.208930540625 0.9332023578124999 0.208379271875 0.943025540625 0.1957001109375 0.9587426328124999 0.19404630625 0.97347740625 0.1912899671875 0.9783889984374999 0.1907386984375 0.99901768125 0.21334068281250002 0.99901768125 0.21389195156250002 0.969548134375 0.221058434375 0.96070726875
1 0.03748621875 0.878192534375 0.0363836828125 0.87328094375 0.0501653796875 0.84577603125 0.05181918437500001 0.8379174859375 0.0589856671875 0.827111984375 0.064498346875 0.826129665625 0.070011025 0.8339882125000001 0.0749724359375 0.8339882125000001 0.0777287765625 0.8379174859375 0.07331863281249999 0.84675835 0.072767365625 0.87328094375 0.0694597578125 0.883104125 0.0689084890625 0.8939096265625001 0.070011025 0.89685658125 0.0777287765625 0.8889980359375 0.0793825796875 0.87328094375 0.084895259375 0.8595284875000001 0.0898566703125 0.8379174859375 0.089305403125 0.8310412578124999 0.0815876515625 0.8094302546875 0.072767365625 0.79469548125 0.072767365625 0.787819253125 0.0755237046875 0.7789783890625 0.08324145468750001 0.7789783890625 0.084895259375 0.775049115625 0.0854465265625 0.7406679765625 0.08324145468750001 0.7288801578124999 0.084895259375 0.724950884375 0.0854465265625 0.711198428125 0.08324145468750001 0.7072691546875001 0.0738699 0.7072691546875001 0.0694597578125 0.7141453828125 0.0694597578125 0.7318271125 0.0606394703125 0.7455795671875001 0.0589856671875 0.7573673875 0.056229328125 0.762278978125 0.056229328125 0.76915520625 0.0490628453125 0.787819253125 0.0468577734375 0.8290766203125 0.035281146875 0.8506876234374999 0.030319735937499998 0.8683693515625001 0.02480705625 0.8752455796874999 0.024255789062499998 0.8801571703125 0.026460859375 0.8880157171875 0.0341786109375 0.88605108125 0.03748621875 0.878192534375
1 0.3423373765625 0.533398821875 0.3434399125 0.546168959375 0.34785005468749997 0.5491159140625 0.36383682500000003 0.5363457765625 0.36328555625000003 0.5 0.3588754140625 0.48919449843749996 0.3500551265625 0.480353634375 0.34674751875 0.469548134375 0.340683571875 0.469548134375 0.33902976875 0.474459725 0.33902976875 0.4901768171875 0.3373759640625 0.4970530453125 0.3379272328125 0.5225933203124999 0.3423373765625 0.533398821875
1 0.345093715625 0.63948919375 0.34399117968750004 0.6552062875 0.34785005468749997 0.6640471515625 0.35611907343750004 0.6640471515625 0.3621830203125 0.65225933125 0.3704520390625 0.6552062875 0.3770672546875 0.6512770140625 0.3792723265625 0.6434184671875001 0.377618521875 0.6296660125 0.378169790625 0.584479371875 0.377618521875 0.5795677796875001 0.36659316406250003 0.557956778125 0.3649393609375 0.5422396859374999 0.3566703421875 0.5422396859374999 0.353362734375 0.5471512765625001 0.3511576625 0.56286836875 0.34399117968750004 0.5746561890625 0.340683571875 0.6001964640625 0.3423373765625 0.6198428296875 0.33902976875 0.6296660125 0.340683571875 0.635559921875 0.345093715625 0.63948919375
1 0.2861080484375 0.9656188609375 0.28941565625 0.9528487234374999 0.28941565625 0.9440078578125 0.287210584375 0.93713163125 0.2783902984375 0.9361493125000001 0.2734288859375 0.9469548140624999 0.27232635 0.9597249515625 0.262403528125 0.969548134375 0.2574421171875 0.9833005890625 0.25633958125 0.99901768125 0.2949283359375 0.99901768125 0.2949283359375 0.9833005890625 0.2861080484375 0.9656188609375
1 0.3175303203125 0.763261296875 0.3219404625 0.7711198421875001 0.31587651562499997 0.7789783890625 0.3142227125 0.7711198421875001 0.308158765625 0.777013753125 0.3153252484375 0.7956778 0.30981256875 0.8045186640624999 0.3009922828125 0.8300589390625 0.2982359421875 0.8339882125000001 0.29217199531250004 0.8339882125000001 0.28941565625 0.8310412578124999 0.2861080484375 0.8339882125000001 0.2866593171875 0.8398821218749999 0.29272326406250004 0.851669940625 0.29603087031249997 0.851669940625 0.3213891953125 0.8084479375000001 0.328004409375 0.80746561875 0.33020948125 0.8104125734375 0.33186328593750003 0.8251473484374999 0.34840132343749997 0.8428290765625001 0.3544652703125 0.8546168953125 0.3511576625 0.8654223968749999 0.35170893125 0.87131630625 0.35997795 0.8683693515625001 0.3649393609375 0.85854616875 0.3643880921875 0.851669940625 0.35611907343750004 0.8418467578125 0.34399117968750004 0.8163064828125 0.344542446875 0.800589390625 0.3472987875 0.787819253125 0.3472987875 0.76915520625 0.3384785 0.7288801578124999 0.33186328593750003 0.7151277015625 0.332965821875 0.698428290625 0.33020948125 0.6944990171875001 0.3219404625 0.6944990171875001 0.3169790515625 0.7033398828124999 0.3180815875 0.719056975 0.32524807031249997 0.7269155203125 0.3213891953125 0.75638506875 0.3175303203125 0.763261296875
1 0.2442116875 0.9705304515625001 0.23814773906250003 0.96267190625 0.2403528109375 0.9332023578124999 0.23759647187500002 0.9273084484374999 0.22601984531250002 0.928290765625 0.22160970156249998 0.9440078578125 0.22160970156249998 0.9597249515625 0.21444321875 0.9705304515625001 0.212789415625 0.9842829078124999 0.2122381484375 0.99901768125 0.2464167578125 0.99901768125 0.2469680265625 0.9911591359375 0.2442116875 0.9705304515625001