2 0.696251378125 0.7583497046875001 0.694597575 0.750491159375 0.6841234843749999 0.749508840625 0.6819184125 0.7465618859375 0.6791620734375 0.748526521875 0.6786108046875 0.7534381140625 0.6852260203125 0.761296659375 0.6934950390625 0.762278978125 0.696251378125 0.7583497046875001
2 0.42502756406250003 0.7013752453125 0.42557883125 0.6944990171875001 0.42116868749999997 0.6944990171875001 0.4162072765625 0.699410609375 0.402976846875 0.699410609375 0.40132304375 0.7033398828124999 0.40407938281250005 0.710216109375 0.4184123484375 0.712180746875 0.42502756406250003 0.7013752453125
0 0.382579934375 0.5618860515625 0.382579934375 0.570726915625 0.386438809375 0.570726915625 0.3869900765625 0.56286836875 0.382579934375 0.5618860515625
1 0.8120176406249999 0.469548134375 0.8009922828124999 0.479371315625 0.7993384781249999 0.48526522656250004 0.81367144375 0.48526522656250004 0.8153252484375001 0.48821218125000004 0.8125689078124999 0.49607072656250006 0.8125689078124999 0.5491159140625 0.8257993390625 0.5795677796875001 0.8269018750000001 0.58840864375 0.8313120171874999 0.5923379171875001 0.8428886437499999 0.5923379171875001 0.8434399125 0.5795677796875001 0.8373759640625 0.5422396859374999 0.8379272328124999 0.5284872296875001 0.836273428125 0.5216110015625001 0.83902976875 0.5 0.8384785000000001 0.4459724953125 0.8318632859375 0.4263261296875 0.8318632859375 0.41944990156250006 0.828555678125 0.40667976406250006 0.8213891953125 0.40667976406250006 0.81863285625 0.41159135625000004 0.8175303203125001 0.429273084375 0.8213891953125 0.4390962671875 0.8180815875 0.45284872343749993 0.8120176406249999 0.469548134375
1 0.704520396875 0.671905696875 0.704520396875 0.6944990171875001 0.7056229328125 0.698428290625 0.7111356125 0.698428290625 0.712789415625 0.7062868375 0.7050716640625 0.7151277015625 0.6951488421875001 0.7328094296875001 0.694597575 0.750491159375 0.691841234375 0.7524557953125 0.6819184125 0.748526521875 0.679713340625 0.7524557953125 0.6874310921875 0.761296659375 0.694597575 0.761296659375 0.6995589859375 0.7573673875 0.70672546875 0.774066796875 0.7039691296874999 0.787819253125 0.6995589859375 0.7956778 0.6995589859375 0.800589390625 0.7012127890625 0.8045186640624999 0.71058434375 0.8045186640624999 0.7183020953125 0.7917485265625 0.7183020953125 0.7789783890625 0.7260198453125 0.78192534375 0.7342888640624999 0.78192534375 0.737596471875 0.7789783890625 0.737596471875 0.7711198421875001 0.731532525 0.762278978125 0.729327453125 0.749508840625 0.72326350625 0.736738703125 0.725468578125 0.725933203125 0.7353913999999999 0.7072691546875001 0.7342888640624999 0.6807465625 0.72712238125 0.6630648328125 0.7216097015625 0.6365422390625 0.7100330765625 0.6257367390625 0.7078280046875001 0.620825146875 0.7056229328125 0.6021611 0.7034178609375 0.5982318265625 0.69845645 0.5982318265625 0.69404630625 0.6051080546875001 0.6957001109375 0.6257367390625 0.7012127890625 0.635559921875 0.7012127890625 0.6552062875 0.704520396875 0.671905696875
1 0.5341786109375 0.7161100203124999 0.5336273421875 0.673870334375 0.5380374859375 0.6650294703124999 0.539140021875 0.6316306484374999 0.5463065046875 0.6178781921875001 0.5418963609375 0.5933202359374999 0.5463065046875 0.584479371875 0.551267915625 0.584479371875 0.5562293281249999 0.5923379171875001 0.559536934375 0.608055009375 0.5650496140625 0.597249509375 0.564498346875 0.5687622796875 0.5523704515625 0.5491159140625 0.5501653796875 0.5343811390625001 0.54520396875 0.525540275 0.5385887546875 0.5294695484374999 0.5363836828124999 0.5383104125 0.53748621875 0.5559921421875 0.5336273421875 0.569744596875 0.533076075 0.5874263265625 0.5275633953125001 0.608055009375 0.5292171999999999 0.61394891875 0.5336273421875 0.61394891875 0.5347298781250001 0.6198428296875 0.5319735390625 0.62671905625 0.5292171999999999 0.6512770140625 0.5220507171875 0.6689587421875001 0.523153253125 0.6944990171875001 0.5275633953125001 0.7200392921875001 0.5297684671875 0.723968565625 0.5341786109375 0.7161100203124999
1 0 0.9921414531250001 0.003858875 0.99901768125 0.0385887546875 0.99901768125 0.0418963609375 0.994106090625 0.0385887546875 0.93713163125 0.034729878125 0.9273084484374999 0.0214994484375 0.9145383109375 0.0214994484375 0.878192534375 0.012679162499999999 0.877210215625 0.0049614109375 0.8821218078124999 0.0033076078124999997 0.8870333984375 0.00441014375 0.9145383109375 0 0.928290765625 0 0.9921414531250001
1 0.8015435500000001 0.6817288796875001 0.799889746875 0.711198428125 0.7971334062500001 0.719056975 0.7971334062500001 0.7328094296875001 0.7916207281250001 0.7328094296875001 0.78941565625 0.738703340625 0.7943770671875 0.7406679765625 0.7943770671875 0.75638506875 0.8004410140625 0.76915520625 0.80981256875 0.775049115625 0.8274531421875 0.776031434375 0.832965821875 0.7789783890625 0.8373759640625 0.764243615625 0.8484013234375001 0.7583497046875001 0.8484013234375001 0.750491159375 0.8434399125 0.7426326125 0.8461962515625 0.723968565625 0.8461962515625 0.7072691546875001 0.8434399125 0.7013752453125 0.8373759640625 0.6660117875 0.8296582140625001 0.6493123765625 0.8252480703125 0.6444007859374999 0.8241455343749999 0.6306483296875001 0.8213891953125 0.622789784375 0.8180815875 0.6178781921875001 0.80981256875 0.616895875 0.8054024249999999 0.6247544203125 0.8054024249999999 0.635559921875 0.8092613015625 0.6493123765625 0.8042998890625 0.6650294703124999 0.8015435500000001 0.6817288796875001
1 0.3649393609375 0.53732809375 0.361631753125 0.5432220046875 0.3588754140625 0.5618860515625 0.35556780625 0.5726915515625 0.3511576625 0.5795677796875001 0.35170893125 0.5874263265625 0.35556780625 0.5893909625 0.3605292171875 0.5874263265625 0.361080484375 0.57760314375 0.3710033078125 0.5530451859375 0.3732083796875 0.55108055 0.3754134515625 0.5550098234374999 0.386438809375 0.5550098234374999 0.394707828125 0.5471512765625001 0.3969129 0.53732809375 0.39525909531250003 0.5157170921875001 0.3969129 0.494106090625 0.382579934375 0.469548134375 0.3792723265625 0.45776031406250006 0.3726571109375 0.45776031406250006 0.3704520390625 0.4616895875 0.36824696874999996 0.4774066796875 0.361080484375 0.48919449843749996 0.3621830203125 0.49901768124999996 0.36769569999999996 0.5088408640625001 0.36769569999999996 0.5235756390625 0.3649393609375 0.53732809375
1 0.24200661562499998 0.780943025 0.2425578828125 0.7966601171875001 0.23869900781250003 0.8133595281250001 0.2370452046875 0.8369351671875 0.22712238125 0.87328094375 0.2243660421875 0.8998035359375001 0.21719955937500002 0.9155206281250001 0.21830209531250003 0.92239685625 0.22601984531250002 0.92436149375 0.23042998906249998 0.9184675828125 0.23042998906249998 0.8978389 0.2342888640625 0.88605108125 0.23759647187500002 0.8821218078124999 0.2403528109375 0.8595284875000001 0.24366041875 0.852652259375 0.24751929375 0.8506876234374999 0.2568908484375 0.83300589375 0.2596471890625 0.83300589375 0.26074972500000004 0.8388998031250001 0.26901874375 0.84774066875 0.274531421875 0.8762278984374999 0.2811466375 0.8899803531250001 0.283351709375 0.90962671875 0.2866593171875 0.9135559921875 0.291069459375 0.91159135625 0.291069459375 0.9007858546874999 0.2866593171875 0.8880157171875 0.2822491734375 0.852652259375 0.2761852265625 0.840864440625 0.2734288859375 0.7799607078124999 0.275082690625 0.774066796875 0.28059536875 0.7799607078124999 0.28390297656249996 0.8084479375000001 0.2861080484375 0.8133595281250001 0.2899669234375 0.8133595281250001 0.291069459375 0.8094302546875 0.28941565625 0.7848722984375 0.2778390296875 0.736738703125 0.27287761875 0.7278978390625 0.26130099218749997 0.7170923375 0.262403528125 0.697445971875 0.2590959203125 0.6905697453124999 0.2508269015625 0.6886051078125 0.24751929375 0.6905697453124999 0.24586549062500002 0.6964636546875 0.24917309843750002 0.719056975 0.2469680265625 0.724950884375 0.23925027499999998 0.7337917484375 0.2353914 0.7455795671875001 0.233737596875 0.770137525 0.22767365 0.8035363453125001 0.22987872031249998 0.8123772109375 0.2326350609375 0.8094302546875 0.23925027499999998 0.780943025 0.24200661562499998 0.780943025
1 0.0463065046875 0.6051080546875001 0.039140021875 0.609037328125 0.0402425578125 0.6129666015625 0.045755237500000004 0.616895875 0.0534729875 0.6178781921875001 0.060088203124999996 0.6502946953125 0.0777287765625 0.6777996078124999 0.0777287765625 0.684675834375 0.07331863281249999 0.6915520625 0.0694597578125 0.70530451875 0.06174200625 0.7092337921875 0.062293275 0.7288801578124999 0.0667034171875 0.7396856578125 0.072216096875 0.7396856578125 0.0738699 0.736738703125 0.0755237046875 0.7131630640625 0.081036384375 0.7033398828124999 0.09040793750000001 0.6954813359375 0.09481808124999999 0.7013752453125 0.101433296875 0.723968565625 0.10749724375 0.723968565625 0.10970231562499999 0.7151277015625 0.10915104687499999 0.7072691546875001 0.1063947078125 0.7023575640625 0.100882028125 0.7013752453125 0.0959206171875 0.6895874265625 0.0876515984375 0.65225933125 0.0865490625 0.6316306484374999 0.08213891875 0.61591355625 0.0826901875 0.6021611 0.089305403125 0.597249509375 0.0826901875 0.584479371875 0.0777287765625 0.5677799609374999 0.07331863281249999 0.5599214140625 0.068357221875 0.556974459375 0.064498346875 0.53732809375 0.0573318640625 0.53732809375 0.0534729875 0.5471512765625001 0.055126792187499996 0.56286836875 0.0501653796875 0.576620825 0.047960309374999996 0.60117878125 0.0463065046875 0.6051080546875001
1 0.38919514843749997 0.558939096875 0.39525909531250003 0.596267190625 0.394156559375 0.6110019640625 0.39966923906249996 0.610019646875 0.402425578125 0.6051080546875001 0.40022050781249996 0.5805500984374999 0.402976846875 0.57563850625 0.4101433296875 0.57563850625 0.41896361562499995 0.5913555984375 0.42171995625 0.58840864375 0.42171995625 0.584479371875 0.41896361562499995 0.5805500984374999 0.4200661515625 0.57563850625 0.42778390312500003 0.5805500984374999 0.43109151093750003 0.5795677796875001 0.43384785 0.5746561890625 0.43384785 0.5687622796875 0.4454244765625 0.5550098234374999 0.448732084375 0.557956778125 0.4476295484375 0.5540275046875001 0.44487320781250006 0.5550098234374999 0.44211686875 0.5491159140625 0.4476295484375 0.546168959375 0.43880926093749995 0.52455795625 0.41786108125 0.493123771875 0.41786108125 0.4774066796875 0.4162072765625 0.47347740624999995 0.41289966875 0.47053045156250006 0.4084895265625 0.47249508906250004 0.406835721875 0.47642436093749996 0.406835721875 0.4901768171875 0.4035281140625 0.495088409375 0.40077177500000005 0.495088409375 0.39636163125 0.5039292734374999 0.39856670312500003 0.5412573671875001 0.3974641671875 0.546168959375 0.3914002203125 0.55009823125 0.38919514843749997 0.558939096875
1 0.429988975 0.6198428296875 0.44266813593750004 0.667976425 0.4349503859375 0.7033398828124999 0.436052921875 0.7210216109375 0.4432194046875 0.74459725 0.4432194046875 0.7573673875 0.43550165312500005 0.7652259328125 0.4349503859375 0.770137525 0.4393605296875 0.775049115625 0.452590959375 0.775049115625 0.45479603125 0.7711198421875001 0.45203969062500005 0.7603143421875 0.45203969062500005 0.748526521875 0.4476295484375 0.7269155203125 0.44597574375000004 0.7062868375 0.45755237031249996 0.6915520625 0.468577728125 0.699410609375 0.4966923921875 0.7583497046875001 0.5038588749999999 0.7583497046875001 0.5038588749999999 0.7544204328124999 0.49173098125000003 0.7278978390625 0.4906284453125 0.7210216109375 0.4779492828125 0.6944990171875001 0.472987871875 0.6699410609374999 0.47023153281249996 0.6640471515625 0.46802646093750006 0.6434184671875001 0.4614112453125 0.6247544203125 0.460308709375 0.610019646875 0.45038588749999997 0.596267190625 0.44266813593750004 0.57563850625 0.43109151093750003 0.576620825 0.43109151093750003 0.584479371875 0.43439911875000004 0.597249509375 0.4305402421875 0.6070726921875 0.429988975 0.6198428296875
1 0.5385887546875 0.6768172890625 0.5424476296875 0.6954813359375 0.5380374859375 0.710216109375 0.5275633953125001 0.7278978390625 0.5214994484375 0.775049115625 0.5214994484375 0.7868369359375 0.5093715546875 0.8035363453125001 0.5170893046875 0.8084479375000001 0.5259095921875 0.8084479375000001 0.5303197359375 0.8045186640624999 0.5319735390625 0.7996070734375 0.5297684671875 0.7927308453124999 0.5303197359375 0.780943025 0.5336273421875 0.7711198421875001 0.5363836828124999 0.7396856578125 0.539140021875 0.7328094296875001 0.5529217203125001 0.7288801578124999 0.5600882031250001 0.7426326125 0.562293275 0.7652259328125 0.572216096875 0.7966601171875001 0.5727673656250001 0.80746561875 0.5711135609375 0.8133595281250001 0.5755237046875 0.821218075 0.5804851156249999 0.821218075 0.58213891875 0.8172888015625001 0.581036384375 0.8045186640624999 0.5733186328125 0.763261296875 0.5694597578125 0.751473478125 0.57056229375 0.7416502953124999 0.576626240625 0.7318271125 0.57442116875 0.719056975 0.5733186328125 0.69253438125 0.57442116875 0.671905696875 0.5793825796875 0.6571709234374999 0.5777287765625 0.6404715125 0.568357221875 0.6188605109374999 0.5600882031250001 0.609037328125 0.5589856671875 0.5933202359374999 0.5567805953125 0.5893909625 0.551267915625 0.583497053125 0.5446527015625 0.584479371875 0.5424476296875 0.5893909625 0.5424476296875 0.6051080546875001 0.5457552375 0.6188605109374999 0.5385887546875 0.635559921875 0.5385887546875 0.6768172890625