2 0.7822491734375 0.6051080546875001 0.80209481875 0.5923379171875001 0.8031973546875 0.58840864375 0.795479603125 0.58840864375 0.79327453125 0.5923379171875001 0.7883131203125 0.5923379171875001 0.7761852265625 0.60117878125 0.7701212796875 0.6021611 0.7673649390625 0.6051080546875001 0.766262403125 0.6110019640625 0.762403528125 0.6051080546875001 0.75633958125 0.608055009375 0.7557883125 0.6149312375 0.7590959203125001 0.6178781921875001 0.768467475 0.610019646875 0.7822491734375 0.6051080546875001
2 0.0394465265625 0.8850687625000001 0.0507166484375 0.8850687625000001 0.05181918437500001 0.8821218078124999 0.0417861078125 0.8801571703125 0.0394465265625 0.8850687625000001
2 0.0366284453125 0.8850687625000001 0.0388092609375 0.8801571703125 0.0176405734375 0.878192534375 0.0137816984375 0.883104125 0.012679162499999999 0.8939096265625001 0.015986770312500002 0.8978389 0.025358323437500004 0.8850687625000001 0.0366284453125 0.8850687625000001
2 0.1808158765625 0.4901768171875 0.1808158765625 0.4872298625 0.1769570015625 0.4872298625 0.16979051875 0.49115913593749994 0.16482910625 0.482318271875 0.165380375 0.495088409375 0.16923925 0.49901768124999996 0.17364939375 0.49803536406250004 0.1808158765625 0.4901768171875
0 0.1312017640625 0.6748526515625 0.1273428890625 0.6768172890625 0.1267916203125 0.6817288796875001 0.13009922812500002 0.684675834375 0.13175303124999999 0.6817288796875001 0.1312017640625 0.6748526515625
1 0.42613009999999996 0.595284871875 0.42613009999999996 0.60117878125 0.4288864390625 0.6051080546875001 0.43550165312500005 0.58840864375 0.43880926093749995 0.5913555984375 0.43825799375 0.6129666015625 0.4349503859375 0.6237721015625 0.4349503859375 0.6306483296875001 0.439911796875 0.633595284375 0.4432194046875 0.6296660125 0.4432194046875 0.6149312375 0.44597574375000004 0.609037328125 0.4492833515625 0.57760314375 0.45203969062500005 0.5677799609374999 0.452590959375 0.5559921421875 0.45644983437500003 0.546168959375 0.45755237031249996 0.532416503125 0.45314222656250003 0.519646365625 0.45203969062500005 0.5088408640625001 0.44597574375000004 0.507858546875 0.44266813593750004 0.520628684375 0.43164277812499996 0.5343811390625001 0.43164277812499996 0.546168959375 0.43384785 0.5559921421875 0.43329658281250005 0.5746561890625 0.42613009999999996 0.595284871875
1 0.807607496875 0.6404715125 0.80595369375 0.65324165 0.8087100328125001 0.6571709234374999 0.81367144375 0.6571709234374999 0.8120176406249999 0.63948919375 0.8120176406249999 0.627701375 0.81367144375 0.622789784375 0.824696803125 0.6306483296875001 0.8269018750000001 0.6385068765625 0.83020948125 0.64243615 0.8318632859375 0.635559921875 0.8224917312500001 0.61591355625 0.8213891953125 0.5599214140625 0.8131201765625 0.5491159140625 0.80981256875 0.5383104125 0.80595369375 0.53732809375 0.8031973546875 0.544204321875 0.8042998890625 0.5638506875 0.8026460859375 0.5913555984375 0.8042998890625 0.62671905625 0.807607496875 0.6404715125
1 0.060088203124999996 0.87131630625 0.05181918437500001 0.877210215625 0.05181918437500001 0.8811394890625 0.0529217203125 0.88408644375 0.0589856671875 0.8850687625000001 0.06174200625 0.89685658125 0.062293275 0.9273084484374999 0.060088203124999996 0.943025540625 0.056229328125 0.953831040625 0.056229328125 0.9587426328124999 0.0611907390625 0.969548134375 0.0589856671875 0.9715127703125 0.0606394703125 0.97544204375 0.0606394703125 0.9715127703125 0.063947078125 0.9656188609375 0.06560088124999999 0.94990176875 0.072216096875 0.94793713125 0.07442116875 0.9440078578125 0.0815876515625 0.943025540625 0.0854465265625 0.9361493125000001 0.0854465265625 0.923379175 0.0882028671875 0.9184675828125 0.0876515984375 0.8811394890625 0.0815876515625 0.84675835 0.0738699 0.83300589375 0.072216096875 0.8133595281250001 0.0689084890625 0.8094302546875 0.06174200625 0.8104125734375 0.0573318640625 0.8182711203125 0.056229328125 0.8251473484374999 0.0567805953125 0.8339882125000001 0.06174200625 0.8428290765625001 0.0611907390625 0.8624754421875 0.060088203124999996 0.87131630625
1 0.6521499453125 0.51178781875 0.6504961406249999 0.5 0.6433296578125 0.492141453125 0.64002205 0.492141453125 0.64002205 0.49803536406250004 0.6444321937499999 0.50098231875 0.6493936046875 0.5127701375 0.6521499453125 0.51178781875
1 0.6212789421875 0.5157170921875001 0.630099228125 0.5166994109374999 0.6317530312499999 0.5029469546875001 0.6356119078125 0.492141453125 0.638368246875 0.49115913593749994 0.6372657109375 0.47053045156250006 0.6334068359375 0.44891945 0.625689084375 0.42534381093749996 0.621830209375 0.423379175 0.6196251375 0.4312377203125 0.6212789421875 0.4518664046875 0.617420065625 0.47642436093749996 0.6240352812500001 0.5039292734374999 0.6212789421875 0.5157170921875001
1 0.5253583234375 0.7956778 0.5242557890625 0.8045186640624999 0.5253583234375 0.80746561875 0.5297684671875 0.8045186640624999 0.5463065046875 0.78192534375 0.5501653796875 0.78192534375 0.551819184375 0.788801571875 0.5523704515625 0.8163064828125 0.5606394703124999 0.8172888015625001 0.563947078125 0.8133595281250001 0.564498346875 0.800589390625 0.559536934375 0.7927308453124999 0.5567805953125 0.770137525 0.5567805953125 0.7465618859375 0.5606394703124999 0.724950884375 0.56615215 0.7151277015625 0.5694597578125 0.7131630640625 0.5711135609375 0.7013752453125 0.5694597578125 0.6915520625 0.5600882031250001 0.6777996078124999 0.5600882031250001 0.6640471515625 0.55788313125 0.6561886046875001 0.551819184375 0.6552062875 0.5474090406250001 0.660117878125 0.5485115765625 0.6748526515625 0.5385887546875 0.6905697453124999 0.5363836828124999 0.7023575640625 0.5413450937500001 0.7288801578124999 0.5424476296875 0.763261296875 0.539140021875 0.7730844796875 0.5253583234375 0.7956778
1 0.10915104687499999 0.99901768125 0.113561190625 0.9852652265625 0.11852260156250001 0.9774066796875 0.11852260156250001 0.9666011781250001 0.12568908437499998 0.9518664046875 0.12568908437499998 0.93713163125 0.11962513749999999 0.92436149375 0.12017640624999999 0.9066797640625 0.1168687984375 0.9017681734374999 0.1119073875 0.9017681734374999 0.10859977968750001 0.9066797640625 0.10529217187499999 0.9184675828125 0.09095920625000001 0.92436149375 0.0865490625 0.9332023578124999 0.08324145468750001 0.9577603140625 0.08213891875 0.98624754375 0.0826901875 0.994106090625 0.0854465265625 0.99901768125 0.10915104687499999 0.99901768125
1 0.16923925 0.533398821875 0.16758544687500002 0.558939096875 0.1686879828125 0.5618860515625 0.173098125 0.558939096875 0.1747519296875 0.55108055 0.1830209484375 0.55108055 0.1852260203125 0.5471512765625001 0.1857772875 0.5225933203124999 0.1907386984375 0.49115913593749994 0.18963616249999998 0.479371315625 0.1824696796875 0.453831040625 0.1780595375 0.453831040625 0.1742006609375 0.4646365421875 0.1659316421875 0.47544204375000004 0.16482910625 0.49115913593749994 0.16979051875 0.5 0.171995590625 0.5108055015625 0.16923925 0.533398821875