1 0.5259095921875 0.6444007859374999 0.5259095921875 0.6512770140625 0.5226019843749999 0.660117878125 0.5253583234375 0.6640471515625 0.5303197359375 0.6640471515625 0.5347298781250001 0.660117878125 0.5347298781250001 0.635559921875 0.5303197359375 0.621807465625 0.5303197359375 0.61591355625 0.5358324140625 0.6001964640625 0.5363836828124999 0.58840864375 0.5292171999999999 0.56286836875 0.523153253125 0.557956778125 0.5170893046875 0.5432220046875 0.5126791625 0.544204321875 0.5115766265625 0.5550098234374999 0.52094818125 0.5933202359374999 0.5203969125000001 0.6257367390625 0.5259095921875 0.6444007859374999
1 0.8770672546875 0.6748526515625 0.869349503125 0.6836935171875 0.869349503125 0.6886051078125 0.8803748625000001 0.6827111984374999 0.882579934375 0.685658153125 0.882579934375 0.697445971875 0.8710033078125001 0.7200392921875001 0.86824696875 0.74459725 0.8638368249999999 0.7534381140625 0.8566703421874999 0.7593320234375 0.8566703421874999 0.762278978125 0.8594266812500001 0.7662082515625 0.871554575 0.7662082515625 0.874310915625 0.7416502953124999 0.8770672546875 0.736738703125 0.8781697906250001 0.7288801578124999 0.8814773984375 0.7278978390625 0.885887540625 0.7455795671875001 0.8875413453125001 0.761296659375 0.885887540625 0.7730844796875 0.8814773984375 0.7799607078124999 0.8847850062499999 0.7838899796875001 0.894707828125 0.7838899796875001 0.8963616312499999 0.7789783890625 0.8952590953125 0.750491159375 0.8914002203125 0.7328094296875001 0.8941565593749999 0.7288801578124999 0.8991179718750001 0.6954813359375 0.8958103640624999 0.66699410625 0.8952590953125 0.63948919375 0.8925027562500001 0.6385068765625 0.885887540625 0.6237721015625 0.8814773984375 0.620825146875 0.8781697906250001 0.622789784375 0.8781697906250001 0.633595284375 0.8820286656249999 0.64243615 0.8814773984375 0.6640471515625 0.8770672546875 0.6748526515625
1 0.0981256890625 0.6817288796875001 0.1163175296875 0.6807465625 0.12127894218749999 0.671905696875 0.122381478125 0.6561886046875001 0.117420065625 0.647347740625 0.1168687984375 0.64243615 0.11466372656249998 0.609037328125 0.1168687984375 0.58840864375 0.11521499375 0.582514734375 0.1130099234375 0.5795677796875001 0.1047409046875 0.5815324171875 0.1025358328125 0.6001964640625 0.09536934999999999 0.622789784375 0.09426681406250001 0.659135559375 0.09040793750000001 0.6699410609374999 0.0898566703125 0.6777996078124999 0.0981256890625 0.6817288796875001
1 0.2431091515625 0.7278978390625 0.23759647187500002 0.7396856578125 0.23869900781250003 0.74459725 0.24200661562499998 0.74459725 0.24751929375 0.7524557953125 0.2513781703125 0.7524557953125 0.2530319734375 0.7426326125 0.2596471890625 0.7328094296875001 0.268467475 0.711198428125 0.27232635 0.6954813359375 0.2739801546875 0.673870334375 0.278941565625 0.6650294703124999 0.2866593171875 0.6699410609374999 0.29382579999999997 0.685658153125 0.29713340625 0.685658153125 0.29603087031249997 0.6777996078124999 0.2811466375 0.65324165 0.2761852265625 0.6404715125 0.2734288859375 0.6385068765625 0.27232635 0.6316306484374999 0.266262403125 0.6237721015625 0.26185226093749997 0.627701375 0.26019845625000004 0.63948919375 0.2508269015625 0.65225933125 0.2466923921875 0.6650294703124999 0.2431091515625 0.6650294703124999 0.2535832421875 0.6699410609374999 0.2464167578125 0.7141453828125 0.2442116875 0.71807465625 0.2431091515625 0.7278978390625
1 0.1780595375 0.672888015625 0.1824696796875 0.6777996078124999 0.18798235937500002 0.6640471515625 0.192392503125 0.6640471515625 0.1951488421875 0.660117878125 0.191841234375 0.648330059375 0.1907386984375 0.627701375 0.191841234375 0.622789784375 0.1957001109375 0.620825146875 0.1968026453125 0.61394891875 0.19404630625 0.582514734375 0.19404630625 0.5726915515625 0.19790518125 0.56286836875 0.196251378125 0.5550098234374999 0.191841234375 0.55108055 0.1874310921875 0.5559921421875 0.1868798234375 0.5618860515625 0.17861080468749999 0.576620825 0.1725468578125 0.60314341875 0.17364939375 0.622789784375 0.18136714375000001 0.63948919375 0.17750826875 0.667976425 0.1780595375 0.672888015625
1 0.8991179718750001 0.7406679765625 0.894707828125 0.725933203125 0.8925027562500001 0.7278978390625 0.8925027562500001 0.7396856578125 0.8974641671875 0.750491159375 0.8991179718750001 0.748526521875 0.8991179718750001 0.7406679765625
1 0.8996692390625001 0.6964636546875 0.9079382578124999 0.7092337921875 0.9128996687500001 0.7269155203125 0.90904079375 0.73084479375 0.9084895265625 0.735756384375 0.9134509375000001 0.7396856578125 0.9211686875 0.737721021875 0.9217199562499999 0.7288801578124999 0.9184123484375 0.722986246875 0.9128996687500001 0.699410609375 0.9079382578124999 0.6905697453124999 0.9040793828125 0.65225933125 0.9002205078125 0.64145383125 0.8980154359375 0.62671905625 0.8914002203125 0.6129666015625 0.886438809375 0.5933202359374999 0.8792723265625 0.5923379171875001 0.8776185218749999 0.596267190625 0.8770672546875 0.6051080546875001 0.8787210578125 0.6129666015625 0.8952590953125 0.6404715125 0.8996692390625001 0.6964636546875
1 0.4862183015625 0.6188605109374999 0.481256890625 0.63948919375 0.481808159375 0.6434184671875001 0.48566703437500003 0.646365421875 0.4867695703125 0.6827111984374999 0.47960308749999997 0.6954813359375 0.48291069531249997 0.699410609375 0.49173098125000003 0.697445971875 0.496141125 0.7033398828124999 0.496141125 0.710216109375 0.5011025359375 0.710216109375 0.506615215625 0.7043222 0.50441014375 0.697445971875 0.5038588749999999 0.673870334375 0.5011025359375 0.6640471515625 0.5038588749999999 0.6404715125 0.5033076078125001 0.6257367390625 0.4944873203125 0.5933202359374999 0.48787210625000005 0.5854616890625 0.48566703437500003 0.576620825 0.48070562343749995 0.576620825 0.47905181875 0.5795677796875001 0.47905181875 0.58840864375 0.4823594265625 0.5943025546875 0.4862183015625 0.6188605109374999
1 0.5038588749999999 0.9931237718749999 0.50441014375 0.99901768125 0.5198456453125 0.99901768125 0.5203969125000001 0.9960707265625001 0.5226019843749999 0.99901768125 0.5297684671875 0.99901768125 0.535281146875 0.9616895875000001 0.5358324140625 0.9106090375000001 0.5297684671875 0.8850687625000001 0.5259095921875 0.8821218078124999 0.5242557890625 0.8644400781250001 0.52094818125 0.8595284875000001 0.5137816984375 0.8595284875000001 0.51212789375 0.8634577609375 0.5126791625 0.8821218078124999 0.506615215625 0.9017681734374999 0.5077177515625 0.9390962671875001 0.50441014375 0.9518664046875 0.5110253578124999 0.953831040625 0.5126791625 0.9577603140625 0.5077177515625 0.9852652265625 0.5038588749999999 0.9931237718749999
2 0.3078125 0.7015625 0.3171875 0.70625 0.321875 0.7046875 0.325 0.709375 0.3234375 0.721875 0.3203125 0.7234375 0.3078125 0.70625 0.3078125 0.703125
2 0.5234375 0.596875 0.525 0.6046875 0.5234375 0.6515625 0.521875 0.653125 0.5203125 0.6484375 0.521875 0.5984375
2 0.240625 0.6640625 0.24375 0.6625 0.25 0.6640625 0.234375 0.6796875 0.228125 0.68125 0.228125 0.678125 0.240625 0.665625
2 0.478125 0.6484375 0.4734375 0.6578125 0.4640625 0.66875 0.4578125 0.66875 0.4546875 0.6640625 0.4546875 0.6546875 0.465625 0.65625 0.4765625 0.6484375
2 0.3078125 0.703125 0.3171875 0.7078125 0.321875 0.70625 0.3234375 0.7078125 0.321875 0.7234375 0.3109375 0.7109375 0.309375 0.7046875
2 0.8375 0.6890625 0.840625 0.6890625 0.8453125 0.7015625 0.84375 0.7078125 0.8390625 0.7046875 0.8375 0.690625