2 0.2353914 0.9106090375000001 0.2342888640625 0.9184675828125 0.2326350609375 0.9528487234374999 0.23759647187500002 0.9469548140624999 0.23759647187500002 0.9076620828124999 0.2353914 0.9106090375000001
2 0.2326350609375 0.99901768125 0.2348401328125 0.99901768125 0.23759647187500002 0.9911591359375 0.23759647187500002 0.953831040625 0.2364939359375 0.9597249515625 0.2326350609375 0.9616895875000001 0.2342888640625 0.9823182718749999 0.2326350609375 0.99901768125
2 0.5920617421875 0.455795678125 0.592613009375 0.44990176875000004 0.5904079375 0.44793713124999995 0.592613009375 0.4440078578125 0.5915104734375001 0.44007858593750004 0.5793825796875 0.481335953125 0.5777287765625 0.495088409375 0.5826901875 0.495088409375 0.5832414546875 0.482318271875 0.5920617421875 0.455795678125
0 0.1168687984375 0.712180746875 0.11466372656249998 0.7200392921875001 0.12072767343749999 0.7210216109375 0.12072767343749999 0.7131630640625 0.1168687984375 0.712180746875
1 0.20672546875000003 0.93516699375 0.204520396875 0.9253438109375001 0.19845645 0.923379175 0.191841234375 0.9273084484374999 0.1874310921875 0.94891945 0.1780595375 0.9616895875000001 0.17750826875 0.9675834968749999 0.1780595375 0.99901768125 0.2039691296875 0.99901768125 0.20286659375 0.94990176875 0.20672546875000003 0.93516699375
1 0.0402425578125 0.647347740625 0.0507166484375 0.6385068765625 0.0529217203125 0.6316306484374999 0.0529217203125 0.6237721015625 0.0490628453125 0.6119842828125 0.0507166484375 0.6021611 0.0501653796875 0.584479371875 0.0468577734375 0.5638506875 0.0441014328125 0.5618860515625 0.0385887546875 0.546168959375 0.029768467187499998 0.5481335953124999 0.0275633953125 0.5658153234375 0.022601984375000002 0.576620825 0.0214994484375 0.5854616890625 0.0214994484375 0.6385068765625 0.027012128125 0.646365421875 0.034729878125 0.648330059375 0.0402425578125 0.647347740625
1 0.729327453125 0.7328094296875001 0.7287761859375 0.76915520625 0.7386990078125 0.7711198421875001 0.741455346875 0.76915520625 0.741455346875 0.7652259328125 0.7381477390625 0.7593320234375 0.7386990078125 0.7416502953124999 0.74751929375 0.729862475 0.7491730984375 0.723968565625 0.7491730984375 0.699410609375 0.75633958125 0.6817288796875001 0.75633958125 0.6571709234374999 0.7480705624999999 0.64145383125 0.74751929375 0.6237721015625 0.741455346875 0.622789784375 0.7392502750000001 0.62671905625 0.7386990078125 0.63948919375 0.73098125625 0.6493123765625 0.7276736500000001 0.661100196875 0.7276736500000001 0.672888015625 0.7304299890625 0.6827111984374999 0.731532525 0.712180746875 0.729327453125 0.7328094296875001
1 0.9900771781250001 0.6817288796875001 0.9928335171875 0.6886051078125 0.9994487328125 0.6905697453124999 0.9994487328125 0.6748526515625 0.996141125 0.6748526515625 0.9966923921875 0.66699410625 0.9994487328125 0.6696139484375 0.9994487328125 0.627701375 0.9972436609375 0.6306483296875001 0.9966923921875 0.6620825140625 0.9944873203125001 0.6777996078124999 0.9906284453125 0.6777996078124999 0.9900771781250001 0.6817288796875001
1 0.9966923921875 0.5943025546875 0.9966923921875 0.6041257375 0.9994487328125 0.6060903734374999 0.9994487328125 0.5923379171875001 0.9966923921875 0.5943025546875
1 0.0859977953125 0.99901768125 0.08710033125 0.980353634375 0.09426681406250001 0.9557956781250001 0.0964718859375 0.9400785859375 0.0964718859375 0.9135559921875 0.0997794921875 0.9056974453125 0.099228225 0.8948919453125 0.09536934999999999 0.88605108125 0.0964718859375 0.8654223968749999 0.09481808124999999 0.86051080625 0.0865490625 0.85854616875 0.08213891875 0.8614931234375 0.0788313125 0.8762278984374999 0.07056229375 0.8899803531250001 0.0667034171875 0.902750490625 0.06174200625 0.9332023578124999 0.062293275 0.97347740625 0.0606394703125 0.995088409375 0.062293275 0.99901768125 0.0859977953125 0.99901768125
1 0.0777287765625 0.8565815328124999 0.0815876515625 0.8654223968749999 0.081036384375 0.8683693515625001 0.08710033125 0.8595284875000001 0.09151047343749999 0.86051080625 0.09426681406250001 0.8654223968749999 0.09426681406250001 0.8762278984374999 0.09206174218749999 0.8821218078124999 0.0981256890625 0.8948919453125 0.099228225 0.902750490625 0.09536934999999999 0.9145383109375 0.0959206171875 0.94793713125 0.0964718859375 0.9518664046875 0.1025358328125 0.9567779953125 0.105843440625 0.9449901765625001 0.1041896359375 0.9390962671875001 0.10308710000000001 0.9106090375000001 0.0997794921875 0.8998035359375001 0.101433296875 0.8595284875000001 0.099228225 0.84774066875 0.0876515984375 0.83300589375 0.08710033125 0.8222003921875001 0.0815876515625 0.8133595281250001 0.0777287765625 0.8133595281250001 0.07056229375 0.821218075 0.07056229375 0.832023575 0.072767365625 0.8369351671875 0.07056229375 0.8428290765625001 0.062293275 0.8438113953125 0.06174200625 0.851669940625 0.0694597578125 0.8555992140625 0.0738699 0.8624754421875 0.0777287765625 0.8565815328124999
1 0.783351709375 0.610019646875 0.7861080484375 0.609037328125 0.7866593171875 0.6051080546875001 0.783351709375 0.595284871875 0.783351709375 0.584479371875 0.7850055125 0.5815324171875 0.7899669234375 0.584479371875 0.7960308703125001 0.597249509375 0.7993384781249999 0.596267190625 0.799889746875 0.5913555984375 0.7987872109375 0.5854616890625 0.7921719953124999 0.5785854609375 0.7877618515625 0.5677799609374999 0.7899669234375 0.52455795625 0.7822491734375 0.5098231828124999 0.7811466375 0.5019646359375 0.7739801546875 0.5019646359375 0.7734288859375 0.571709234375 0.7778390296875 0.5923379171875001 0.7778390296875 0.608055009375 0.783351709375 0.610019646875
1 0.081036384375 0.6915520625 0.0788313125 0.7072691546875001 0.07828004375 0.7347740671875 0.081036384375 0.7475442046875 0.08324145468750001 0.748526521875 0.084895259375 0.7465618859375 0.09426681406250001 0.6709233796875 0.100882028125 0.64243615 0.097023153125 0.6051080546875001 0.09536934999999999 0.6021611 0.09151047343749999 0.6021611 0.0854465265625 0.616895875 0.07828004375 0.622789784375 0.0749724359375 0.6296660125 0.07442116875 0.63948919375 0.076626240625 0.6512770140625 0.0777287765625 0.6777996078124999 0.081036384375 0.6915520625
1 0.5336273421875 0.6493123765625 0.5380374859375 0.6650294703124999 0.535281146875 0.6895874265625 0.539140021875 0.6935167 0.5446527015625 0.6935167 0.5474090406250001 0.6886051078125 0.5441014328125 0.6807465625 0.5441014328125 0.673870334375 0.551819184375 0.659135559375 0.5545755234375 0.63948919375 0.5545755234375 0.6188605109374999 0.5606394703124999 0.6021611 0.5606394703124999 0.5893909625 0.55788313125 0.5815324171875 0.5562293281249999 0.5667976421875001 0.5529217203125001 0.5638506875 0.5490628453124999 0.5677799609374999 0.5457552375 0.583497053125 0.535281146875 0.5923379171875001 0.5336273421875 0.5982318265625 0.5347298781250001 0.6316306484374999 0.527012128125 0.6375245578125 0.52480705625 0.647347740625 0.5336273421875 0.6493123765625
1 0.1764057328125 0.9587426328124999 0.173098125 0.94891945 0.1747519296875 0.9390962671875001 0.1742006609375 0.92436149375 0.171995590625 0.9204322203125 0.1681367140625 0.9204322203125 0.16207276718750002 0.9253438109375001 0.15766262343749998 0.943025540625 0.1477398015625 0.94990176875 0.1433296578125 0.9616895875000001 0.1438809265625 0.99901768125 0.17364939375 0.99901768125 0.17750826875 0.9705304515625001 0.1764057328125 0.9587426328124999
1 0.2822491734375 0.99901768125 0.28059536875 0.9783889984374999 0.2761852265625 0.9636542234375 0.2772877625 0.94793713125 0.2756339578125 0.9410609031250001 0.26901874375 0.93713163125 0.26405733124999997 0.9400785859375 0.2596471890625 0.9597249515625 0.25248070624999996 0.9666011781250001 0.250275634375 0.9833005890625 0.24751929375 0.9901768171875001 0.24751929375 0.99901768125 0.2822491734375 0.99901768125
1 0.5837927234375 0.5039292734374999 0.5898566703125 0.5039292734374999 0.5964718859375 0.49803536406250004 0.600882028125 0.5 0.6025358328125 0.507858546875 0.6074972437499999 0.507858546875 0.6085997796875 0.49607072656250006 0.6025358328125 0.47838899843749993 0.6025358328125 0.45972495156250004 0.606945975 0.443025540625 0.606945975 0.4312377203125 0.601433296875 0.4076620828125 0.5986769562500001 0.40667976406250006 0.59481808125 0.415520628125 0.59095920625 0.453831040625 0.5837927234375 0.474459725 0.5859977953125 0.4901768171875 0.5837927234375 0.5039292734374999
1 0.1378169796875 0.99901768125 0.14002205 0.9833005890625 0.14002205 0.96070726875 0.1378169796875 0.9528487234374999 0.1289966921875 0.9459724953125 0.1289966921875 0.92436149375 0.1267916203125 0.9194499015625001 0.1168687984375 0.9194499015625001 0.11135611875 0.9440078578125 0.10529217187499999 0.953831040625 0.1047409046875 0.9616895875000001 0.10749724375 0.9724950890624999 0.10970231562499999 0.99901768125 0.1378169796875 0.99901768125
1 0.23042998906249998 0.595284871875 0.233737596875 0.6021611 0.2348401328125 0.61394891875 0.23814773906250003 0.6149312375 0.23980154374999998 0.609037328125 0.2353914 0.57563850625 0.23759647187500002 0.570726915625 0.2403528109375 0.544204321875 0.24586549062500002 0.52652259375 0.2431091515625 0.517681728125 0.2342888640625 0.506876228125 0.233186328125 0.495088409375 0.23098125625 0.494106090625 0.22601984531250002 0.49607072656250006 0.225468578125 0.507858546875 0.2205071671875 0.5166994109374999 0.2199558984375 0.532416503125 0.22160970156249998 0.546168959375 0.2243660421875 0.5530451859375 0.23042998906249998 0.595284871875