2 0.39856670312500003 0.89685658125 0.393054025 0.8929273078125 0.369900771875 0.9066797640625 0.365490628125 0.9106090375000001 0.365490628125 0.9135559921875 0.378169790625 0.9106090375000001 0.39856670312500003 0.89685658125
2 0.22657111406250002 0.60117878125 0.22601984531250002 0.597249509375 0.20782800468749998 0.58840864375 0.20562293281250002 0.5913555984375 0.208930540625 0.596267190625 0.21719955937500002 0.60117878125 0.22657111406250002 0.60117878125
2 0.448732084375 0.5166994109374999 0.448732084375 0.51178781875 0.43109151093750003 0.48526522656250004 0.429988975 0.4901768171875 0.4327453140625 0.49607072656250006 0.44487320781250006 0.5157170921875001 0.448732084375 0.5166994109374999
0 0.47739801562500006 0.5363457765625 0.476846746875 0.5422396859374999 0.481808159375 0.5412573671875001 0.48070562343749995 0.5363457765625 0.47739801562500006 0.5363457765625
1 0.94211686875 0.47053045156250006 0.9404630656249999 0.48330058906250006 0.94211686875 0.49115913593749994 0.9371554578125 0.5216110015625001 0.9404630656249999 0.5550098234374999 0.9349503859375 0.5667976421875001 0.9349503859375 0.571709234375 0.9399117968749999 0.57563850625 0.9476295484374999 0.570726915625 0.9558985671875 0.5805500984374999 0.960859978125 0.5726915515625 0.9592061734374999 0.5363457765625 0.9614112453124999 0.49115913593749994 0.960859978125 0.453831040625 0.9531422265625 0.43516699374999995 0.9503858875000001 0.4184675828125 0.94211686875 0.41453831093750004 0.9388092609375001 0.41944990156250006 0.9388092609375001 0.4361493125 0.94211686875 0.443025540625 0.9404630656249999 0.455795678125 0.94211686875 0.47053045156250006
1 0.3853362734375 0.5432220046875 0.394156559375 0.5402750484375 0.394707828125 0.55009823125 0.390848953125 0.5559921421875 0.38974641718749997 0.56286836875 0.3969129 0.570726915625 0.39966923906249996 0.5667976421875001 0.40132304375 0.55206286875 0.4101433296875 0.5412573671875001 0.4101433296875 0.525540275 0.4140022046875 0.5166994109374999 0.41786108125 0.517681728125 0.42502756406250003 0.546168959375 0.43109151093750003 0.55108055 0.42613009999999996 0.532416503125 0.4244762953125 0.4901768171875 0.427232634375 0.479371315625 0.4228224921875 0.4616895875 0.4173098125 0.4587426328125 0.41179713281249997 0.469548134375 0.3969129 0.482318271875 0.38919514843749997 0.50098231875 0.3869900765625 0.5157170921875001 0.382579934375 0.52455795625 0.382579934375 0.5284872296875001 0.378169790625 0.53732809375 0.374310915625 0.5383104125 0.36383682500000003 0.557956778125 0.3687982359375 0.56286836875 0.3663175296875 0.5672888015625001 0.35942668125 0.5658153234375 0.35722160937499997 0.569744596875 0.35722160937499997 0.576620825 0.35997795 0.5795677796875001 0.378169790625 0.55009823125 0.3853362734375 0.5432220046875
1 0.8958103640624999 0.7082514734375 0.8980154359375 0.7151277015625 0.90463065 0.719056975 0.9162072765625 0.710216109375 0.9162072765625 0.7043222 0.9095920625 0.6886051078125 0.9068357218750001 0.667976425 0.9079382578124999 0.6640471515625 0.911245865625 0.6640471515625 0.9206174203125 0.6650294703124999 0.9244762953125001 0.6699410609374999 0.9261301 0.6777996078124999 0.9305402421875 0.685658153125 0.9503858875000001 0.7072691546875001 0.9553472984375 0.7161100203124999 0.9536934953125 0.7269155203125 0.960308709375 0.729862475 0.9680264609375 0.7200392921875001 0.9636163171875 0.7082514734375 0.9437706718750001 0.684675834375 0.9393605296875001 0.6748526515625 0.93439911875 0.6434184671875001 0.93439911875 0.6316306484374999 0.9305402421875 0.620825146875 0.9283351703125 0.597249509375 0.9222712234375001 0.5795677796875001 0.9167585453125 0.5736738703125 0.915656009375 0.558939096875 0.911245865625 0.55009823125 0.90518191875 0.55009823125 0.9029768468749999 0.5550098234374999 0.9029768468749999 0.60117878125 0.9040793828125 0.6110019640625 0.9079382578124999 0.621807465625 0.9084895265625 0.6404715125 0.9068357218750001 0.6453831046875 0.90132304375 0.6493123765625 0.8963616312499999 0.661100196875 0.8969129 0.6699410609374999 0.9035281140625001 0.6915520625 0.902425578125 0.7013752453125 0.8958103640624999 0.7082514734375
1 0.960308709375 0.667976425 0.956449834375 0.6709233796875 0.9547960312500001 0.6915520625 0.956449834375 0.697445971875 0.9619625140625001 0.7033398828124999 0.9867695703124999 0.7062868375 0.9911797140624999 0.6905697453124999 0.9911797140624999 0.6699410609374999 0.996141125 0.6571709234374999 0.9939360531249999 0.63948919375 0.985667034375 0.610019646875 0.973539140625 0.5943025546875 0.9729878718749999 0.5854616890625 0.9702315328125 0.5795677796875001 0.9619625140625001 0.57563850625 0.9570011031250001 0.582514734375 0.9575523703125001 0.5923379171875001 0.9614112453124999 0.6051080546875001 0.9592061734374999 0.627701375 0.960308709375 0.667976425
1 0.1477398015625 0.6404715125 0.14002205 0.646365421875 0.1416758546875 0.661100196875 0.14002205 0.6768172890625 0.1433296578125 0.6807465625 0.155457553125 0.6768172890625 0.155457553125 0.6699410609374999 0.1527012125 0.6689587421875001 0.15159867656249998 0.6650294703124999 0.15214994531249998 0.6512770140625 0.1565600875 0.6444007859374999 0.1686879828125 0.635559921875 0.1725468578125 0.6257367390625 0.171995590625 0.610019646875 0.1664829109375 0.59037328125 0.165380375 0.57760314375 0.16703417812500002 0.5746561890625 0.17750826875 0.576620825 0.1780595375 0.571709234375 0.1708930546875 0.5667976421875001 0.1681367140625 0.558939096875 0.1681367140625 0.52652259375 0.1703417859375 0.51375245625 0.16758544687500002 0.504911590625 0.1604189640625 0.504911590625 0.15711135625 0.5108055015625 0.15600882031250002 0.5284872296875001 0.150496140625 0.5383104125 0.1477398015625 0.55108055 0.1460859984375 0.58840864375 0.150496140625 0.616895875 0.150496140625 0.6316306484374999 0.1477398015625 0.6404715125
1 0.7568908484375 0.545186640625 0.7535832421875 0.5726915515625 0.75633958125 0.5805500984374999 0.75633958125 0.58840864375 0.7519294375000001 0.6021611 0.75633958125 0.64243615 0.7557883125 0.6512770140625 0.7535832421875 0.6561886046875001 0.7546857765625 0.661100196875 0.7613009921875 0.660117878125 0.7646086000000001 0.65324165 0.7778390296875 0.6493123765625 0.7855567812500001 0.6512770140625 0.7883131203125 0.646365421875 0.7861080484375 0.610019646875 0.7822491734375 0.5923379171875001 0.7839029765625 0.55009823125 0.78059536875 0.5216110015625001 0.7772877625 0.5108055015625 0.7695700109375 0.5019646359375 0.7668136718749999 0.48919449843749996 0.7607497249999999 0.48624754374999996 0.75633958125 0.4901768171875 0.75633958125 0.505893909375 0.757993384375 0.51178781875 0.75633958125 0.52455795625 0.7568908484375 0.545186640625
1 0.6642778390624999 0.627701375 0.6560088203125 0.671905696875 0.6488423375 0.6748526515625 0.6477398015625 0.6817288796875001 0.6560088203125 0.6905697453124999 0.6620727671875 0.6895874265625 0.6681367140625001 0.6571709234374999 0.671995590625 0.65225933125 0.6725468578125 0.63948919375 0.6852260203125 0.627701375 0.6951488421875001 0.6434184671875001 0.7072767359375 0.6895874265625 0.712789415625 0.6905697453124999 0.712789415625 0.6768172890625 0.7094818078125 0.667976425 0.7083792718749999 0.6571709234374999 0.6995589859375 0.635559921875 0.69790518125 0.61394891875 0.6995589859375 0.5677799609374999 0.691841234375 0.55206286875 0.691841234375 0.5343811390625001 0.6896361625 0.530451865625 0.6824696796875 0.533398821875 0.6808158765625001 0.5383104125 0.68136714375 0.546168959375 0.6769570015624999 0.5550098234374999 0.6742006609375 0.5559921421875 0.6708930546875 0.5658153234375 0.6708930546875 0.584479371875 0.673098125 0.5893909625 0.67364939375 0.609037328125 0.6642778390624999 0.627701375
1 0.4123484015625 0.469548134375 0.42061742031250005 0.455795678125 0.42392502812500005 0.428290765625 0.42171995625 0.423379175 0.4162072765625 0.423379175 0.41124586562500004 0.4332023578125 0.3969129 0.44891945 0.3919514890625 0.4587426328125 0.3914002203125 0.48526522656250004 0.394707828125 0.4872298625 0.40463065 0.474459725 0.4123484015625 0.469548134375
1 0.8224917312500001 0.65225933125 0.8257993390625 0.6689587421875001 0.8274531421875 0.6689587421875001 0.8307607499999999 0.6777996078124999 0.8296582140625001 0.685658153125 0.8224917312500001 0.699410609375 0.820286659375 0.711198428125 0.8208379265625 0.7269155203125 0.8252480703125 0.7426326125 0.8263506062499999 0.7544204328124999 0.8252480703125 0.7593320234375 0.81863285625 0.7671905703124999 0.81863285625 0.7711198421875001 0.8241455343749999 0.775049115625 0.8335170890624999 0.775049115625 0.8384785000000001 0.76915520625 0.832965821875 0.7328094296875001 0.832965821875 0.7170923375 0.834619625 0.711198428125 0.8428886437499999 0.7043222 0.8461962515625 0.7062868375 0.8517089312499999 0.7210216109375 0.8517089312499999 0.7406679765625 0.8555678062500001 0.74459725 0.8594266812500001 0.74459725 0.8632855562499999 0.7406679765625 0.8638368249999999 0.736738703125 0.8511576625 0.697445971875 0.8544652703125 0.671905696875 0.8517089312499999 0.661100196875 0.8506063953125 0.635559921875 0.8450937156249999 0.620825146875 0.8340683578125001 0.608055009375 0.83020948125 0.5874263265625 0.8241455343749999 0.584479371875 0.820286659375 0.58840864375 0.8213891953125 0.6051080546875001 0.8241455343749999 0.6110019640625 0.8219404625 0.6306483296875001 0.8224917312500001 0.65225933125
1 0.5088202859375001 0.7465618859375 0.5115766265625 0.7544204328124999 0.514332965625 0.7779960703125 0.5214994484375 0.7996070734375 0.518191840625 0.8113948921875 0.5165380374999999 0.840864440625 0.5176405734375 0.8497053046874999 0.5220507171875 0.8555992140625 0.5253583234375 0.8546168953125 0.5259095921875 0.8349705296875 0.5292171999999999 0.8182711203125 0.530871003125 0.8241650296874999 0.5485115765625 0.8428290765625001 0.5551267921874999 0.8624754421875 0.5606394703124999 0.8634577609375 0.5600882031250001 0.8555992140625 0.551819184375 0.8388998031250001 0.5501653796875 0.8290766203125 0.542998896875 0.8133595281250001 0.5363836828124999 0.788801571875 0.5380374859375 0.761296659375 0.531422271875 0.7318271125 0.531422271875 0.723968565625 0.5336273421875 0.7210216109375 0.5501653796875 0.723968565625 0.5501653796875 0.7161100203124999 0.531422271875 0.698428290625 0.523153253125 0.6944990171875001 0.52094818125 0.6895874265625 0.5203969125000001 0.678781925 0.5154355015625 0.6699410609374999 0.50826901875 0.678781925 0.50826901875 0.6935167 0.5005512671875 0.7082514734375 0.4994487328125 0.7151277015625 0.4994487328125 0.736738703125 0.5005512671875 0.7406679765625 0.506063946875 0.7416502953124999 0.5088202859375001 0.7465618859375
1 0.3969129 0.8300589390625 0.39581036406250003 0.8359528484375 0.39966923906249996 0.87131630625 0.39966923906249996 0.8821218078124999 0.39581036406250003 0.891944990625 0.39581036406250003 0.89685658125 0.39911797187500003 0.89685658125 0.40738699062499995 0.8889980359375 0.4084895265625 0.89685658125 0.40407938281250005 0.9086444015625 0.402976846875 0.9449901765625001 0.39966923906249996 0.954813359375 0.39911797187500003 0.99901768125 0.40738699062499995 0.99901768125 0.40904079375 0.9508840859375001 0.42116868749999997 0.9253438109375001 0.42557883125 0.928290765625 0.4266813671875 0.943025540625 0.429988975 0.9567779953125 0.4432194046875 0.9901768171875001 0.44597574375000004 0.995088409375 0.45203969062500005 0.995088409375 0.4509371546875 0.979371315625 0.4476295484375 0.9666011781250001 0.44266813593750004 0.94891945 0.43550165312500005 0.93516699375 0.43550165312500005 0.8693516703125 0.43825799375 0.8546168953125 0.4349503859375 0.840864440625 0.4349503859375 0.8300589390625 0.429988975 0.821218075 0.41786108125 0.8133595281250001 0.41455347343750004 0.8084479375000001 0.41455347343750004 0.7917485265625 0.41289966875 0.7848722984375 0.40463065 0.7838899796875001 0.40077177500000005 0.7917485265625 0.40077177500000005 0.8045186640624999 0.40407938281250005 0.8143418468749999 0.40407938281250005 0.82023575625 0.3969129 0.8300589390625