2 0.485115765625 0.507858546875 0.481808159375 0.5088408640625001 0.481256890625 0.5147347734375 0.4840132296875 0.5235756390625 0.4906284453125 0.5235756390625 0.485115765625 0.507858546875
2 0.48787210625000005 0.517681728125 0.49117971406249994 0.5216110015625001 0.49117971406249994 0.525540275 0.50441014375 0.5363457765625 0.5132304296875 0.5402750484375 0.5137816984375 0.5363457765625 0.5176405734375 0.53732809375 0.518191840625 0.5402750484375 0.5203969125000001 0.5383104125 0.509922821875 0.533398821875 0.5038588749999999 0.52652259375 0.493936053125 0.52455795625 0.4873208375 0.5166994109374999 0.4840132296875 0.507858546875 0.481808159375 0.5088408640625001 0.4823594265625 0.520628684375 0.4840132296875 0.5235756390625 0.4867695703125 0.52455795625 0.48787210625000005 0.517681728125
2 0.056229328125 0.8428290765625001 0.0501653796875 0.8398821218749999 0.0490628453125 0.8428290765625001 0.0567805953125 0.8546168953125 0.063947078125 0.8555992140625 0.056229328125 0.8428290765625001
2 0.4674751921875 0.7465618859375 0.4636163171875 0.7455795671875001 0.4614112453125 0.749508840625 0.46085997812499996 0.761296659375 0.46471885312500005 0.762278978125 0.4674751921875 0.7573673875 0.4674751921875 0.7465618859375
1 0.1968026453125 0.98624754375 0.1934950390625 0.969548134375 0.196251378125 0.9518664046875 0.1951488421875 0.93713163125 0.18191841250000002 0.9361493125000001 0.17916207343749999 0.9410609031250001 0.17861080468749999 0.9597249515625 0.1703417859375 0.9656188609375 0.163175303125 0.979371315625 0.1615215 0.98821218125 0.163175303125 0.99901768125 0.196251378125 0.99901768125 0.1968026453125 0.98624754375
1 0.981808159375 0.84675835 0.9807056234375 0.88408644375 0.9779492828125 0.8958742624999999 0.9702315328125 0.9066797640625 0.9674751921875 0.923379175 0.9614112453124999 0.93713163125 0.9520396906249999 0.9724950890624999 0.9426681359375 0.9833005890625 0.93825799375 0.995088409375 0.9536934953125 0.994106090625 0.9558985671875 0.9842829078124999 0.9636163171875 0.97347740625 0.9696802640625 0.94990176875 0.9729878718749999 0.9449901765625001 0.977398015625 0.9449901765625001 0.9972436609375 0.9783889984374999 0.9994487328125 0.9783889984374999 0.9994487328125 0.9567779953125 0.9911797140624999 0.94793713125 0.99558985625 0.9332023578124999 0.996141125 0.9204322203125 0.9994487328125 0.917485265625 0.9994487328125 0.821218075 0.9972436609375 0.821218075 0.9939360531249999 0.8133595281250001 0.9944873203125001 0.800589390625 0.9911797140624999 0.788801571875 0.97905181875 0.787819253125 0.976846746875 0.7937131625 0.9785005515625 0.80746561875 0.9807056234375 0.8094302546875 0.985115765625 0.826129665625 0.981808159375 0.84675835
1 0.964718853125 0.710216109375 0.9619625140625001 0.7161100203124999 0.960308709375 0.7347740671875 0.9641675859375001 0.7544204328124999 0.964718853125 0.7789783890625 0.96306505 0.7956778 0.9652701218749999 0.800589390625 0.9724366046874999 0.800589390625 0.9779492828125 0.7838899796875001 0.9779492828125 0.774066796875 0.9746416765625 0.7583497046875001 0.97519294375 0.7426326125 0.9785005515625 0.73084479375 0.9906284453125 0.7062868375 0.9911797140624999 0.6689587421875001 0.98787210625 0.6444007859374999 0.981808159375 0.6296660125 0.981808159375 0.610019646875 0.9779492828125 0.6060903734374999 0.9707828 0.6060903734374999 0.9663726578125 0.6149312375 0.9663726578125 0.622789784375 0.9707828 0.635559921875 0.9696802640625 0.672888015625 0.964718853125 0.710216109375
1 0.5011025359375 0.5746561890625 0.5 0.5923379171875001 0.4928335171875 0.609037328125 0.5033076078125001 0.609037328125 0.5088202859375001 0.5726915515625 0.5110253578124999 0.5677799609374999 0.5154355015625 0.5658153234375 0.5198456453125 0.5982318265625 0.5198456453125 0.6198428296875 0.52094818125 0.622789784375 0.5242557890625 0.622789784375 0.52480705625 0.5726915515625 0.5336273421875 0.51178781875 0.52866593125 0.5 0.5226019843749999 0.493123771875 0.5198456453125 0.479371315625 0.514332965625 0.47838899843749993 0.50441014375 0.52455795625 0.5049614109375 0.5294695484374999 0.50826901875 0.533398821875 0.50826901875 0.5491159140625 0.5011025359375 0.5746561890625
1 0.4084895265625 0.5658153234375 0.41124586562500004 0.5658153234375 0.41289966875 0.532416503125 0.415104740625 0.5294695484374999 0.4173098125 0.533398821875 0.4184123484375 0.546168959375 0.41896361562499995 0.5746561890625 0.42502756406250003 0.576620825 0.42502756406250003 0.5225933203124999 0.4266813671875 0.51178781875 0.42502756406250003 0.4872298625 0.42116868749999997 0.482318271875 0.4162072765625 0.481335953125 0.40904079375 0.47053045156250006 0.4057331859375 0.47053045156250006 0.39856670312500003 0.48526522656250004 0.3969129 0.495088409375 0.40407938281250005 0.5216110015625001 0.40518191875 0.5599214140625 0.4084895265625 0.5658153234375
1 0.3792723265625 0.65225933125 0.385887540625 0.660117878125 0.39856670312500003 0.660117878125 0.40407938281250005 0.6561886046875001 0.406835721875 0.65225933125 0.40463065 0.6326129671875 0.40793825781250004 0.6257367390625 0.4101433296875 0.6110019640625 0.4101433296875 0.5874263265625 0.40738699062499995 0.5638506875 0.40132304375 0.5599214140625 0.3980154359375 0.5422396859374999 0.3919514890625 0.5383104125 0.386438809375 0.546168959375 0.386438809375 0.558939096875 0.3792723265625 0.5677799609374999 0.3748621828125 0.5795677796875001 0.374310915625 0.597249509375 0.3754134515625 0.6110019640625 0.378169790625 0.6188605109374999 0.3792723265625 0.65225933125
1 0.0088202859375 0.85854616875 0.0033076078124999997 0.8811394890625 0.00441014375 0.8850687625000001 0.008269018749999999 0.88605108125 0.0110253578125 0.88408644375 0.01212789375 0.878192534375 0.0203969125 0.8634577609375 0.0198456453125 0.84774066875 0.0220507171875 0.8388998031250001 0.026460859375 0.832023575 0.025909592187500004 0.815324165625 0.0281146640625 0.8084479375000001 0.030871003125 0.8084479375000001 0.034729878125 0.8143418468749999 0.0358324140625 0.8231827109375001 0.039140021875 0.8310412578124999 0.0441014328125 0.8379174859375 0.0507166484375 0.8418467578125 0.05126791562500001 0.8349705296875 0.0402425578125 0.801571709375 0.039691290625 0.788801571875 0.043550165625 0.7593320234375 0.0501653796875 0.7524557953125 0.0529217203125 0.74459725 0.0534729875 0.7328094296875001 0.05126791562500001 0.723968565625 0.0490628453125 0.7210216109375 0.042998896875 0.7210216109375 0.03693495 0.7269155203125 0.034729878125 0.7337917484375 0.0336273421875 0.748526521875 0.025909592187500004 0.7544204328124999 0.0154355015625 0.76915520625 0.0110253578125 0.7829076625 0.003858875 0.7956778 0.002205071875 0.8172888015625001 0.00441014375 0.83300589375 0.008269018749999999 0.8438113953125 0.0088202859375 0.85854616875
1 0.4840132296875 0.7652259328125 0.4867695703125 0.775049115625 0.49834619687500004 0.7917485265625 0.5027563390625 0.8025540281250001 0.5 0.8104125734375 0.5 0.8172888015625001 0.50826901875 0.8172888015625001 0.51212789375 0.8143418468749999 0.5126791625 0.801571709375 0.5038588749999999 0.7858546171875 0.5027563390625 0.776031434375 0.514332965625 0.7652259328125 0.5192943765625 0.7652259328125 0.5259095921875 0.7711198421875001 0.5275633953125001 0.7593320234375 0.5220507171875 0.7465618859375 0.5176405734375 0.7465618859375 0.510474090625 0.75638506875 0.5011025359375 0.7573673875 0.5011025359375 0.7278978390625 0.49558985624999996 0.7043222 0.48070562343749995 0.6777996078124999 0.47353914062499997 0.671905696875 0.47188533593750004 0.6561886046875001 0.46471885312500005 0.6552062875 0.4619625140625 0.6581532421875 0.4614112453125 0.6709233796875 0.469128996875 0.7033398828124999 0.481808159375 0.736738703125 0.4840132296875 0.7652259328125
1 0.600882028125 0.6807465625 0.6047409046875 0.6807465625 0.6080485109375 0.6768172890625 0.6080485109375 0.6453831046875 0.6102535828125 0.63948919375 0.614112459375 0.63948919375 0.6168687984375001 0.6434184671875001 0.6207276734375 0.671905696875 0.6212789421875 0.6905697453124999 0.626240353125 0.6944990171875001 0.6273428890625 0.6886051078125 0.6240352812500001 0.6316306484374999 0.628445425 0.584479371875 0.6240352812500001 0.571709234375 0.617420065625 0.5658153234375 0.6130099234374999 0.55009823125 0.6102535828125 0.5471512765625001 0.6085997796875 0.5471512765625001 0.6052921718750001 0.5677799609374999 0.601433296875 0.5726915515625 0.6003307609374999 0.5795677796875001 0.6003307609374999 0.63948919375 0.6025358328125 0.6650294703124999 0.5997794921875 0.6777996078124999 0.600882028125 0.6807465625
1 0.1604189640625 0.99901768125 0.1604189640625 0.9577603140625 0.15711135625 0.9508840859375001 0.15711135625 0.9459724953125 0.16097023125 0.9361493125000001 0.159316428125 0.917485265625 0.1527012125 0.9145383109375 0.14829106875 0.9194499015625001 0.1460859984375 0.93516699375 0.142778390625 0.9400785859375 0.1394707828125 0.9400785859375 0.13009922812500002 0.9567779953125 0.1267916203125 0.9587426328124999 0.12568908437499998 0.97347740625 0.1295479609375 0.9833005890625 0.13175303124999999 0.99901768125 0.1604189640625 0.99901768125
1 0.22657111406250002 0.98624754375 0.23759647187500002 0.9823182718749999 0.23980154374999998 0.974459725 0.23869900781250003 0.968565815625 0.24145534687499998 0.96070726875 0.24145534687499998 0.953831040625 0.24586549062500002 0.9410609031250001 0.233186328125 0.9400785859375 0.22767365 0.9518664046875 0.225468578125 0.9636542234375 0.21775082656250003 0.9705304515625001 0.212789415625 0.9823182718749999 0.2122381484375 0.99901768125 0.22216097031249998 0.99901768125 0.2227122375 0.9921414531250001 0.22657111406250002 0.98624754375