2 0.68136714375 0.6699410609374999 0.6819184125 0.6768172890625 0.6896361625 0.6768172890625 0.6995589859375 0.6552062875 0.704520396875 0.6365422390625 0.7072767359375 0.633595284375 0.7133406828125 0.616895875 0.7133406828125 0.6051080546875001 0.708930540625 0.610019646875 0.7078280046875001 0.6178781921875001 0.69404630625 0.6552062875 0.6896361625 0.6640471515625 0.68136714375 0.6699410609374999
2 0.106945975 0.8555992140625 0.10529217187499999 0.84774066875 0.09867695625 0.8654223968749999 0.09867695625 0.8811394890625 0.10308710000000001 0.8811394890625 0.10363836875000002 0.8644400781250001 0.106945975 0.8555992140625
2 0.3169790515625 0.7406679765625 0.31367144375 0.737721021875 0.29988974687500003 0.7662082515625 0.2982359421875 0.7711198421875001 0.2982359421875 0.775049115625 0.29988974687500003 0.776031434375 0.3169790515625 0.7406679765625
2 0.72326350625 0.5216110015625001 0.7243660421875 0.5157170921875001 0.7227122375 0.51178781875 0.7199558984375 0.5166994109374999 0.712789415625 0.520628684375 0.7100330765625 0.5343811390625001 0.712789415625 0.53732809375 0.7199558984375 0.520628684375 0.72326350625 0.5216110015625001
1 0.8605292171875 0.474459725 0.8649393609375 0.46561886093749993 0.869349503125 0.46561886093749993 0.87210584375 0.469548134375 0.8737596468750001 0.479371315625 0.8737596468750001 0.5019646359375 0.8765159875 0.5039292734374999 0.8781697906250001 0.50098231875 0.8792723265625 0.474459725 0.8776185218749999 0.44499017656250006 0.8809261296875001 0.43516699374999995 0.8814773984375 0.41944990156250006 0.874310915625 0.39685658125 0.8754134515625 0.3850687625 0.8732083796874999 0.3801571703125 0.869349503125 0.3811394890625 0.8649393609375 0.390962671875 0.8643880921875 0.4007858546875 0.861080484375 0.4106090375 0.8605292171875 0.441060903125 0.857221609375 0.454813359375 0.8566703421874999 0.46561886093749993 0.8472987875 0.49607072656250006 0.8478500546875001 0.5039292734374999 0.8522601984374999 0.5039292734374999 0.8588754140624999 0.48526522656250004 0.8605292171875 0.474459725
1 0.7160970234375 0.6129666015625 0.712789415625 0.635559921875 0.7122381484375 0.660117878125 0.704520396875 0.6817288796875001 0.7149944875 0.6817288796875001 0.717199559375 0.6777996078124999 0.717199559375 0.671905696875 0.7276736500000001 0.672888015625 0.733737596875 0.660117878125 0.7304299890625 0.6326129671875 0.7342888640624999 0.622789784375 0.7370452046875 0.6021611 0.7298787203125 0.571709234375 0.7183020953125 0.5550098234374999 0.716648290625 0.5422396859374999 0.7133406828125 0.53732809375 0.7083792718749999 0.53732809375 0.7056229328125 0.5422396859374999 0.7056229328125 0.5530451859375 0.7111356125 0.5638506875 0.712789415625 0.584479371875 0.7050716640625 0.5893909625 0.7056229328125 0.5943025546875 0.7133406828125 0.597249509375 0.7160970234375 0.60117878125 0.7160970234375 0.6129666015625
1 0.9570011031250001 0.627701375 0.956449834375 0.63948919375 0.9652701218749999 0.647347740625 0.9718853359375 0.647347740625 0.9807056234375 0.65225933125 0.9994487328125 0.6512770140625 0.9994487328125 0.635559921875 0.9966923921875 0.633595284375 0.9966923921875 0.609037328125 0.9944873203125001 0.5982318265625 0.985667034375 0.5795677796875001 0.981808159375 0.576620825 0.976846746875 0.5599214140625 0.9702315328125 0.5599214140625 0.9663726578125 0.5677799609374999 0.96306505 0.58840864375 0.956449834375 0.6070726921875 0.9636163171875 0.6178781921875001 0.9570011031250001 0.627701375
1 0.10859977968750001 0.86051080625 0.10859977968750001 0.8909626718749999 0.1041896359375 0.9214145390624999 0.10859977968750001 0.9263261296874999 0.1124586546875 0.9263261296874999 0.12017640624999999 0.92239685625 0.12403528125 0.9017681734374999 0.12403528125 0.8939096265625001 0.11852260156250001 0.88605108125 0.12072767343749999 0.8762278984374999 0.121830209375 0.8497053046874999 0.11962513749999999 0.8231827109375001 0.12568908437499998 0.8045186640624999 0.12568908437499998 0.7711198421875001 0.117420065625 0.75540275 0.11852260156250001 0.7416502953124999 0.1168687984375 0.736738703125 0.10970231562499999 0.735756384375 0.105843440625 0.7406679765625 0.105843440625 0.7583497046875001 0.0959206171875 0.777013753125 0.092613009375 0.8182711203125 0.0959206171875 0.8379174859375 0.10529217187499999 0.8506876234374999 0.10859977968750001 0.86051080625
1 0.32579933906249997 0.6827111984374999 0.326901875 0.7318271125 0.32414553437500004 0.7662082515625 0.31863285625 0.7721021609375 0.3169790515625 0.7789783890625 0.3208379265625 0.7838899796875001 0.3296582140625 0.7838899796875001 0.33076075 0.7799607078124999 0.3417861078125 0.780943025 0.3434399125 0.7848722984375 0.3461962515625 0.7848722984375 0.3506063953125 0.7789783890625 0.3522601984375 0.7652259328125 0.340683571875 0.7416502953124999 0.33902976875 0.729862475 0.34674751875 0.7062868375 0.3472987875 0.6935167 0.3434399125 0.6807465625 0.3434399125 0.672888015625 0.3401323046875 0.6640471515625 0.3384785 0.6493123765625 0.33131201718750003 0.63948919375 0.32579933906249997 0.622789784375 0.320286659375 0.622789784375 0.3175303203125 0.62671905625 0.3169790515625 0.63948919375 0.3208379265625 0.6493123765625 0.3213891953125 0.667976425 0.32579933906249997 0.6827111984374999
1 0.8528114656250001 0.99901768125 0.8897464171875 0.99901768125 0.8914002203125 0.9921414531250001 0.890297684375 0.9823182718749999 0.8776185218749999 0.968565815625 0.87210584375 0.943025540625 0.869349503125 0.9400785859375 0.8616317531250001 0.9400785859375 0.857772878125 0.94891945 0.8594266812500001 0.97347740625 0.8522601984374999 0.9833005890625 0.8511576625 0.9911591359375 0.8528114656250001 0.99901768125
1 0.600882028125 0.6188605109374999 0.60363836875 0.6178781921875001 0.6041896359375001 0.620825146875 0.6080485109375 0.621807465625 0.6041896359375001 0.62868369375 0.6052921718750001 0.633595284375 0.609702315625 0.64243615 0.6130099234374999 0.6434184671875001 0.613561190625 0.6306483296875001 0.6245865484374999 0.616895875 0.6267916203125 0.6041257375 0.626240353125 0.582514734375 0.6328555671875 0.5667976421875001 0.6350606390625 0.55009823125 0.6334068359375 0.5383104125 0.6267916203125 0.5284872296875001 0.6251378171875001 0.517681728125 0.6185226015625 0.5166994109374999 0.609702315625 0.530451865625 0.6041896359375001 0.5540275046875001 0.6052921718750001 0.584479371875 0.600882028125 0.60117878125 0.592613009375 0.6178781921875001 0.5876515984374999 0.633595284375 0.58710033125 0.6434184671875001 0.5920617421875 0.6444007859374999 0.5959206171875 0.627701375 0.600882028125 0.6188605109374999
1 0.5385887546875 0.47053045156250006 0.5385887546875 0.49803536406250004 0.5303197359375 0.51178781875 0.5319735390625 0.5157170921875001 0.5380374859375 0.5166994109374999 0.539691290625 0.5157170921875001 0.5463065046875 0.482318271875 0.551819184375 0.481335953125 0.5611907390625 0.48526522656250004 0.5633958109375 0.481335953125 0.5667034171875 0.49115913593749994 0.5694597578125 0.49115913593749994 0.57056229375 0.47544204375000004 0.56615215 0.474459725 0.5633958109375 0.479371315625 0.5534729875 0.46365422343749996 0.5534729875 0.44793713124999995 0.5562293281249999 0.4390962671875 0.5573318640625 0.423379175 0.5551267921874999 0.415520628125 0.5474090406250001 0.404715128125 0.5463065046875 0.39685658125 0.542998896875 0.390962671875 0.5385887546875 0.3948919453125 0.5385887546875 0.40667976406250006 0.5347298781250001 0.4184675828125 0.5347298781250001 0.4312377203125 0.5418963609375 0.44499017656250006 0.5424476296875 0.453831040625 0.5385887546875 0.47053045156250006
1 0.630650496875 0.506876228125 0.6389195156249999 0.506876228125 0.64002205 0.5039292734374999 0.638368246875 0.495088409375 0.633958103125 0.49115913593749994 0.634509371875 0.47838899843749993 0.638368246875 0.4616895875 0.6372657109375 0.453831040625 0.625689084375 0.443025540625 0.6207276734375 0.42436149375000004 0.617420065625 0.42436149375000004 0.613561190625 0.4312377203125 0.6102535828125 0.482318271875 0.617971334375 0.48919449843749996 0.622381478125 0.49901768124999996 0.630650496875 0.506876228125
1 0.724917309375 0.558939096875 0.7260198453125 0.5658153234375 0.7298787203125 0.570726915625 0.7326350609375 0.5795677796875001 0.7342888640624999 0.59037328125 0.7386990078125 0.5923379171875001 0.7403528109375 0.5874263265625 0.7381477390625 0.5383104125 0.73980154375 0.504911590625 0.742006615625 0.49607072656250006 0.741455346875 0.481335953125 0.7342888640624999 0.45972495156250004 0.7326350609375 0.44499017656250006 0.7260198453125 0.4440078578125 0.7227122375 0.45088408593749996 0.7221609703125 0.45972495156250004 0.7243660421875 0.47053045156250006 0.7221609703125 0.5 0.724917309375 0.558939096875
1 0.34399117968750004 0.558939096875 0.348952590625 0.5599214140625 0.348952590625 0.5432220046875 0.35170893125 0.52652259375 0.35556780625 0.519646365625 0.3605292171875 0.49607072656250006 0.3643880921875 0.4872298625 0.36328555625000003 0.47249508906250004 0.3605292171875 0.46070726874999995 0.35611907343750004 0.45284872343749993 0.3544652703125 0.441060903125 0.34785005468749997 0.4390962671875 0.345093715625 0.44499017656250006 0.3379272328125 0.49115913593749994 0.340683571875 0.507858546875 0.3373759640625 0.55009823125 0.3417861078125 0.55009823125 0.34399117968750004 0.558939096875