0 0.122381478125 0.770137525 0.12017640624999999 0.7671905703124999 0.10804851093750001 0.7711198421875001 0.10859977968750001 0.7799607078124999 0.12127894218749999 0.7789783890625 0.122381478125 0.775049115625 0.122381478125 0.770137525
1 0.84674751875 0.8644400781250001 0.8472987875 0.8693516703125 0.8434399125 0.8870333984375 0.8439911796875 0.9184675828125 0.8561190734374999 0.923379175 0.869349503125 0.9204322203125 0.874310915625 0.9312377203125 0.886438809375 0.9410609031250001 0.8831312015625 0.9557956781250001 0.886438809375 0.9587426328124999 0.8936052921875 0.9557956781250001 0.8941565593749999 0.9400785859375 0.8891951484374999 0.928290765625 0.8792723265625 0.9155206281250001 0.8748621828124999 0.9056974453125 0.865490628125 0.851669940625 0.8632855562499999 0.827111984375 0.8561190734374999 0.8094302546875 0.8500551265625 0.8045186640624999 0.8472987875 0.787819253125 0.8434399125 0.7838899796875001 0.8379272328124999 0.7838899796875001 0.83517089375 0.787819253125 0.8357221609375 0.8064833 0.8395810359375 0.8163064828125 0.836273428125 0.8418467578125 0.8274531421875 0.84577603125 0.8208379265625 0.8379174859375 0.8219404625 0.851669940625 0.8257993390625 0.8555992140625 0.8428886437499999 0.8555992140625 0.84674751875 0.8644400781250001
1 0.8230429984375001 0.610019646875 0.8252480703125 0.64243615 0.8208379265625 0.65324165 0.8230429984375001 0.6561886046875001 0.828555678125 0.6561886046875001 0.8313120171874999 0.6512770140625 0.8307607499999999 0.6434184671875001 0.832965821875 0.63948919375 0.8384785000000001 0.6385068765625 0.8395810359375 0.634577603125 0.834619625 0.6110019640625 0.8423373765625 0.5923379171875001 0.8423373765625 0.576620825 0.8395810359375 0.558939096875 0.83517089375 0.55009823125 0.8307607499999999 0.530451865625 0.8252480703125 0.5294695484374999 0.8230429984375001 0.533398821875 0.8230429984375001 0.5412573671875001 0.8257993390625 0.55009823125 0.8263506062499999 0.5913555984375 0.8230429984375001 0.610019646875
1 0.47739801562500006 0.5677799609374999 0.4779492828125 0.558939096875 0.48070562343749995 0.5550098234374999 0.4840132296875 0.5550098234374999 0.489525909375 0.56286836875 0.49228224843749996 0.5874263265625 0.4966923921875 0.5913555984375 0.4944873203125 0.557956778125 0.49117971406249994 0.5481335953124999 0.493936053125 0.507858546875 0.481256890625 0.48330058906250006 0.476846746875 0.4872298625 0.4762954796875 0.494106090625 0.47353914062499997 0.5 0.47353914062499997 0.5540275046875001 0.46802646093750006 0.57760314375 0.47353914062499997 0.5785854609375 0.47739801562500006 0.5677799609374999
1 0.439911796875 0.58840864375 0.44046306562500004 0.556974459375 0.4492833515625 0.52455795625 0.4492833515625 0.51375245625 0.4432194046875 0.5019646359375 0.43880926093749995 0.4872298625 0.43439911875000004 0.4872298625 0.43164277812499996 0.495088409375 0.42833517031249996 0.52455795625 0.4327453140625 0.5471512765625001 0.43550165312500005 0.5864440078125 0.439911796875 0.58840864375
1 0.10529217187499999 0.6257367390625 0.11135611875 0.62671905625 0.1157662625 0.6434184671875001 0.12568908437499998 0.6434184671875001 0.1289966921875 0.63948919375 0.1433296578125 0.634577603125 0.1449834625 0.6237721015625 0.14057331875 0.6149312375 0.138919515625 0.583497053125 0.1334068359375 0.558939096875 0.1295479609375 0.55009823125 0.121830209375 0.55108055 0.12017640624999999 0.5658153234375 0.114112459375 0.5746561890625 0.10859977968750001 0.5893909625 0.10804851093750001 0.6041257375 0.1041896359375 0.6149312375 0.1041896359375 0.622789784375 0.10529217187499999 0.6257367390625
1 0.0534729875 0.7583497046875001 0.064498346875 0.7524557953125 0.064498346875 0.761296659375 0.05788313125 0.7711198421875001 0.0573318640625 0.7789783890625 0.064498346875 0.787819253125 0.0689084890625 0.787819253125 0.067805953125 0.7730844796875 0.0777287765625 0.748526521875 0.076626240625 0.7328094296875001 0.0738699 0.722986246875 0.0755237046875 0.712180746875 0.0788313125 0.7072691546875001 0.088754134375 0.7151277015625 0.09095920625000001 0.7200392921875001 0.093164278125 0.7200392921875001 0.09426681406250001 0.7161100203124999 0.0793825796875 0.6709233796875 0.08213891875 0.661100196875 0.0815876515625 0.646365421875 0.0777287765625 0.647347740625 0.062293275 0.6817288796875001 0.060088203124999996 0.697445971875 0.056229328125 0.7043222 0.0529217203125 0.7200392921875001 0.052370451562499996 0.735756384375 0.055126792187499996 0.7406679765625 0.039691290625 0.7652259328125 0.035281146875 0.7671905703124999 0.035281146875 0.7779960703125 0.0468577734375 0.7789783890625 0.047409040624999996 0.76915520625 0.0534729875 0.7583497046875001
1 0.192392503125 0.99901768125 0.196251378125 0.995088409375 0.200110253125 0.979371315625 0.20507166406250002 0.969548134375 0.2039691296875 0.93713163125 0.202315325 0.9312377203125 0.1957001109375 0.92436149375 0.196251378125 0.90962671875 0.194597575 0.9017681734374999 0.1874310921875 0.9017681734374999 0.18357221562499998 0.9066797640625 0.18357221562499998 0.9273084484374999 0.1764057328125 0.9361493125000001 0.17364939375 0.9469548140624999 0.171995590625 0.9774066796875 0.173098125 0.994106090625 0.175303196875 0.99901768125 0.192392503125 0.99901768125
1 0.369900771875 0.9921414531250001 0.36659316406250003 0.9852652265625 0.3643880921875 0.969548134375 0.35942668125 0.9557956781250001 0.35997795 0.9390962671875001 0.3566703421875 0.9312377203125 0.34785005468749997 0.9312377203125 0.3434399125 0.9518664046875 0.3379272328125 0.9567779953125 0.33461962500000003 0.9666011781250001 0.33131201718750003 0.9823182718749999 0.332965821875 0.99901768125 0.369900771875 0.99901768125 0.369900771875 0.9921414531250001
1 0.3880926125 0.7927308453124999 0.394156559375 0.7956778 0.40022050781249996 0.7838899796875001 0.402425578125 0.788801571875 0.39966923906249996 0.7986247546875 0.39856670312500003 0.8133595281250001 0.39966923906249996 0.8241650296874999 0.40407938281250005 0.8339882125000001 0.40407938281250005 0.84675835 0.39966923906249996 0.851669940625 0.39966923906249996 0.8555992140625 0.41179713281249997 0.8565815328124999 0.410694596875 0.826129665625 0.4266813671875 0.8251473484374999 0.43880926093749995 0.8290766203125 0.439911796875 0.8241650296874999 0.43880926093749995 0.8172888015625001 0.4228224921875 0.8133595281250001 0.4184123484375 0.8094302546875 0.41786108125 0.8025540281250001 0.42116868749999997 0.78192534375 0.41289966875 0.7455795671875001 0.402425578125 0.7269155203125 0.40077177500000005 0.7141453828125 0.3936052921875 0.7151277015625 0.3919514890625 0.7200392921875001 0.39966923906249996 0.7652259328125 0.39581036406250003 0.7779960703125 0.3880926125 0.787819253125 0.3880926125 0.7927308453124999
1 0.78941565625 0.6021611 0.7822491734375 0.610019646875 0.7822491734375 0.6149312375 0.7861080484375 0.616895875 0.7960308703125001 0.6051080546875001 0.807607496875 0.6051080546875001 0.8070562296875 0.5933202359374999 0.8125689078124999 0.5795677796875001 0.8142227125 0.5422396859374999 0.807607496875 0.5166994109374999 0.8026460859375 0.517681728125 0.8009922828124999 0.5216110015625001 0.8015435500000001 0.5383104125 0.7982359421874999 0.5658153234375 0.7921719953124999 0.5805500984374999 0.78941565625 0.6021611