2 0.9035281140625001 0.7328094296875001 0.90904079375 0.723968565625 0.9388092609375001 0.6944990171875001 0.9371554578125 0.6905697453124999 0.9327453140624999 0.6915520625 0.9035281140625001 0.722986246875 0.8925027562500001 0.7170923375 0.8919514890625001 0.722986246875 0.894707828125 0.7278978390625 0.8996692390625001 0.7328094296875001 0.9035281140625001 0.7328094296875001
2 0.41896361562499995 0.736738703125 0.41345093750000006 0.7406679765625 0.41179713281249997 0.7465618859375 0.40022050781249996 0.749508840625 0.40022050781249996 0.7583497046875001 0.4123484015625 0.7583497046875001 0.41675854531249995 0.748526521875 0.41896361562499995 0.736738703125
2 0.063947078125 0.8939096265625001 0.06174200625 0.8889980359375 0.0529217203125 0.8889980359375 0.0485115765625 0.8939096265625001 0.0485115765625 0.89882121875 0.054575523437499995 0.9047151281250001 0.0606394703125 0.902750490625 0.063947078125 0.8939096265625001
2 0.0738699 0.8752455796874999 0.07331863281249999 0.8673870328125 0.0777287765625 0.8683693515625001 0.0859977953125 0.84675835 0.080485115625 0.8497053046874999 0.070011025 0.872298625 0.0694597578125 0.8762278984374999 0.0711135609375 0.878192534375 0.0694597578125 0.8811394890625 0.0738699 0.8752455796874999
2 0.5694597578125 0.635559921875 0.5650496140625 0.635559921875 0.551267915625 0.6561886046875001 0.542998896875 0.6561886046875001 0.542998896875 0.6640471515625 0.5523704515625 0.6650294703124999 0.5689084890625 0.63948919375 0.5694597578125 0.635559921875
2 0.6312017640625001 0.6110019640625 0.6267916203125 0.6110019640625 0.6251378171875001 0.616895875 0.622381478125 0.6188605109374999 0.6207276734375 0.62671905625 0.6240352812500001 0.627701375 0.630650496875 0.616895875 0.6312017640625001 0.6110019640625
1 0.4266813671875 0.712180746875 0.43109151093750003 0.7170923375 0.4327453140625 0.724950884375 0.43550165312500005 0.7544204328124999 0.43439911875000004 0.761296659375 0.427232634375 0.775049115625 0.42833517031249996 0.7789783890625 0.439911796875 0.7789783890625 0.4415656015625 0.7829076625 0.436052921875 0.7927308453124999 0.43825799375 0.7956778 0.4465270125 0.7956778 0.4509371546875 0.7907662078125 0.4476295484375 0.774066796875 0.4476295484375 0.7583497046875001 0.44487320781250006 0.74361493125 0.448732084375 0.7151277015625 0.448732084375 0.7033398828124999 0.44487320781250006 0.6876227890625 0.4415656015625 0.6561886046875001 0.43439911875000004 0.647347740625 0.43439911875000004 0.63948919375 0.4327453140625 0.6365422390625 0.4266813671875 0.635559921875 0.4244762953125 0.63948919375 0.4244762953125 0.65225933125 0.42833517031249996 0.6620825140625 0.4305402421875 0.6915520625 0.4266813671875 0.712180746875
1 0.94211686875 0.672888015625 0.9360529218750001 0.6817288796875001 0.9388092609375001 0.6905697453124999 0.9388092609375001 0.698428290625 0.9349503859375 0.7043222 0.93439911875 0.719056975 0.93825799375 0.7278978390625 0.9404630656249999 0.7396856578125 0.93825799375 0.7455795671875001 0.9349503859375 0.7465618859375 0.9349503859375 0.7524557953125 0.94211686875 0.75638506875 0.9448732078125 0.761296659375 0.9437706718750001 0.76915520625 0.9388092609375001 0.775049115625 0.9404630656249999 0.7789783890625 0.9531422265625 0.7789783890625 0.9553472984375 0.775049115625 0.952590959375 0.7652259328125 0.9520396906249999 0.724950884375 0.9597574421875 0.7033398828124999 0.960859978125 0.6935167 0.9547960312500001 0.6561886046875001 0.9448732078125 0.6326129671875 0.9426681359375 0.6188605109374999 0.93439911875 0.6188605109374999 0.93439911875 0.634577603125 0.9388092609375001 0.6434184671875001 0.9393605296875001 0.660117878125 0.94211686875 0.672888015625
1 0.0859977953125 0.8163064828125 0.08710033125 0.8497053046874999 0.09095920625000001 0.87131630625 0.09151047343749999 0.89685658125 0.0959206171875 0.8958742624999999 0.09536934999999999 0.84774066875 0.0981256890625 0.84577603125 0.0997794921875 0.8369351671875 0.10308710000000001 0.8339882125000001 0.11521499375 0.8506876234374999 0.12072767343749999 0.8634577609375 0.12568908437499998 0.8850687625000001 0.12624035312499998 0.89685658125 0.1334068359375 0.8978389 0.1372657109375 0.8929273078125 0.1378169796875 0.8880157171875 0.13009922812500002 0.8752455796874999 0.1251378171875 0.84774066875 0.12072767343749999 0.8398821218749999 0.11962513749999999 0.826129665625 0.113561190625 0.8123772109375 0.11135611875 0.775049115625 0.10749724375 0.7671905703124999 0.0997794921875 0.7652259328125 0.09481808124999999 0.748526521875 0.0898566703125 0.748526521875 0.0865490625 0.7534381140625 0.0865490625 0.7721021609375 0.08213891875 0.7799607078124999 0.08213891875 0.7996070734375 0.0859977953125 0.8163064828125
1 0.50826901875 0.5166994109374999 0.5110253578124999 0.51375245625 0.5126791625 0.5166994109374999 0.514332965625 0.5432220046875 0.5137816984375 0.5667976421875001 0.509922821875 0.584479371875 0.51212789375 0.58840864375 0.5165380374999999 0.5874263265625 0.5214994484375 0.556974459375 0.526460859375 0.53929273125 0.5319735390625 0.532416503125 0.5341786109375 0.517681728125 0.5336273421875 0.5 0.5259095921875 0.48624754374999996 0.5253583234375 0.47544204375000004 0.5226019843749999 0.47249508906250004 0.518191840625 0.47544204375000004 0.5170893046875 0.48624754374999996 0.5126791625 0.492141453125 0.50826901875 0.504911590625 0.50826901875 0.5166994109374999
1 0.448732084375 0.622789784375 0.457001103125 0.6257367390625 0.46085997812499996 0.621807465625 0.46085997812499996 0.5982318265625 0.46306505 0.5923379171875001 0.47023153281249996 0.608055009375 0.4696802640625 0.6178781921875001 0.47353914062499997 0.6188605109374999 0.4762954796875 0.6129666015625 0.47739801562500006 0.6021611 0.4740904078125 0.596267190625 0.46802646093750006 0.6001964640625 0.466923925 0.596267190625 0.47023153281249996 0.58840864375 0.465270121875 0.5785854609375 0.465270121875 0.5736738703125 0.469128996875 0.5599214140625 0.4696802640625 0.5422396859374999 0.47353914062499997 0.5432220046875 0.47739801562500006 0.55108055 0.47905181875 0.5471512765625001 0.4801543546875 0.55108055 0.48070562343749995 0.5491159140625 0.4636163171875 0.506876228125 0.460308709375 0.492141453125 0.4558985671875 0.492141453125 0.45314222656250003 0.4970530453125 0.45479603125 0.519646365625 0.4509371546875 0.5412573671875001 0.4509371546875 0.545186640625 0.4558985671875 0.55009823125 0.4558985671875 0.6051080546875001 0.448732084375 0.622789784375
1 0.12127894218749999 0.5658153234375 0.1251378171875 0.56483300625 0.13009922812500002 0.531434184375 0.136163175 0.520628684375 0.142778390625 0.52455795625 0.1488423375 0.5599214140625 0.15214994531249998 0.5638506875 0.1565600875 0.56286836875 0.15711135625 0.558939096875 0.1477398015625 0.5235756390625 0.1477398015625 0.5166994109374999 0.14443219375 0.51178781875 0.1477398015625 0.482318271875 0.14718853437499999 0.47544204375000004 0.142227121875 0.4646365421875 0.142227121875 0.453831040625 0.14002205 0.44990176875000004 0.13561190781250002 0.44990176875000004 0.1328555671875 0.46070726874999995 0.1251378171875 0.474459725 0.122381478125 0.4842829078125 0.1273428890625 0.50098231875 0.1273428890625 0.5127701375 0.12127894218749999 0.55009823125 0.12127894218749999 0.5658153234375
1 0.9057331859375 0.584479371875 0.9101433296874999 0.6110019640625 0.9095920625 0.6257367390625 0.9162072765625 0.6306483296875001 0.9178610812500001 0.6365422390625 0.923925028125 0.6385068765625 0.9266813671874999 0.6316306484374999 0.9217199562499999 0.596267190625 0.9217199562499999 0.576620825 0.923925028125 0.5658153234375 0.92557883125 0.5235756390625 0.9200661515625 0.507858546875 0.9167585453125 0.49115913593749994 0.9095920625 0.49115913593749994 0.9084895265625 0.494106090625 0.9079382578124999 0.53732809375 0.90518191875 0.5540275046875001 0.9068357218750001 0.558939096875 0.9057331859375 0.584479371875
1 0.9707828 0.99901768125 0.9994487328125 0.99901768125 0.9994487328125 0.9518664046875 0.9911797140624999 0.9459724953125 0.9834619625000001 0.953831040625 0.9829106953125001 0.9774066796875 0.977398015625 0.9872298625000001 0.9696802640625 0.9872298625000001 0.9707828 0.99901768125
1 0.964718853125 0.5363457765625 0.9641675859375001 0.545186640625 0.9707828 0.546168959375 0.973539140625 0.5422396859374999 0.97519294375 0.532416503125 0.9779492828125 0.48919449843749996 0.9807056234375 0.482318271875 0.9829106953125001 0.4616895875 0.981256890625 0.44891945 0.973539140625 0.4312377203125 0.9691289968750001 0.4312377203125 0.9680264609375 0.44007858593750004 0.964718853125 0.44793713124999995 0.96306505 0.4774066796875 0.9581036390625 0.5039292734374999 0.960308709375 0.520628684375 0.964718853125 0.5363457765625
1 0.9040793828125 0.969548134375 0.8991179718750001 0.9616895875000001 0.8958103640624999 0.96070726875 0.8936052921875 0.954813359375 0.8936052921875 0.9410609031250001 0.8869900765625 0.928290765625 0.882579934375 0.9273084484374999 0.8770672546875 0.9312377203125 0.8781697906250001 0.9557956781250001 0.8710033078125001 0.9656188609375 0.869349503125 0.9783889984374999 0.869349503125 0.99901768125 0.9068357218750001 0.99901768125 0.9079382578124999 0.995088409375 0.9040793828125 0.969548134375
1 0.5755237046875 0.647347740625 0.57828004375 0.6640471515625 0.5777287765625 0.672888015625 0.5738699 0.6777996078124999 0.5738699 0.6817288796875001 0.576626240625 0.684675834375 0.584895259375 0.6817288796875001 0.5865490624999999 0.6915520625 0.59095920625 0.6915520625 0.5942668140625 0.6895874265625 0.59536935 0.685658153125 0.5920617421875 0.6404715125 0.5981256890625 0.620825146875 0.599228225 0.6060903734374999 0.5937155453125 0.5815324171875 0.58213891875 0.5618860515625 0.58213891875 0.5559921421875 0.57828004375 0.55108055 0.5727673656250001 0.5540275046875001 0.5749724359374999 0.5943025546875 0.5738699 0.620825146875 0.5755237046875 0.6257367390625 0.5755237046875 0.647347740625
1 0.8169790515625 0.9724950890624999 0.8114663734375 0.9459724953125 0.8009922828124999 0.9440078578125 0.7971334062500001 0.9567779953125 0.7965821390625 0.969548134375 0.7927232640625 0.9774066796875 0.7899669234375 0.97347740625 0.7905181921875 0.969548134375 0.787210584375 0.9666011781250001 0.7850055125 0.969548134375 0.7839029765625 0.98624754375 0.7866593171875 0.99901768125 0.8180815875 0.99901768125 0.8169790515625 0.9724950890624999
1 0.6350606390625 0.648330059375 0.6350606390625 0.6552062875 0.6334068359375 0.6571709234374999 0.634509371875 0.6768172890625 0.6416758546875 0.6777996078124999 0.6438809265625001 0.6689587421875001 0.6433296578125 0.6306483296875001 0.6449834625 0.6237721015625 0.6477398015625 0.620825146875 0.6493936046875 0.6110019640625 0.6488423375 0.5943025546875 0.6504961406249999 0.5923379171875001 0.651047409375 0.584479371875 0.6460859984375 0.56286836875 0.6433296578125 0.557956778125 0.642778390625 0.5422396859374999 0.6378169796875001 0.5383104125 0.634509371875 0.5422396859374999 0.633958103125 0.5481335953124999 0.6334068359375 0.609037328125 0.6273428890625 0.6296660125 0.630650496875 0.6434184671875001 0.6350606390625 0.648330059375