2 0.23042998906249998 0.97347740625 0.23098125625 0.9597249515625 0.233186328125 0.9528487234374999 0.22932745312499997 0.9518664046875 0.22932745312499997 0.94891945 0.22987872031249998 0.94253438125 0.233737596875 0.9449901765625001 0.2348401328125 0.9135559921875 0.231532525 0.90962671875 0.2342888640625 0.902750490625 0.231532525 0.9066797640625 0.23042998906249998 0.9145383109375 0.23042998906249998 0.9361493125000001 0.22767365 0.9567779953125 0.22767365 0.9666011781250001 0.23042998906249998 0.97347740625
2 0.5799338484375001 0.48919449843749996 0.58213891875 0.494106090625 0.5898566703125 0.474459725 0.59481808125 0.455795678125 0.5942668140625 0.4518664046875 0.5915104734375001 0.44990176875000004 0.59095920625 0.455795678125 0.5832414546875 0.474459725 0.5815876515625 0.48526522656250004 0.5755237046875 0.495088409375 0.5738699 0.5039292734374999 0.5777287765625 0.5039292734374999 0.5771775078125 0.493123771875 0.5799338484375001 0.48919449843749996
1 0.024255789062499998 0.647347740625 0.0341786109375 0.647347740625 0.045755237500000004 0.6365422390625 0.047409040624999996 0.6237721015625 0.043550165625 0.61591355625 0.042998896875 0.5746561890625 0.039140021875 0.5638506875 0.034729878125 0.5609037328124999 0.030319735937499998 0.5471512765625001 0.025358323437500004 0.546168959375 0.0214994484375 0.55009823125 0.0203969125 0.5667976421875001 0.014332965625 0.5795677796875001 0.0137816984375 0.610019646875 0.0170893046875 0.6188605109374999 0.0176405734375 0.64145383125 0.024255789062499998 0.647347740625
1 0.712789415625 0.7278978390625 0.6951488421875001 0.7278978390625 0.691841234375 0.7328094296875001 0.691841234375 0.7396856578125 0.7199558984375 0.736738703125 0.7216097015625 0.7406679765625 0.7227122375 0.76915520625 0.7304299890625 0.770137525 0.7342888640624999 0.7652259328125 0.7353913999999999 0.7593320234375 0.731532525 0.75638506875 0.72712238125 0.74459725 0.7265711140625 0.698428290625 0.7298787203125 0.6827111984374999 0.737596471875 0.6748526515625 0.7381477390625 0.6571709234374999 0.7287761859375 0.6385068765625 0.725468578125 0.622789784375 0.7188533625 0.6247544203125 0.7160970234375 0.6385068765625 0.7094818078125 0.6444007859374999 0.7056229328125 0.65225933125 0.7056229328125 0.661100196875 0.712789415625 0.699410609375 0.7144432187499999 0.722986246875 0.712789415625 0.7278978390625
1 0.062293275 0.979371315625 0.0606394703125 0.994106090625 0.064498346875 0.99901768125 0.0777287765625 0.99901768125 0.0788313125 0.9833005890625 0.0854465265625 0.969548134375 0.0865490625 0.9449901765625001 0.089305403125 0.9322200390625 0.0898566703125 0.8939096265625001 0.09206174218749999 0.88408644375 0.0898566703125 0.8654223968749999 0.0859977953125 0.86051080625 0.07828004375 0.8634577609375 0.07331863281249999 0.87328094375 0.072216096875 0.88605108125 0.0606394703125 0.9017681734374999 0.0589856671875 0.9135559921875 0.056229328125 0.9194499015625001 0.054575523437499995 0.9361493125000001 0.059536934374999996 0.94990176875 0.06174200625 0.96267190625 0.062293275 0.979371315625
1 0.16923925 0.94891945 0.1708930546875 0.9312377203125 0.1681367140625 0.9204322203125 0.16207276718750002 0.9204322203125 0.159316428125 0.923379175 0.1565600875 0.928290765625 0.15600882031250002 0.9361493125000001 0.150496140625 0.9440078578125 0.1433296578125 0.94891945 0.138919515625 0.9616895875000001 0.138919515625 0.99901768125 0.17364939375 0.99901768125 0.173098125 0.9616895875000001 0.16923925 0.94891945
1 0.770672546875 0.6021611 0.7739801546875 0.608055009375 0.7794928328124999 0.608055009375 0.7811466375 0.6051080546875001 0.7822491734375 0.5805500984374999 0.7861080484375 0.57760314375 0.7965821390625 0.5913555984375 0.799889746875 0.6021611 0.8031973546875 0.6041257375 0.8042998890625 0.5943025546875 0.8026460859375 0.58840864375 0.7916207281250001 0.570726915625 0.791069459375 0.52455795625 0.783351709375 0.5039292734374999 0.77673649375 0.5039292734374999 0.775082690625 0.52455795625 0.7761852265625 0.5432220046875 0.7739801546875 0.5658153234375 0.7761852265625 0.5913555984375 0.770672546875 0.6021611
1 0.1951488421875 0.953831040625 0.19955898593750002 0.9361493125000001 0.19955898593750002 0.9273084484374999 0.1885336265625 0.928290765625 0.18191841250000002 0.94793713125 0.17364939375 0.9567779953125 0.1747519296875 0.99901768125 0.19404630625 0.99901768125 0.196251378125 0.974459725 0.1951488421875 0.953831040625
1 0.06560088124999999 0.736738703125 0.0689084890625 0.7426326125 0.070011025 0.751473478125 0.0738699 0.7534381140625 0.0771775078125 0.750491159375 0.0777287765625 0.7347740671875 0.084895259375 0.699410609375 0.0854465265625 0.685658153125 0.09040793750000001 0.6571709234374999 0.09040793750000001 0.6434184671875001 0.08710033125 0.6188605109374999 0.0826901875 0.6178781921875001 0.0777287765625 0.627701375 0.07056229375 0.635559921875 0.0667034171875 0.646365421875 0.0667034171875 0.6905697453124999 0.0689084890625 0.711198428125 0.06615214999999999 0.7210216109375 0.06560088124999999 0.736738703125
1 0.2701212796875 0.9636542234375 0.27177508281249996 0.9518664046875 0.2701212796875 0.9410609031250001 0.257993384375 0.9400785859375 0.2552370453125 0.9577603140625 0.24751929375 0.968565815625 0.2431091515625 0.9872298625000001 0.2425578828125 0.99901768125 0.2778390296875 0.99901768125 0.274531421875 0.97544204375 0.2701212796875 0.9636542234375
1 0.5154355015625 0.63948919375 0.52094818125 0.6385068765625 0.527012128125 0.6306483296875001 0.5319735390625 0.6306483296875001 0.5341786109375 0.64243615 0.530871003125 0.685658153125 0.5347298781250001 0.6915520625 0.5413450937500001 0.6895874265625 0.5418963609375 0.6817288796875001 0.539140021875 0.671905696875 0.5424476296875 0.646365421875 0.5413450937500001 0.6051080546875001 0.5457552375 0.583497053125 0.5457552375 0.571709234375 0.542998896875 0.5550098234374999 0.5380374859375 0.5550098234374999 0.535281146875 0.5599214140625 0.5341786109375 0.570726915625 0.5214994484375 0.5854616890625 0.5214994484375 0.6237721015625 0.5203969125000001 0.62671905625 0.5137816984375 0.627701375 0.50826901875 0.6365422390625 0.50826901875 0.647347740625 0.5126791625 0.647347740625 0.5126791625 0.6434184671875001 0.5154355015625 0.63948919375
1 0.601433296875 0.5108055015625 0.6047409046875 0.506876228125 0.6047409046875 0.49607072656250006 0.606945975 0.4872298625 0.60363836875 0.47347740624999995 0.6041896359375001 0.4616895875 0.6085997796875 0.45284872343749993 0.6085997796875 0.4312377203125 0.6041896359375001 0.4204322203125 0.60363836875 0.40962671874999995 0.601433296875 0.40667976406250006 0.5964718859375 0.41257367343749995 0.5942668140625 0.44007858593750004 0.5915104734375001 0.45284872343749993 0.59095920625 0.4774066796875 0.59536935 0.48821218125000004 0.59536935 0.5039292734374999 0.601433296875 0.5108055015625
1 0.13175303124999999 0.99901768125 0.13506063906250002 0.9872298625000001 0.134509371875 0.9557956781250001 0.13009922812500002 0.9459724953125 0.12568908437499998 0.9459724953125 0.122381478125 0.9390962671875001 0.12127894218749999 0.9204322203125 0.1130099234375 0.9194499015625001 0.10970231562499999 0.923379175 0.10804851093750001 0.9273084484374999 0.10749724375 0.9440078578125 0.1003307609375 0.953831040625 0.100882028125 0.9783889984374999 0.10363836875000002 0.98821218125 0.1041896359375 0.99901768125 0.13175303124999999 0.99901768125
1 0.22326350625 0.6051080546875001 0.22822491718750001 0.6060903734374999 0.22932745312499997 0.60117878125 0.22767365 0.5726915515625 0.2326350609375 0.55009823125 0.2342888640625 0.533398821875 0.23869900781250003 0.5284872296875001 0.23869900781250003 0.5166994109374999 0.22601984531250002 0.4901768171875 0.22160970156249998 0.49115913593749994 0.21389195156250002 0.51178781875 0.21389195156250002 0.5275049109375 0.221058434375 0.5540275046875001 0.22216097031249998 0.60117878125 0.22326350625 0.6051080546875001