2 0.539691290625 0.5108055015625 0.5435501656249999 0.49115913593749994 0.5435501656249999 0.4842829078125 0.5402425578125001 0.481335953125 0.5435501656249999 0.4774066796875 0.542998896875 0.469548134375 0.539140021875 0.482318271875 0.53748621875 0.5029469546875001 0.5336273421875 0.5098231828124999 0.5358324140625 0.5166994109374999 0.539691290625 0.5108055015625
2 0.1780595375 0.6060903734374999 0.18191841250000002 0.6051080546875001 0.18191841250000002 0.60117878125 0.163726571875 0.57563850625 0.16207276718750002 0.576620825 0.16207276718750002 0.5815324171875 0.16482910625 0.58840864375 0.1780595375 0.6060903734374999
2 0.163726571875 0.698428290625 0.1604189640625 0.6954813359375 0.15711135625 0.7013752453125 0.15600882031250002 0.710216109375 0.15821389218749998 0.711198428125 0.16207276718750002 0.7072691546875001 0.163726571875 0.698428290625
2 0.19955898593750002 0.6385068765625 0.19900771718750002 0.635559921875 0.1934950390625 0.635559921875 0.1912899671875 0.63948919375 0.1907386984375 0.65225933125 0.1868798234375 0.6561886046875001 0.1885336265625 0.660117878125 0.19955898593750002 0.6385068765625
1 0.7717750828125001 0.872298625 0.7794928328124999 0.8801571703125 0.78059536875 0.872298625 0.7761852265625 0.8634577609375 0.7761852265625 0.852652259375 0.774531421875 0.8497053046874999 0.7761852265625 0.8388998031250001 0.775082690625 0.826129665625 0.76901874375 0.8339882125000001 0.768467475 0.8388998031250001 0.768467475 0.8546168953125 0.770672546875 0.8634577609375 0.775082690625 0.8673870328125 0.7717750828125001 0.872298625
1 0.742006615625 0.8595284875000001 0.7431091515625 0.8398821218749999 0.7491730984375 0.8280943031250001 0.7535832421875 0.826129665625 0.7651598671875 0.8084479375000001 0.774531421875 0.80746561875 0.7811466375 0.800589390625 0.7811466375 0.7907662078125 0.7778390296875 0.7779960703125 0.7794928328124999 0.761296659375 0.778941565625 0.7200392921875001 0.7772877625 0.7072691546875001 0.774531421875 0.7033398828124999 0.7651598671875 0.70530451875 0.7651598671875 0.7278978390625 0.7535832421875 0.75638506875 0.7552370453125 0.7721021609375 0.7519294375000001 0.7848722984375 0.7508269015625 0.8035363453125001 0.7342888640624999 0.8349705296875 0.7342888640624999 0.8546168953125 0.73594266875 0.8595284875000001 0.7403528109375 0.8624754421875 0.742006615625 0.8595284875000001
1 0.9570011031250001 0.6493123765625 0.9553472984375 0.671905696875 0.9520396906249999 0.67976424375 0.9514884234375 0.6935167 0.944321940625 0.7013752453125 0.9437706718750001 0.7062868375 0.9570011031250001 0.7072691546875001 0.9619625140625001 0.6709233796875 0.9729878718749999 0.6689587421875001 0.9867695703124999 0.6935167 0.9867695703124999 0.7072691546875001 0.9911797140624999 0.710216109375 0.9950385890625 0.7013752453125 0.9950385890625 0.6915520625 0.9785005515625 0.660117878125 0.9779492828125 0.63948919375 0.9823594265625 0.61394891875 0.9762954796875001 0.5687622796875 0.97519294375 0.56286836875 0.9718853359375 0.5599214140625 0.9680264609375 0.56286836875 0.9674751921875 0.5785854609375 0.9619625140625001 0.61394891875 0.9614112453124999 0.634577603125 0.9570011031250001 0.6493123765625
1 0.1130099234375 0.994106090625 0.1163175296875 0.995088409375 0.117420065625 0.99901768125 0.122381478125 0.99901768125 0.12568908437499998 0.9842829078124999 0.13009922812500002 0.9823182718749999 0.1334068359375 0.97347740625 0.133958103125 0.9666011781250001 0.1273428890625 0.9616895875000001 0.1251378171875 0.9557956781250001 0.12293274531250001 0.928290765625 0.1289966921875 0.9056974453125 0.128445425 0.9007858546874999 0.12293274531250001 0.8909626718749999 0.11852260156250001 0.8899803531250001 0.113561190625 0.8948919453125 0.1119073875 0.9145383109375 0.1047409046875 0.9273084484374999 0.101433296875 0.9666011781250001 0.100882028125 0.994106090625 0.10804851093750001 0.98821218125 0.1119073875 0.98821218125 0.1130099234375 0.994106090625
1 0.173098125 0.7829076625 0.16979051875 0.7996070734375 0.1747519296875 0.8035363453125001 0.17750826875 0.800589390625 0.1808158765625 0.775049115625 0.18191841250000002 0.7396856578125 0.1852260203125 0.7269155203125 0.1868798234375 0.6876227890625 0.19018743124999998 0.6807465625 0.1907386984375 0.667976425 0.1857772875 0.6561886046875001 0.18357221562499998 0.6561886046875001 0.1780595375 0.647347740625 0.17750826875 0.62671905625 0.1725468578125 0.622789784375 0.1681367140625 0.627701375 0.1681367140625 0.647347740625 0.1604189640625 0.6561886046875001 0.158765159375 0.66699410625 0.158765159375 0.69253438125 0.163175303125 0.7023575640625 0.1725468578125 0.7406679765625 0.173098125 0.7829076625
1 0.7850055125 0.8506876234374999 0.782800440625 0.8693516703125 0.782800440625 0.8880157171875 0.7850055125 0.8939096265625001 0.7822491734375 0.9017681734374999 0.7822491734375 0.9125736734375 0.7949283359375 0.928290765625 0.7960308703125001 0.93516699375 0.8026460859375 0.94990176875 0.8031973546875 0.9577603140625 0.7971334062500001 0.969548134375 0.7971334062500001 0.974459725 0.80981256875 0.974459725 0.81367144375 0.969548134375 0.8120176406249999 0.9528487234374999 0.8081587656250001 0.9420432218749999 0.8081587656250001 0.9253438109375001 0.8120176406249999 0.9145383109375 0.8081587656250001 0.9076620828124999 0.8026460859375 0.9066797640625 0.799889746875 0.902750490625 0.799889746875 0.891944990625 0.8048511578124999 0.872298625 0.8042998890625 0.84675835 0.807607496875 0.8418467578125 0.807607496875 0.83300589375 0.8042998890625 0.8172888015625001 0.7960308703125001 0.7966601171875001 0.7965821390625 0.788801571875 0.7987872109375 0.7848722984375 0.7982359421874999 0.775049115625 0.795479603125 0.7711198421875001 0.787210584375 0.7711198421875001 0.7839029765625 0.7789783890625 0.7850055125 0.801571709375 0.783351709375 0.8055009828124999 0.7816979046875 0.8369351671875 0.7850055125 0.8506876234374999
1 0.7199558984375 0.583497053125 0.716648290625 0.597249509375 0.7260198453125 0.5982318265625 0.7304299890625 0.5913555984375 0.731532525 0.583497053125 0.725468578125 0.5736738703125 0.72326350625 0.5658153234375 0.72326350625 0.556974459375 0.7265711140625 0.5422396859374999 0.72712238125 0.520628684375 0.7260198453125 0.504911590625 0.7227122375 0.49803536406250004 0.721058434375 0.481335953125 0.7160970234375 0.479371315625 0.712789415625 0.482318271875 0.712789415625 0.5029469546875001 0.7094818078125 0.5088408640625001 0.7094818078125 0.5275049109375 0.7122381484375 0.5363457765625 0.712789415625 0.5677799609374999 0.7199558984375 0.583497053125
1 0.542998896875 0.5284872296875001 0.5501653796875 0.5294695484374999 0.5562293281249999 0.48624754374999996 0.55788313125 0.4587426328125 0.55788313125 0.441060903125 0.5501653796875 0.415520628125 0.5463065046875 0.415520628125 0.5441014328125 0.41944990156250006 0.5424476296875 0.442043221875 0.5413450937500001 0.495088409375 0.539140021875 0.5039292734374999 0.5413450937500001 0.5088408640625001 0.542998896875 0.5284872296875001
1 0.14718853437499999 0.6434184671875001 0.15159867656249998 0.647347740625 0.15600882031250002 0.6434184671875001 0.155457553125 0.6306483296875001 0.1598676953125 0.6178781921875001 0.16207276718750002 0.5893909625 0.16482910625 0.5795677796875001 0.163175303125 0.5667976421875001 0.16482910625 0.530451865625 0.163175303125 0.52652259375 0.159316428125 0.52652259375 0.150496140625 0.5422396859374999 0.1460859984375 0.576620825 0.1477398015625 0.608055009375 0.14443219375 0.620825146875 0.14939360468750001 0.627701375 0.14718853437499999 0.6434184671875001