2 0.2116868796875 0.96070726875 0.21334068281250002 0.9469548140624999 0.2199558984375 0.9312377203125 0.22216097031249998 0.9145383109375 0.221058434375 0.9076620828124999 0.20948180781249998 0.9449901765625001 0.20727673593749998 0.96070726875 0.19955898593750002 0.980353634375 0.19845645 0.99901768125 0.2034178609375 0.99901768125 0.20507166406250002 0.9833005890625 0.2116868796875 0.96070726875
2 0.5815876515625 0.49115913593749994 0.5777287765625 0.492141453125 0.5749724359374999 0.49607072656250006 0.5755237046875 0.49901768124999996 0.58213891875 0.49803536406250004 0.5815876515625 0.49115913593749994
2 0.5865490624999999 0.480353634375 0.58710033125 0.482318271875 0.592613009375 0.47544204375000004 0.599228225 0.46070726874999995 0.5997794921875 0.453831040625 0.6025358328125 0.44793713124999995 0.6025358328125 0.44007858593750004 0.5986769562500001 0.4440078578125 0.5942668140625 0.4616895875 0.5865490624999999 0.47544204375000004 0.588754134375 0.479371315625 0.5865490624999999 0.480353634375
0 0.10363836875000002 0.7455795671875001 0.10308710000000001 0.7396856578125 0.0981256890625 0.7416502953124999 0.097023153125 0.74459725 0.09867695625 0.748526521875 0.1025358328125 0.748526521875 0.10363836875000002 0.7455795671875001
1 0.7850055125 0.6188605109374999 0.7866593171875 0.622789784375 0.79327453125 0.6237721015625 0.7949283359375 0.609037328125 0.8042998890625 0.61394891875 0.8037486218750001 0.6021611 0.7987872109375 0.6001964640625 0.7943770671875 0.5913555984375 0.7965821390625 0.5599214140625 0.8004410140625 0.53732809375 0.799889746875 0.533398821875 0.7916207281250001 0.5216110015625001 0.78941565625 0.51178781875 0.782800440625 0.51375245625 0.7822491734375 0.582514734375 0.7877618515625 0.6051080546875001 0.7877618515625 0.6110019640625 0.7850055125 0.6188605109374999
1 0.05126791562500001 0.979371315625 0.056229328125 0.92436149375 0.0589856671875 0.9145383109375 0.0573318640625 0.9007858546874999 0.0589856671875 0.8811394890625 0.056229328125 0.87328094375 0.0463065046875 0.87328094375 0.043550165625 0.883104125 0.042998896875 0.8939096265625001 0.0281146640625 0.9086444015625 0.025909592187500004 0.9155206281250001 0.02480705625 0.9390962671875001 0.0336273421875 0.9440078578125 0.047960309374999996 0.9774066796875 0.05126791562500001 0.979371315625
1 0.14939360468750001 0.9764243609375001 0.15159867656249998 0.97347740625 0.1527012125 0.9636542234375 0.15766262343749998 0.94990176875 0.158765159375 0.9302554031250001 0.1565600875 0.92436149375 0.14718853437499999 0.923379175 0.142778390625 0.9361493125000001 0.1295479609375 0.9440078578125 0.122381478125 0.96267190625 0.1168687984375 0.98624754375 0.11466372656249998 0.98821218125 0.114112459375 0.99901768125 0.1460859984375 0.99901768125 0.1488423375 0.9901768171875001 0.14939360468750001 0.9764243609375001
1 0.063947078125 0.852652259375 0.06174200625 0.8555992140625 0.06504961406250001 0.8634577609375 0.07331863281249999 0.8634577609375 0.0755237046875 0.87328094375 0.0749724359375 0.88605108125 0.072767365625 0.9007858546874999 0.0694597578125 0.9086444015625 0.0694597578125 0.9165029468749999 0.0738699 0.92239685625 0.0981256890625 0.9184675828125 0.0997794921875 0.9076620828124999 0.0964718859375 0.8811394890625 0.09426681406250001 0.8339882125000001 0.0865490625 0.821218075 0.084895259375 0.8094302546875 0.0826901875 0.8055009828124999 0.0738699 0.8035363453125001 0.0694597578125 0.8094302546875 0.0694597578125 0.8251473484374999 0.0755237046875 0.8398821218749999 0.07442116875 0.8546168953125 0.063947078125 0.852652259375
1 0.029768467187499998 0.7966601171875001 0.0336273421875 0.7937131625 0.0380374859375 0.7838899796875001 0.039691290625 0.763261296875 0.045755237500000004 0.7406679765625 0.047409040624999996 0.7170923375 0.05126791562500001 0.7033398828124999 0.05126791562500001 0.6777996078124999 0.047960309374999996 0.667976425 0.0485115765625 0.65324165 0.0468577734375 0.6493123765625 0.0418963609375 0.65225933125 0.03748621875 0.6640471515625 0.025909592187500004 0.6817288796875001 0.025909592187500004 0.7347740671875 0.02866593125 0.7721021609375 0.027012128125 0.7937131625 0.029768467187499998 0.7966601171875001
1 0.6003307609374999 0.5039292734374999 0.6130099234374999 0.504911590625 0.6102535828125 0.480353634375 0.6168687984375001 0.46070726874999995 0.6168687984375001 0.4390962671875 0.6074972437499999 0.41453831093750004 0.60363836875 0.415520628125 0.601433296875 0.42730844843750004 0.6003307609374999 0.4616895875 0.601433296875 0.48526522656250004 0.6041896359375001 0.494106090625 0.6003307609374999 0.5039292734374999
1 0.6124586546875 0.7406679765625 0.6085997796875 0.7465618859375 0.6085997796875 0.750491159375 0.6130099234374999 0.7524557953125 0.630099228125 0.7455795671875001 0.634509371875 0.73084479375 0.6367144437500001 0.7288801578124999 0.642227121875 0.750491159375 0.6394707828125 0.7779960703125 0.6504961406249999 0.7779960703125 0.6521499453125 0.770137525 0.6482910687500001 0.762278978125 0.6477398015625 0.69253438125 0.655457553125 0.685658153125 0.6565600875000001 0.673870334375 0.655457553125 0.6620825140625 0.651047409375 0.6512770140625 0.6504961406249999 0.6316306484374999 0.6433296578125 0.6306483296875001 0.6416758546875 0.635559921875 0.6416758546875 0.646365421875 0.636163175 0.65225933125 0.630099228125 0.66699410625 0.6273428890625 0.6777996078124999 0.6289966921875 0.7328094296875001 0.625689084375 0.736738703125 0.6124586546875 0.7406679765625
1 0.24751929375 0.9656188609375 0.24862182968750002 0.94891945 0.2464167578125 0.9400785859375 0.23594266875 0.9400785859375 0.231532525 0.9597249515625 0.22712238125 0.96267190625 0.22216097031249998 0.97544204375 0.21885336249999998 0.99901768125 0.2546857765625 0.99901768125 0.2513781703125 0.974459725 0.24751929375 0.9656188609375
1 0.472987871875 0.6129666015625 0.47353914062499997 0.6178781921875001 0.4779492828125 0.6178781921875001 0.48070562343749995 0.634577603125 0.47905181875 0.65422396875 0.4840132296875 0.659135559375 0.4862183015625 0.6561886046875001 0.485115765625 0.6365422390625 0.4873208375 0.6110019640625 0.4944873203125 0.5874263265625 0.49558985624999996 0.5726915515625 0.502205071875 0.5618860515625 0.502205071875 0.5550098234374999 0.49558985624999996 0.5422396859374999 0.49503858906250003 0.5294695484374999 0.49228224843749996 0.52455795625 0.4873208375 0.525540275 0.485115765625 0.5363457765625 0.47905181875 0.5432220046875 0.47519294375000004 0.5550098234374999 0.4779492828125 0.5746561890625 0.4779492828125 0.5923379171875001 0.472987871875 0.60117878125 0.472987871875 0.6129666015625
1 0.1968026453125 0.5530451859375 0.19955898593750002 0.5599214140625 0.19900771718750002 0.5795677796875001 0.20286659375 0.5805500984374999 0.208379271875 0.5491159140625 0.20948180781249998 0.52652259375 0.212789415625 0.519646365625 0.2160970234375 0.5 0.2155457546875 0.4872298625 0.20948180781249998 0.469548134375 0.2039691296875 0.468565815625 0.200110253125 0.47249508906250004 0.19900771718750002 0.481335953125 0.192392503125 0.50098231875 0.191841234375 0.51178781875 0.196251378125 0.5216110015625001 0.19790518125 0.5343811390625001 0.1968026453125 0.5530451859375
1 0.0777287765625 0.99901768125 0.10859977968750001 0.99901768125 0.10970231562499999 0.9646365421875001 0.106945975 0.9557956781250001 0.0964718859375 0.94793713125 0.097023153125 0.9312377203125 0.09536934999999999 0.9204322203125 0.084895259375 0.9194499015625001 0.080485115625 0.9273084484374999 0.080485115625 0.94891945 0.0738699 0.9567779953125 0.0738699 0.9783889984374999 0.0777287765625 0.99901768125