2 0.14057331875 0.671905696875 0.12568908437499998 0.647347740625 0.121830209375 0.647347740625 0.12127894218749999 0.65225933125 0.1328555671875 0.673870334375 0.1378169796875 0.6748526515625 0.14057331875 0.671905696875
2 0.5727673656250001 0.482318271875 0.5815876515625 0.453831040625 0.5815876515625 0.4390962671875 0.568357221875 0.48526522656250004 0.564498346875 0.494106090625 0.5600882031250001 0.49803536406250004 0.5589856671875 0.505893909375 0.5611907390625 0.506876228125 0.572216096875 0.4901768171875 0.5727673656250001 0.482318271875
2 0.14718853437499999 0.9783889984374999 0.14718853437499999 0.98821218125 0.1477398015625 0.9823182718749999 0.14718853437499999 0.9783889984374999
2 0.14718853437499999 0.974459725 0.1433296578125 0.943025540625 0.142778390625 0.9145383109375 0.1394707828125 0.91159135625 0.14002205 0.94793713125 0.142227121875 0.953831040625 0.1433296578125 0.9705304515625001 0.14718853437499999 0.974459725
2 0.7646086000000001 0.53732809375 0.7651598671875 0.532416503125 0.7353913999999999 0.53732809375 0.7342888640624999 0.5383104125 0.737596471875 0.5412573671875001 0.7519294375000001 0.5402750484375 0.7646086000000001 0.53732809375
2 0.22243159218750003 0.5717270937500001 0.23042998906249998 0.584479371875 0.23164658125 0.5923379171875001 0.2348401328125 0.5923379171875001 0.2342888640625 0.5805500984374999 0.2238147734375 0.5667976421875001 0.22243159218750003 0.5717270937500001
2 0.23869900781250003 0.6060903734374999 0.231694784375 0.59264929375 0.2348401328125 0.6129666015625 0.23869900781250003 0.616895875 0.23869900781250003 0.6060903734374999
0 0.15214994531249998 0.672888015625 0.14939360468750001 0.6699410609374999 0.1433296578125 0.673870334375 0.1433296578125 0.6807465625 0.1477398015625 0.6807465625 0.151047409375 0.6777996078124999 0.15214994531249998 0.672888015625
1 0.14718853437499999 0.97544204375 0.1433296578125 0.9656188609375 0.13506063906250002 0.96070726875 0.134509371875 0.9332023578124999 0.13065049687500002 0.9273084484374999 0.12568908437499998 0.928290765625 0.121830209375 0.9341846765625 0.12017640624999999 0.9518664046875 0.1119073875 0.9666011781250001 0.1102535828125 0.9783889984374999 0.1124586546875 0.99901768125 0.14718853437499999 0.99901768125 0.14718853437499999 0.97544204375
1 0.8153252484375001 0.7269155203125 0.8015435500000001 0.7337917484375 0.8009922828124999 0.74459725 0.8037486218750001 0.749508840625 0.8087100328125001 0.7406679765625 0.8213891953125 0.7396856578125 0.8224917312500001 0.748526521875 0.8175303203125001 0.7711198421875001 0.820286659375 0.775049115625 0.8263506062499999 0.775049115625 0.8307607499999999 0.7711198421875001 0.8296582140625001 0.761296659375 0.83517089375 0.7455795671875001 0.8357221609375 0.6886051078125 0.8395810359375 0.684675834375 0.8506063953125 0.685658153125 0.8517089312499999 0.6817288796875001 0.84674751875 0.6748526515625 0.8434399125 0.6571709234374999 0.8379272328124999 0.6434184671875001 0.8373759640625 0.62671905625 0.834619625 0.6237721015625 0.83020948125 0.6237721015625 0.8274531421875 0.627701375 0.8263506062499999 0.6404715125 0.8175303203125001 0.647347740625 0.8131201765625 0.6571709234374999 0.8125689078124999 0.6807465625 0.8169790515625 0.7062868375 0.8169790515625 0.722986246875 0.8153252484375001 0.7269155203125
1 0.0959206171875 0.6935167 0.099228225 0.6935167 0.0997794921875 0.6836935171875 0.10859977968750001 0.65225933125 0.1124586546875 0.659135559375 0.11135611875 0.6905697453124999 0.1119073875 0.6935167 0.1163175296875 0.6935167 0.11852260156250001 0.6886051078125 0.117420065625 0.678781925 0.12017640624999999 0.648330059375 0.12127894218749999 0.5726915515625 0.11962513749999999 0.5677799609374999 0.1124586546875 0.569744596875 0.10859977968750001 0.5874263265625 0.0997794921875 0.6060903734374999 0.0997794921875 0.65225933125 0.0959206171875 0.672888015625 0.09481808124999999 0.6905697453124999 0.0959206171875 0.6935167
1 0.033076074999999996 0.65225933125 0.043550165625 0.65324165 0.047409040624999996 0.65225933125 0.0534729875 0.6444007859374999 0.060088203124999996 0.64243615 0.06174200625 0.6296660125 0.05788313125 0.6188605109374999 0.0589856671875 0.6051080546875001 0.0573318640625 0.6001964640625 0.056229328125 0.571709234375 0.0534729875 0.56483300625 0.0507166484375 0.5471512765625001 0.042998896875 0.546168959375 0.0402425578125 0.55009823125 0.0385887546875 0.5677799609374999 0.035281146875 0.5736738703125 0.0336273421875 0.5913555984375 0.0319735390625 0.5943025546875 0.033076074999999996 0.621807465625 0.026460859375 0.6375245578125 0.02866593125 0.647347740625 0.033076074999999996 0.65225933125
1 0.960859978125 0.7789783890625 0.960859978125 0.8300589390625 0.9685777281249999 0.85854616875 0.96306505 0.8644400781250001 0.960859978125 0.87131630625 0.9707828 0.8752455796874999 0.977398015625 0.872298625 0.973539140625 0.84675835 0.9746416765625 0.8310412578124999 0.9829106953125001 0.8133595281250001 0.985667034375 0.8133595281250001 0.9873208375000001 0.8094302546875 0.9829106953125001 0.800589390625 0.9840132296874999 0.75638506875 0.981808159375 0.7416502953124999 0.977398015625 0.7278978390625 0.9718853359375 0.7200392921875001 0.9746416765625 0.7062868375 0.9729878718749999 0.6944990171875001 0.9619625140625001 0.6944990171875001 0.9597574421875 0.7072691546875001 0.9592061734374999 0.7455795671875001 0.9558985671875 0.7603143421875 0.9558985671875 0.770137525 0.960859978125 0.7789783890625
1 0.18357221562499998 0.9774066796875 0.17916207343749999 0.969548134375 0.17916207343749999 0.9636542234375 0.18191841250000002 0.9567779953125 0.18136714375000001 0.9410609031250001 0.175854465625 0.93516699375 0.1686879828125 0.93713163125 0.163726571875 0.96070726875 0.15711135625 0.96267190625 0.14939360468750001 0.97347740625 0.1488423375 0.9872298625000001 0.150496140625 0.99901768125 0.1824696796875 0.99901768125 0.18357221562499998 0.9774066796875
1 0.7651598671875 0.6001964640625 0.7723263499999999 0.6001964640625 0.7717750828125001 0.5864440078125 0.7739801546875 0.5815324171875 0.7866593171875 0.5943025546875 0.7866593171875 0.5805500984374999 0.7778390296875 0.5726915515625 0.7761852265625 0.5677799609374999 0.7816979046875 0.517681728125 0.7734288859375 0.5 0.7717750828125001 0.4901768171875 0.7668136718749999 0.48821218125000004 0.7646086000000001 0.493123771875 0.7646086000000001 0.5540275046875001 0.7668136718749999 0.584479371875 0.7635060640625 0.595284871875 0.7651598671875 0.6001964640625
1 0.24145534687499998 0.6237721015625 0.24366041875 0.65422396875 0.24751929375 0.6552062875 0.2480705625 0.65324165 0.2431091515625 0.6453831046875 0.2431091515625 0.6385068765625 0.24751929375 0.638261296875 0.2480705625 0.6444007859374999 0.24751929375 0.622789784375 0.2447629546875 0.6041257375 0.2447629546875 0.5864440078125 0.24751929375 0.5687622796875 0.2469680265625 0.546168959375 0.23980154374999998 0.5343811390625001 0.23759647187500002 0.52455795625 0.233186328125 0.5216110015625001 0.23042998906249998 0.525540275 0.225468578125 0.5491159140625 0.22160970156249998 0.5550098234374999 0.2205071671875 0.5677799609374999 0.22987872031249998 0.583497053125 0.2348401328125 0.6051080546875001 0.24145534687499998 0.6237721015625
1 0.21444321875 0.99901768125 0.212789415625 0.97544204375 0.20948180781249998 0.9616895875000001 0.208930540625 0.9410609031250001 0.20672546875000003 0.93713163125 0.20286659375 0.93713163125 0.1951488421875 0.94793713125 0.1912899671875 0.9636542234375 0.18412348437499998 0.97544204375 0.1852260203125 0.99901768125 0.21444321875 0.99901768125
1 0.0567805953125 0.8821218078124999 0.0490628453125 0.8821218078124999 0.047409040624999996 0.8870333984375 0.056229328125 0.8978389 0.056229328125 0.9322200390625 0.05788313125 0.9400785859375 0.0667034171875 0.9567779953125 0.070011025 0.9567779953125 0.0777287765625 0.902750490625 0.0777287765625 0.8683693515625001 0.0738699 0.8555992140625 0.06615214999999999 0.84675835 0.06560088124999999 0.8339882125000001 0.06339581093749999 0.827111984375 0.0534729875 0.827111984375 0.0501653796875 0.8339882125000001 0.0507166484375 0.8497053046874999 0.05788313125 0.8644400781250001 0.05788313125 0.878192534375 0.0567805953125 0.8821218078124999
1 0.989525909375 0.671905696875 0.981256890625 0.6817288796875001 0.9823594265625 0.685658153125 0.98787210625 0.6895874265625 0.9928335171875 0.6886051078125 0.9950385890625 0.684675834375 0.996141125 0.6709233796875 0.9994487328125 0.667976425 0.9994487328125 0.55108055 0.9972436609375 0.55108055 0.996141125 0.5559921421875 0.996141125 0.5785854609375 0.9911797140624999 0.58840864375 0.9944873203125001 0.6060903734374999 0.9922822484375 0.622789784375 0.9911797140624999 0.660117878125 0.989525909375 0.671905696875
1 0.5876515984374999 0.738703340625 0.5937155453125 0.7406679765625 0.59536935 0.736738703125 0.59536935 0.7220039296875 0.5986769562500001 0.7161100203124999 0.6041896359375001 0.6944990171875001 0.6080485109375 0.6581532421875 0.6108048515625 0.6512770140625 0.6157662625 0.646365421875 0.6157662625 0.635559921875 0.6080485109375 0.6188605109374999 0.6041896359375001 0.60117878125 0.597023153125 0.60314341875 0.59536935 0.6188605109374999 0.58710033125 0.6316306484374999 0.5876515984374999 0.667976425 0.59095920625 0.686640471875 0.59095920625 0.7082514734375 0.5876515984374999 0.738703340625
1 0.2866593171875 0.9872298625000001 0.283351709375 0.980353634375 0.2850055125 0.97347740625 0.2850055125 0.9587426328124999 0.2811466375 0.953831040625 0.2734288859375 0.953831040625 0.2701212796875 0.9587426328124999 0.26901874375 0.97347740625 0.26074972500000004 0.9823182718749999 0.257993384375 0.9911591359375 0.257993384375 0.99901768125 0.2883131203125 0.99901768125 0.2866593171875 0.9872298625000001
1 0.5694597578125 0.5108055015625 0.5694597578125 0.5166994109374999 0.5733186328125 0.5166994109374999 0.5793825796875 0.506876228125 0.584895259375 0.506876228125 0.5865490624999999 0.51375245625 0.5937155453125 0.5108055015625 0.59095920625 0.49803536406250004 0.5904079375 0.48330058906250006 0.59481808125 0.4587426328125 0.59536935 0.430255403125 0.59095920625 0.4106090375 0.5865490624999999 0.4106090375 0.5832414546875 0.415520628125 0.5793825796875 0.45284872343749993 0.5788313125 0.481335953125 0.57442116875 0.5029469546875001 0.5694597578125 0.5108055015625
1 0.1025358328125 0.969548134375 0.10859977968750001 0.9646365421875001 0.106945975 0.9508840859375001 0.10804851093750001 0.9017681734374999 0.1041896359375 0.891944990625 0.105843440625 0.8644400781250001 0.10363836875000002 0.8595284875000001 0.097023153125 0.85854616875 0.092613009375 0.8644400781250001 0.092613009375 0.8801571703125 0.080485115625 0.8978389 0.0777287765625 0.9066797640625 0.076626240625 0.9214145390624999 0.0755237046875 0.9911591359375 0.080485115625 0.99901768125 0.0997794921875 0.99901768125 0.1025358328125 0.969548134375