2 0.3732083796875 0.929273084375 0.37651598750000004 0.9106090375000001 0.3754134515625 0.9076620828124999 0.3732083796875 0.9076620828124999 0.3649393609375 0.96070726875 0.361080484375 0.969548134375 0.3605292171875 0.97347740625 0.365490628125 0.9705304515625001 0.365490628125 0.97488071875 0.36714443281250003 0.9656188609375 0.373759646875 0.94891945 0.3732083796875 0.929273084375
2 0.36328555625000003 0.9872298625000001 0.3653574359375 0.9756266390624999 0.3605292171875 0.9823182718749999 0.361631753125 0.9872298625000001 0.36328555625000003 0.9872298625000001
2 0.7816979046875 0.9194499015625001 0.7789535937500001 0.920507234375 0.7800441015625 0.9273084484374999 0.78941565625 0.92239685625 0.8004410140625 0.9135559921875 0.8009922828124999 0.9066797640625 0.7965821390625 0.9066797640625 0.7816979046875 0.9194499015625001
2 0.7787840609375001 0.9205725515625 0.7613009921875 0.9273084484374999 0.7607497249999999 0.9390962671875001 0.7651598671875 0.9400785859375 0.7712238140625 0.9322200390625 0.7712238140625 0.9253438109375001 0.7756339578125 0.928290765625 0.7756339578125 0.923379175 0.7787840609375001 0.9205725515625
1 0.5242557890625 0.6001964640625 0.5214994484375 0.6129666015625 0.5303197359375 0.61394891875 0.5319735390625 0.610019646875 0.5347298781250001 0.61394891875 0.5413450937500001 0.6129666015625 0.5413450937500001 0.60117878125 0.5363836828124999 0.5943025546875 0.5336273421875 0.5805500984374999 0.5347298781250001 0.5471512765625001 0.533076075 0.533398821875 0.5220507171875 0.5039292734374999 0.518191840625 0.5039292734374999 0.5165380374999999 0.506876228125 0.5159867703125001 0.544204321875 0.518743109375 0.5530451859375 0.518191840625 0.58840864375 0.5242557890625 0.6001964640625
1 0.865490628125 0.65324165 0.8638368249999999 0.667976425 0.87210584375 0.6689587421875001 0.8737596468750001 0.6660117875 0.8737596468750001 0.65324165 0.8765159875 0.647347740625 0.8732083796874999 0.6237721015625 0.8737596468750001 0.6178781921875001 0.8781697906250001 0.610019646875 0.8781697906250001 0.5815324171875 0.8632855562499999 0.5491159140625 0.8594266812500001 0.5471512765625001 0.857772878125 0.55009823125 0.857221609375 0.5609037328124999 0.8605292171875 0.5795677796875001 0.85997795 0.633595284375 0.865490628125 0.65324165
1 0.3384785 0.7711198421875001 0.3401323046875 0.775049115625 0.3384785 0.7868369359375 0.33131201718750003 0.801571709375 0.32579933906249997 0.8300589390625 0.31863285625 0.8418467578125 0.32249173125 0.84675835 0.3291069453125 0.84675835 0.33076075 0.8310412578124999 0.33461962500000003 0.8172888015625001 0.33902976875 0.8133595281250001 0.3472987875 0.8251473484374999 0.3511576625 0.827111984375 0.3550165375 0.8428290765625001 0.3588754140625 0.84577603125 0.361631753125 0.826129665625 0.353362734375 0.8172888015625001 0.3500551265625 0.8094302546875 0.352811465625 0.7917485265625 0.35611907343750004 0.787819253125 0.35777287812499997 0.7779960703125 0.3566703421875 0.7426326125 0.35611907343750004 0.736738703125 0.34785005468749997 0.722986246875 0.34674751875 0.7072691546875001 0.3417861078125 0.7043222 0.3384785 0.7082514734375 0.3384785 0.748526521875 0.332965821875 0.7652259328125 0.3230429984375 0.7789783890625 0.3230429984375 0.7829076625 0.3291069453125 0.7868369359375 0.33572216093749996 0.7721021609375 0.3384785 0.7711198421875001
1 0.8042998890625 0.9204322203125 0.8120176406249999 0.9302554031250001 0.8092613015625 0.9587426328124999 0.80981256875 0.99901768125 0.81863285625 0.99901768125 0.8197353906249999 0.9960707265625001 0.8180815875 0.9666011781250001 0.8208379265625 0.9587426328124999 0.8241455343749999 0.9587426328124999 0.834619625 0.974459725 0.857772878125 0.9783889984374999 0.865490628125 0.9921414531250001 0.869349503125 0.9911591359375 0.869349503125 0.969548134375 0.8665931640625001 0.9656188609375 0.8550165375000001 0.9656188609375 0.8517089312499999 0.9616895875000001 0.8373759640625 0.96070726875 0.8357221609375 0.9577603140625 0.834619625 0.9449901765625001 0.8307607499999999 0.9341846765625 0.828555678125 0.9066797640625 0.8213891953125 0.872298625 0.80981256875 0.8546168953125 0.8070562296875 0.8339882125000001 0.7965821390625 0.8339882125000001 0.795479603125 0.8546168953125 0.8031973546875 0.8634577609375 0.8054024249999999 0.89685658125 0.8042998890625 0.9204322203125
1 0.1598676953125 0.6404715125 0.1686879828125 0.63948919375 0.1725468578125 0.635559921875 0.17364939375 0.627701375 0.16923925 0.616895875 0.16923925 0.5933202359374999 0.16758544687500002 0.584479371875 0.155457553125 0.5559921421875 0.14829106875 0.5599214140625 0.14718853437499999 0.57563850625 0.1394707828125 0.597249509375 0.138919515625 0.63948919375 0.142227121875 0.647347740625 0.150496140625 0.6493123765625 0.1598676953125 0.6404715125
1 0.32635060625 0.9833005890625 0.328555678125 0.9783889984374999 0.33020948125 0.9567779953125 0.3213891953125 0.9410609031250001 0.3213891953125 0.9204322203125 0.319735390625 0.917485265625 0.3125689078125 0.9145383109375 0.30981256875 0.9184675828125 0.308158765625 0.93713163125 0.30374862187499996 0.9410609031250001 0.29713340625 0.9557956781250001 0.295479603125 0.97347740625 0.3009922828125 0.99901768125 0.32635060625 0.99901768125 0.32635060625 0.9833005890625
1 0.08710033125 0.7465618859375 0.09095920625000001 0.7573673875 0.09481808124999999 0.7593320234375 0.0997794921875 0.7583497046875001 0.09867695625 0.7416502953124999 0.10529217187499999 0.7328094296875001 0.1124586546875 0.7318271125 0.11466372656249998 0.7003929265625 0.117420065625 0.686640471875 0.122381478125 0.6748526515625 0.14002205 0.6935167 0.1372657109375 0.6905697453124999 0.14002205 0.686640471875 0.13009922812500002 0.6512770140625 0.133958103125 0.63948919375 0.1328555671875 0.622789784375 0.12568908437499998 0.621807465625 0.121830209375 0.62671905625 0.10970231562499999 0.6561886046875001 0.10804851093750001 0.6650294703124999 0.1041896359375 0.6699410609374999 0.10363836875000002 0.7082514734375 0.097023153125 0.7269155203125 0.09206174218749999 0.7337917484375 0.08710033125 0.7465618859375
1 0.485115765625 0.6188605109374999 0.4906284453125 0.5923379171875001 0.49117971406249994 0.5599214140625 0.49503858906250003 0.546168959375 0.49503858906250003 0.5383104125 0.4862183015625 0.5225933203124999 0.4823594265625 0.507858546875 0.4779492828125 0.5088408640625001 0.476846746875 0.5235756390625 0.47353914062499997 0.533398821875 0.472987871875 0.556974459375 0.47739801562500006 0.5687622796875 0.481256890625 0.61591355625 0.485115765625 0.6188605109374999
1 0.35722160937499997 0.99901768125 0.3588754140625 0.995088409375 0.3588754140625 0.97544204375 0.35170893125 0.9587426328124999 0.353362734375 0.94891945 0.35170893125 0.9332023578124999 0.3472987875 0.9312377203125 0.340683571875 0.9361493125000001 0.33902976875 0.9528487234374999 0.33076075 0.9577603140625 0.3296582140625 0.96267190625 0.326901875 0.9823182718749999 0.326901875 0.995088409375 0.328555678125 0.99901768125 0.35722160937499997 0.99901768125
1 0.3936052921875 0.97544204375 0.3880926125 0.96267190625 0.38974641718749997 0.9449901765625001 0.386438809375 0.93713163125 0.378169790625 0.9361493125000001 0.3754134515625 0.9400785859375 0.373759646875 0.9557956781250001 0.366041896875 0.9656188609375 0.36383682500000003 0.980353634375 0.3621830203125 0.9823182718749999 0.361631753125 0.99901768125 0.39525909531250003 0.99901768125 0.39636163125 0.994106090625 0.3936052921875 0.97544204375
1 0.7877618515625 0.6257367390625 0.7822491734375 0.635559921875 0.7883131203125 0.646365421875 0.7921719953124999 0.6434184671875001 0.7993384781249999 0.627701375 0.8114663734375 0.6110019640625 0.81367144375 0.5992141453125 0.8213891953125 0.5815324171875 0.8208379265625 0.5687622796875 0.8103638375 0.545186640625 0.8070562296875 0.5471512765625001 0.8004410140625 0.56483300625 0.7965821390625 0.5805500984374999 0.7949283359375 0.6041257375 0.791069459375 0.6110019640625 0.7877618515625 0.6257367390625
0 0.1580115765625 0.747933203125 0.1586576625 0.7504007859375 0.16059536875 0.7504833 0.1622557890625 0.7495785859375 0.1628092609375 0.7460412578125 0.16207111406250002 0.7442318265625001 0.16059536875 0.74390275 0.1591648296875 0.7443143421875 0.15851929375 0.7454656187500001 0.1580115765625 0.747933203125