2 0.48291069531249997 0.8939096265625001 0.481256890625 0.9017681734374999 0.496141125 0.8939096265625001 0.4966923921875 0.8909626718749999 0.4906284453125 0.8889980359375 0.47829196406249996 0.8947326500000001 0.48291069531249997 0.8939096265625001
2 0.472987871875 0.9047151281250001 0.4762954796875 0.9017681734374999 0.47735361875000004 0.895168840625 0.465270121875 0.9007858546874999 0.46471885312500005 0.9047151281250001 0.472987871875 0.9047151281250001
2 0.7370452046875 0.6552062875 0.7403528109375 0.65324165 0.737596471875 0.64243615 0.7331863281250001 0.64243615 0.73098125625 0.6434184671875001 0.73098125625 0.647347740625 0.733737596875 0.65225933125 0.7370452046875 0.6552062875
2 0.8472987875 0.7092337921875 0.8555678062500001 0.6964636546875 0.8561190734374999 0.685658153125 0.8517089312499999 0.6895874265625 0.8511576625 0.7003929265625 0.844542446875 0.7043222 0.8379272328124999 0.7200392921875001 0.834619625 0.722986246875 0.824696803125 0.7200392921875001 0.8241455343749999 0.724950884375 0.8274531421875 0.7318271125 0.8379272328124999 0.7328094296875001 0.8472987875 0.7092337921875
2 0.6415380374999999 0.787819253125 0.6433296578125 0.7829076625 0.6447078281249999 0.787819253125 0.651047409375 0.787819253125 0.6477398015625 0.7829076625 0.630650496875 0.7799607078124999 0.630099228125 0.7848722984375 0.6328555671875 0.7868369359375 0.6356119078125 0.78192534375 0.6391951484375 0.78192534375 0.638368246875 0.787819253125 0.6415380374999999 0.787819253125
2 0.2574421171875 0.634577603125 0.26130099218749997 0.634577603125 0.2635060640625 0.6306483296875001 0.26130099218749997 0.6237721015625 0.25248070624999996 0.620825146875 0.23814773906250003 0.60117878125 0.2342888640625 0.60117878125 0.2348401328125 0.6051080546875001 0.25248070624999996 0.6296660125 0.2574421171875 0.634577603125
2 0.4476295484375 0.5432220046875 0.45038588749999997 0.5383104125 0.4558985671875 0.53732809375 0.4581036390625 0.5294695484374999 0.45479603125 0.52652259375 0.4432194046875 0.532416503125 0.4415656015625 0.53732809375 0.44211686875 0.5491159140625 0.44707827968749997 0.55009823125 0.4476295484375 0.5432220046875
2 0.7905181921875 0.620825146875 0.7921719953124999 0.6110019640625 0.78941565625 0.609037328125 0.782800440625 0.622789784375 0.770672546875 0.6237721015625 0.770672546875 0.6306483296875001 0.7739801546875 0.634577603125 0.782800440625 0.635559921875 0.7905181921875 0.620825146875
2 0.9994487328125 0.65225933125 0.99558985625 0.6493123765625 0.981256890625 0.6493123765625 0.9807056234375 0.6561886046875001 0.9829106953125001 0.659135559375 0.9994487328125 0.659135559375 0.9994487328125 0.65225933125
2 0.648347946875 0.7832117125 0.6493936046875 0.788801571875 0.66097023125 0.7907662078125 0.6659316421875 0.7789783890625 0.66482910625 0.7711198421875001 0.6604189640625 0.7711198421875001 0.6538037484375 0.7838899796875001 0.648347946875 0.7832117125
2 0.636163175 0.78192534375 0.638000734375 0.78192534375 0.630099228125 0.780943025 0.630650496875 0.7848722984375 0.633958103125 0.7868369359375 0.636163175 0.78192534375
2 0.64259481875 0.787819253125 0.6438809265625001 0.7829076625 0.6457183015625 0.787819253125 0.6481450171875001 0.7831864859375 0.6397363265625 0.7821411125 0.6394707828125 0.787819253125 0.64259481875 0.787819253125
1 0.49173098125000003 0.8398821218749999 0.49007717812499996 0.851669940625 0.496141125 0.8880157171875 0.502205071875 0.9007858546874999 0.5071664828125 0.92436149375 0.5077177515625 0.9400785859375 0.5126791625 0.96267190625 0.5126791625 0.995088409375 0.5203969125000001 0.994106090625 0.5214994484375 0.9783889984374999 0.53748621875 0.9901768171875001 0.5402425578125001 0.9852652265625 0.539691290625 0.9783889984374999 0.52866593125 0.96267190625 0.5214994484375 0.9449901765625001 0.5220507171875 0.9332023578124999 0.526460859375 0.923379175 0.5292171999999999 0.9056974453125 0.5297684671875 0.8752455796874999 0.5341786109375 0.8703339874999999 0.5358324140625 0.8634577609375 0.5347298781250001 0.84774066875 0.5303197359375 0.8349705296875 0.52480705625 0.827111984375 0.5088202859375001 0.8143418468749999 0.5071664828125 0.7927308453124999 0.5 0.7917485265625 0.49558985624999996 0.801571709375 0.49724366093750005 0.8133595281250001 0.5 0.8182711203125 0.5 0.826129665625 0.49173098125000003 0.8398821218749999
1 0.9531422265625 0.6001964640625 0.9520396906249999 0.6178781921875001 0.948732084375 0.627701375 0.948180815625 0.6453831046875 0.948732084375 0.647347740625 0.952590959375 0.6385068765625 0.9570011031250001 0.620825146875 0.9597574421875 0.616895875 0.964718853125 0.6237721015625 0.9658213890624999 0.6316306484374999 0.9658213890624999 0.63948919375 0.9614112453124999 0.660117878125 0.964718853125 0.6886051078125 0.96306505 0.6935167 0.956449834375 0.6954813359375 0.9553472984375 0.7003929265625 0.956449834375 0.7033398828124999 0.9663726578125 0.7082514734375 0.960859978125 0.7200392921875001 0.9614112453124999 0.723968565625 0.964718853125 0.7269155203125 0.9779492828125 0.7269155203125 0.9807056234375 0.723968565625 0.9807056234375 0.7200392921875001 0.9779492828125 0.7141453828125 0.97519294375 0.6964636546875 0.9762954796875001 0.6886051078125 0.973539140625 0.6660117875 0.9807056234375 0.6552062875 0.9829106953125001 0.6316306484374999 0.9862183015625 0.6178781921875001 0.985667034375 0.6060903734374999 0.973539140625 0.5726915515625 0.9674751921875 0.5638506875 0.960859978125 0.5609037328124999 0.9581036390625 0.544204321875 0.948732084375 0.5422396859374999 0.9465270125 0.545186640625 0.9448732078125 0.55009823125 0.9448732078125 0.56286836875 0.9503858875000001 0.5726915515625 0.9531422265625 0.6001964640625
1 0.1764057328125 0.5933202359374999 0.1780595375 0.6188605109374999 0.1708930546875 0.635559921875 0.16923925 0.646365421875 0.16207276718750002 0.6620825140625 0.1615215 0.667976425 0.165380375 0.672888015625 0.175854465625 0.6748526515625 0.1780595375 0.672888015625 0.17916207343749999 0.6650294703124999 0.1852260203125 0.6640471515625 0.18357221562499998 0.6404715125 0.18798235937500002 0.61591355625 0.191841234375 0.6051080546875001 0.1951488421875 0.56483300625 0.200110253125 0.5618860515625 0.21003307656249998 0.571709234375 0.21444321875 0.570726915625 0.200661521875 0.5481335953124999 0.19955898593750002 0.530451865625 0.1957001109375 0.5235756390625 0.1951488421875 0.5039292734374999 0.1934950390625 0.5029469546875001 0.1852260203125 0.504911590625 0.17750826875 0.532416503125 0.16923925 0.546168959375 0.16923925 0.55009823125 0.175303196875 0.557956778125 0.17364939375 0.583497053125 0.1764057328125 0.5933202359374999
1 0.40904079375 0.5432220046875 0.402976846875 0.56286836875 0.39636163125 0.569744596875 0.39581036406250003 0.5785854609375 0.39966923906249996 0.58840864375 0.40407938281250005 0.58840864375 0.41455347343750004 0.57760314375 0.4173098125 0.571709234375 0.4244762953125 0.5658153234375 0.43880926093749995 0.5422396859374999 0.43825799375 0.520628684375 0.4432194046875 0.5039292734374999 0.4432194046875 0.49607072656250006 0.43880926093749995 0.48821218125000004 0.43164277812499996 0.48526522656250004 0.4266813671875 0.479371315625 0.42171995625 0.479371315625 0.41786108125 0.4842829078125 0.4200661515625 0.49607072656250006 0.4200661515625 0.5088408640625001 0.4173098125 0.5294695484374999 0.40904079375 0.5432220046875
1 0.8031973546875 0.5746561890625 0.799889746875 0.5805500984374999 0.799889746875 0.584479371875 0.8026460859375 0.58840864375 0.80595369375 0.5854616890625 0.8081587656250001 0.58840864375 0.8081587656250001 0.6178781921875001 0.8125689078124999 0.6365422390625 0.80981256875 0.6571709234374999 0.8120176406249999 0.660117878125 0.8208379265625 0.660117878125 0.8219404625 0.6453831046875 0.828555678125 0.6434184671875001 0.8296582140625001 0.6404715125 0.8269018750000001 0.5893909625 0.832965821875 0.5667976421875001 0.8335170890624999 0.55108055 0.8257993390625 0.52652259375 0.820286659375 0.5166994109374999 0.8131201765625 0.5098231828124999 0.8081587656250001 0.492141453125 0.8037486218750001 0.49115913593749994 0.8009922828124999 0.494106090625 0.799889746875 0.51178781875 0.8042998890625 0.52455795625 0.8054024249999999 0.5559921421875 0.8031973546875 0.5746561890625
1 0.378169790625 0.5284872296875001 0.3842337375 0.5225933203124999 0.386438809375 0.5166994109374999 0.390297684375 0.5166994109374999 0.39525909531250003 0.53732809375 0.39525909531250003 0.546168959375 0.40407938281250005 0.546168959375 0.40628445468749996 0.5432220046875 0.40463065 0.5383104125 0.39966923906249996 0.5343811390625001 0.39966923906249996 0.49607072656250006 0.4035281140625 0.4872298625 0.40407938281250005 0.4774066796875 0.40738699062499995 0.47544204375000004 0.41289966875 0.481335953125 0.4162072765625 0.479371315625 0.4101433296875 0.46267190625000004 0.41289966875 0.44990176875000004 0.41289966875 0.4361493125 0.41124586562500004 0.4332023578125 0.40518191875 0.4332023578125 0.40132304375 0.443025540625 0.3919514890625 0.44990176875000004 0.382579934375 0.46561886093749993 0.37982359374999997 0.474459725 0.37651598750000004 0.506876228125 0.3726571109375 0.5166994109374999 0.366041896875 0.517681728125 0.3643880921875 0.520628684375 0.35556780625 0.517681728125 0.3522601984375 0.525540275 0.35170893125 0.5402750484375 0.35556780625 0.5402750484375 0.35997795 0.5294695484374999 0.378169790625 0.5284872296875001
1 0.9597574421875 0.545186640625 0.9658213890624999 0.530451865625 0.976846746875 0.5216110015625001 0.9867695703124999 0.5530451859375 0.9906284453125 0.5599214140625 0.9944873203125001 0.5726915515625 0.9944873203125001 0.5785854609375 0.9994487328125 0.5785854609375 0.9994487328125 0.5618860515625 0.9917309812499999 0.545186640625 0.989525909375 0.5275049109375 0.989525909375 0.50098231875 0.99558985625 0.4872298625 0.9944873203125001 0.469548134375 0.9911797140624999 0.4587426328125 0.9823594265625 0.44891945 0.9801543546874999 0.43418467656250004 0.9779492828125 0.4312377203125 0.9718853359375 0.4312377203125 0.9691289968750001 0.43516699374999995 0.9658213890624999 0.49901768124999996 0.956449834375 0.5275049109375 0.9547960312500001 0.5402750484375 0.9597574421875 0.545186640625
1 0.8555678062500001 0.6650294703124999 0.8583241453125 0.6699410609374999 0.8660418968749999 0.6699410609374999 0.865490628125 0.6758349703125 0.85997795 0.685658153125 0.857221609375 0.698428290625 0.8616317531250001 0.7210216109375 0.8616317531250001 0.7337917484375 0.8605292171875 0.7396856578125 0.8517089312499999 0.751473478125 0.8517089312499999 0.7583497046875001 0.8627342890625 0.7583497046875001 0.8621830203125 0.770137525 0.8726571109375 0.770137525 0.8781697906250001 0.762278978125 0.8787210578125 0.7573673875 0.8770672546875 0.7465618859375 0.8737596468750001 0.7406679765625 0.8704520390624999 0.710216109375 0.8765159875 0.7023575640625 0.886438809375 0.673870334375 0.886438809375 0.659135559375 0.8776185218749999 0.6385068765625 0.8765159875 0.622789784375 0.8616317531250001 0.6110019640625 0.8566703421874999 0.610019646875 0.8511576625 0.5943025546875 0.8434399125 0.5933202359374999 0.8417861078125 0.60117878125 0.8500551265625 0.627701375 0.8517089312499999 0.647347740625 0.8555678062500001 0.6650294703124999
1 0.6119073875 0.821218075 0.6185226015625 0.83300589375 0.6245865484374999 0.84577603125 0.626240353125 0.8595284875000001 0.630099228125 0.8634577609375 0.636163175 0.8546168953125 0.6378169796875001 0.8555992140625 0.642227121875 0.8654223968749999 0.6438809265625001 0.8762278984374999 0.6482910687500001 0.88408644375 0.6515986765624999 0.88408644375 0.6504961406249999 0.8654223968749999 0.6444321937499999 0.8555992140625 0.6389195156249999 0.8310412578124999 0.630099228125 0.8113948921875 0.6245865484374999 0.787819253125 0.6168687984375001 0.770137525 0.6168687984375001 0.763261296875 0.621830209375 0.7593320234375 0.6212789421875 0.750491159375 0.6085997796875 0.7278978390625 0.5997794921875 0.7220039296875 0.5981256890625 0.7072691546875001 0.59536935 0.7033398828124999 0.5904079375 0.7033398828124999 0.5865490624999999 0.7082514734375 0.5876515984374999 0.7278978390625 0.5815876515625 0.7416502953124999 0.58213891875 0.76915520625 0.5920617421875 0.7848722984375 0.6003307609374999 0.8123772109375 0.6119073875 0.821218075
1 0.7205071671875001 0.6434184671875001 0.7260198453125 0.673870334375 0.7216097015625 0.6817288796875001 0.7216097015625 0.6886051078125 0.72712238125 0.6895874265625 0.7348401328125 0.684675834375 0.7298787203125 0.6453831046875 0.7370452046875 0.64243615 0.7403528109375 0.635559921875 0.7464167578125 0.6404715125 0.7519294375000001 0.65225933125 0.7568908484375 0.6817288796875001 0.762403528125 0.6817288796875001 0.762403528125 0.673870334375 0.7574421171875 0.648330059375 0.7519294375000001 0.634577603125 0.7519294375000001 0.609037328125 0.7491730984375 0.5726915515625 0.742006615625 0.5550098234374999 0.7425578828125 0.546168959375 0.73980154375 0.53732809375 0.7304299890625 0.5383104125 0.7304299890625 0.557956778125 0.7265711140625 0.5658153234375 0.724917309375 0.57563850625 0.7243660421875 0.59037328125 0.72712238125 0.6149312375 0.7216097015625 0.627701375 0.7205071671875001 0.6434184671875001