2 0.50826901875 0.6188605109374999 0.5033076078125001 0.635559921875 0.50441014375 0.6434184671875001 0.5126791625 0.627701375 0.51212789375 0.6178781921875001 0.50826901875 0.6188605109374999
2 0.4862183015625 0.65422396875 0.4867695703125 0.661100196875 0.4944873203125 0.660117878125 0.49117971406249994 0.65324165 0.4862183015625 0.65422396875
2 0.18798235937500002 0.8438113953125 0.1951488421875 0.8379174859375 0.196251378125 0.8310412578124999 0.18963616249999998 0.8349705296875 0.1808158765625 0.84675835 0.163175303125 0.84774066875 0.16097023125 0.851669940625 0.16482910625 0.8595284875000001 0.17916207343749999 0.8595284875000001 0.18798235937500002 0.8438113953125
2 0.52866593125 0.7200392921875001 0.5259095921875 0.7200392921875001 0.5232351234375 0.723102959375 0.5259095921875 0.7269155203125 0.5303197359375 0.7200392921875001 0.5292171999999999 0.7151277015625 0.52866593125 0.7200392921875001
2 0.5203969125000001 0.7269155203125 0.5224015234375 0.7240578671875 0.518191840625 0.7288801578124999 0.5126791625 0.7406679765625 0.5110564156249999 0.741719471875 0.5132304296875 0.7465618859375 0.5176405734375 0.7406679765625 0.5226019843749999 0.7328094296875001 0.5203969125000001 0.7269155203125
2 0.5071664828125 0.7465618859375 0.5108824375000001 0.7418322046875 0.5005512671875 0.748526521875 0.49558985624999996 0.74459725 0.49173098125000003 0.7455795671875001 0.49173098125000003 0.7524557953125 0.49558985624999996 0.7583497046875001 0.5077177515625 0.7583497046875001 0.5088202859375001 0.7534381140625 0.5071664828125 0.7465618859375
2 0.5358324140625 0.5481335953124999 0.542998896875 0.55108055 0.542998896875 0.546168959375 0.5297684671875 0.5216110015625001 0.5259095921875 0.5216110015625001 0.527012128125 0.5294695484374999 0.5303197359375 0.533398821875 0.5358324140625 0.5481335953124999
0 0.4349503859375 0.5402750484375 0.43439911875000004 0.546168959375 0.439911796875 0.546168959375 0.43880926093749995 0.5402750484375 0.4349503859375 0.5402750484375
1 0.8125689078124999 0.4872298625 0.8169790515625 0.49115913593749994 0.816427784375 0.5284872296875001 0.8125689078124999 0.5383104125 0.8125689078124999 0.5677799609374999 0.8175303203125001 0.5658153234375 0.8213891953125 0.546168959375 0.8219404625 0.5275049109375 0.8307607499999999 0.5 0.832965821875 0.5 0.8461962515625 0.519646365625 0.848952590625 0.519646365625 0.8472987875 0.492141453125 0.8434399125 0.482318271875 0.8434399125 0.467583496875 0.8461962515625 0.45776031406250006 0.8461962515625 0.44793713124999995 0.8428886437499999 0.43222003906250006 0.8291069453125001 0.417485265625 0.8269018750000001 0.402750490625 0.8180815875 0.40176817343750004 0.8158765156250001 0.40667976406250006 0.8158765156250001 0.42436149375000004 0.8087100328125001 0.442043221875 0.80981256875 0.474459725 0.8125689078124999 0.4872298625
1 0.5413450937500001 0.5815324171875 0.5435501656249999 0.5913555984375 0.5490628453124999 0.5913555984375 0.551267915625 0.5874263265625 0.5507166484375 0.583497053125 0.53748621875 0.557956778125 0.5297684671875 0.5491159140625 0.5259095921875 0.546168959375 0.526460859375 0.5559921421875 0.531422271875 0.5677799609374999 0.5413450937500001 0.5815324171875
1 0.4867695703125 0.5284872296875001 0.49117971406249994 0.5363457765625 0.49724366093750005 0.5284872296875001 0.49724366093750005 0.518664046875 0.5027563390625 0.5088408640625001 0.51212789375 0.5108055015625 0.5253583234375 0.5284872296875001 0.533076075 0.5343811390625001 0.5259095921875 0.51178781875 0.5176405734375 0.5039292734374999 0.50826901875 0.4872298625 0.5005512671875 0.482318271875 0.493936053125 0.4616895875 0.4884233734375 0.4616895875 0.4862183015625 0.46561886093749993 0.485115765625 0.4872298625 0.4823594265625 0.49115913593749994 0.4823594265625 0.5108055015625 0.4867695703125 0.5284872296875001
1 0.336273428125 0.584479371875 0.3401323046875 0.584479371875 0.3472987875 0.5933202359374999 0.3472987875 0.6041257375 0.345093715625 0.6129666015625 0.3522601984375 0.620825146875 0.35556780625 0.6385068765625 0.35556780625 0.685658153125 0.3566703421875 0.6886051078125 0.3621830203125 0.6886051078125 0.36659316406250003 0.6817288796875001 0.36328555625000003 0.6709233796875 0.36383682500000003 0.635559921875 0.3605292171875 0.6129666015625 0.3605292171875 0.5864440078125 0.3643880921875 0.570726915625 0.36328555625000003 0.558939096875 0.353362734375 0.5402750484375 0.3506063953125 0.5216110015625001 0.345093715625 0.519646365625 0.340683571875 0.5294695484374999 0.3417861078125 0.5383104125 0.33020948125 0.5609037328124999 0.328555678125 0.5795677796875001 0.33076075 0.5923379171875001 0.33461962500000003 0.5913555984375 0.336273428125 0.584479371875
1 0.3153252484375 0.7043222 0.308158765625 0.7288801578124999 0.3070562296875 0.7465618859375 0.3009922828125 0.7662082515625 0.30374862187499996 0.775049115625 0.308158765625 0.775049115625 0.30981256875 0.7721021609375 0.3125689078125 0.7465618859375 0.3169790515625 0.7337917484375 0.319735390625 0.7170923375 0.328555678125 0.7141453828125 0.33076075 0.7082514734375 0.3335170890625 0.7082514734375 0.3373759640625 0.7151277015625 0.3456449828125 0.7161100203124999 0.3506063953125 0.7210216109375 0.352811465625 0.7406679765625 0.35611907343750004 0.7524557953125 0.3566703421875 0.7789783890625 0.36328555625000003 0.7799607078124999 0.369349503125 0.775049115625 0.3687982359375 0.7671905703124999 0.3649393609375 0.762278978125 0.361631753125 0.751473478125 0.3588754140625 0.7161100203124999 0.3461962515625 0.6758349703125 0.34674751875 0.6660117875 0.3522601984375 0.6640471515625 0.3550165375 0.63948919375 0.35170893125 0.6188605109374999 0.3472987875 0.616895875 0.345093715625 0.6110019640625 0.3472987875 0.6051080546875001 0.3472987875 0.5933202359374999 0.345093715625 0.58840864375 0.3384785 0.5854616890625 0.33572216093749996 0.5893909625 0.3340683578125 0.6129666015625 0.32469680312500004 0.627701375 0.320286659375 0.64243615 0.3153252484375 0.648330059375 0.3042998890625 0.6777996078124999 0.3070562296875 0.6886051078125 0.31642778437499997 0.6905697453124999 0.31642778437499997 0.6935167 0.3153252484375 0.7043222
1 0.76901874375 0.686640471875 0.76405733125 0.698428290625 0.7635060640625 0.7062868375 0.7717750828125001 0.7072691546875001 0.774531421875 0.7033398828124999 0.7778390296875 0.7062868375 0.7778390296875 0.722986246875 0.7739801546875 0.7426326125 0.775082690625 0.7524557953125 0.782800440625 0.762278978125 0.799889746875 0.7662082515625 0.8109151046875 0.7652259328125 0.8208379265625 0.7583497046875001 0.8197353906249999 0.737721021875 0.8147739796875 0.7328094296875001 0.8087100328125001 0.7328094296875001 0.80595369375 0.729862475 0.8114663734375 0.7151277015625 0.8109151046875 0.6915520625 0.8048511578124999 0.671905696875 0.8037486218750001 0.6571709234374999 0.799889746875 0.6434184671875001 0.7916207281250001 0.6296660125 0.791069459375 0.61394891875 0.783351709375 0.6051080546875001 0.7778390296875 0.6060903734374999 0.774531421875 0.61394891875 0.775082690625 0.6257367390625 0.7778390296875 0.6365422390625 0.7734288859375 0.648330059375 0.76901874375 0.686640471875
1 0.535281146875 0.660117878125 0.5413450937500001 0.6768172890625 0.5413450937500001 0.686640471875 0.5385887546875 0.697445971875 0.531422271875 0.711198428125 0.5380374859375 0.7652259328125 0.527012128125 0.7789783890625 0.527012128125 0.7829076625 0.531422271875 0.7868369359375 0.542998896875 0.7868369359375 0.5468577734375 0.7829076625 0.542998896875 0.735756384375 0.5435501656249999 0.724950884375 0.5463065046875 0.7210216109375 0.5573318640625 0.723968565625 0.563947078125 0.7200392921875001 0.5859977953125 0.74459725 0.59536935 0.7583497046875001 0.5964718859375 0.7662082515625 0.601433296875 0.774066796875 0.6052921718750001 0.7721021609375 0.606945975 0.762278978125 0.6041896359375001 0.750491159375 0.597023153125 0.7465618859375 0.589305403125 0.729862475 0.57828004375 0.71807465625 0.5749724359374999 0.678781925 0.564498346875 0.647347740625 0.55788313125 0.633595284375 0.5529217203125001 0.627701375 0.542998896875 0.6257367390625 0.5385887546875 0.61394891875 0.533076075 0.6060903734374999 0.5292171999999999 0.6060903734374999 0.527012128125 0.610019646875 0.527012128125 0.620825146875 0.5303197359375 0.63948919375 0.533076075 0.6444007859374999 0.535281146875 0.660117878125
1 0.07331863281249999 0.6306483296875001 0.0694597578125 0.6365422390625 0.06615214999999999 0.6512770140625 0.0573318640625 0.660117878125 0.0611907390625 0.6777996078124999 0.063947078125 0.6817288796875001 0.0689084890625 0.6817288796875001 0.072216096875 0.6581532421875 0.0771775078125 0.647347740625 0.08213891875 0.62868369375 0.0876515984375 0.6188605109374999 0.09481808124999999 0.6178781921875001 0.0997794921875 0.633595284375 0.10363836875000002 0.6365422390625 0.106945975 0.6444007859374999 0.10859977968750001 0.6581532421875 0.1168687984375 0.6777996078124999 0.11962513749999999 0.69253438125 0.12568908437499998 0.6954813359375 0.1312017640625 0.6935167 0.1328555671875 0.6886051078125 0.122381478125 0.6748526515625 0.11962513749999999 0.6552062875 0.1130099234375 0.634577603125 0.10859977968750001 0.6041257375 0.10915104687499999 0.56286836875 0.105843440625 0.5550098234374999 0.09536934999999999 0.5412573671875001 0.09536934999999999 0.52652259375 0.09151047343749999 0.5235756390625 0.0854465265625 0.52455795625 0.08324145468750001 0.5412573671875001 0.07331863281249999 0.5559921421875 0.07056229375 0.5677799609374999 0.0711135609375 0.576620825 0.07442116875 0.5854616890625 0.0749724359375 0.6188605109374999 0.07331863281249999 0.6306483296875001
1 0.4884233734375 0.57563850625 0.4906284453125 0.584479371875 0.496141125 0.5923379171875001 0.4944873203125 0.6512770140625 0.49834619687500004 0.6827111984374999 0.49503858906250003 0.6935167 0.49724366093750005 0.698428290625 0.5049614109375 0.699410609375 0.5071664828125 0.697445971875 0.5071664828125 0.6935167 0.50441014375 0.6807465625 0.5038588749999999 0.635559921875 0.509922821875 0.621807465625 0.514332965625 0.622789784375 0.5214994484375 0.635559921875 0.52480705625 0.6365422390625 0.533076075 0.6552062875 0.533076075 0.647347740625 0.5275633953125001 0.6326129671875 0.5253583234375 0.5923379171875001 0.5203969125000001 0.5746561890625 0.5214994484375 0.5677799609374999 0.5303197359375 0.570726915625 0.5303197359375 0.5658153234375 0.526460859375 0.557956778125 0.52480705625 0.546168959375 0.509922821875 0.525540275 0.50826901875 0.51178781875 0.4994487328125 0.51178781875 0.49724366093750005 0.5166994109374999 0.49724366093750005 0.5284872296875001 0.48787210625000005 0.5422396859374999 0.489525909375 0.5550098234374999 0.4884233734375 0.57563850625
1 0.45203969062500005 0.468565815625 0.4536934953125 0.5039292734374999 0.46306505 0.519646365625 0.46582138906250004 0.5294695484374999 0.47739801562500006 0.5294695484374999 0.4840132296875 0.5363457765625 0.48787210625000005 0.5363457765625 0.48070562343749995 0.507858546875 0.48070562343749995 0.47544204375000004 0.46416758593749996 0.441060903125 0.457001103125 0.43516699374999995 0.45203969062500005 0.41944990156250006 0.44818081562499995 0.4184675828125 0.443770671875 0.42239685624999995 0.443770671875 0.4361493125 0.44597574375000004 0.441060903125 0.448732084375 0.46070726874999995 0.45203969062500005 0.468565815625
1 0.21003307656249998 0.8055009828124999 0.21003307656249998 0.8094302546875 0.21334068281250002 0.8133595281250001 0.22326350625 0.7976424359375 0.22657111406250002 0.7956778 0.22877618593750002 0.801571709375 0.22657111406250002 0.8310412578124999 0.22657111406250002 0.87328094375 0.2243660421875 0.8889980359375 0.22657111406250002 0.9302554031250001 0.22601984531250002 0.9361493125000001 0.22160970156249998 0.9410609031250001 0.22160970156249998 0.9449901765625001 0.22326350625 0.94891945 0.2342888640625 0.94891945 0.2348401328125 0.878192534375 0.24366041875 0.8555992140625 0.2508269015625 0.8654223968749999 0.25248070624999996 0.8791748531250001 0.257993384375 0.8978389 0.2657111359375 0.91159135625 0.266262403125 0.9440078578125 0.27232635 0.9449901765625001 0.275082690625 0.9390962671875001 0.275082690625 0.9273084484374999 0.27067254687500003 0.90962671875 0.26901874375 0.88605108125 0.26130099218749997 0.8624754421875 0.26019845625000004 0.80746561875 0.25633958125 0.7868369359375 0.2568908484375 0.7730844796875 0.258544653125 0.7721021609375 0.2635060640625 0.7789783890625 0.26791620781250003 0.789783890625 0.27177508281249996 0.8084479375000001 0.27673649375 0.80746561875 0.27673649375 0.801571709375 0.27177508281249996 0.775049115625 0.26130099218749997 0.7455795671875001 0.2568908484375 0.737721021875 0.25192943749999996 0.7328094296875001 0.2464167578125 0.7318271125 0.2431091515625 0.7269155203125 0.2425578828125 0.7043222 0.23869900781250003 0.698428290625 0.23098125625 0.699410609375 0.22877618593750002 0.7043222 0.23042998906249998 0.7337917484375 0.22160970156249998 0.750491159375 0.21719955937500002 0.7927308453124999 0.21003307656249998 0.8055009828124999