2 0.38184509375000003 0.5288143421875 0.38441730937499996 0.5242308453125 0.390297684375 0.525540275 0.3936052921875 0.51375245625 0.390297684375 0.51375245625 0.3787210578125 0.533398821875 0.3792723265625 0.5402750484375 0.38478500625 0.5363457765625 0.386438809375 0.532416503125 0.38184509375000003 0.5288143421875
2 0.1747519296875 0.493123771875 0.1742006609375 0.5 0.17861080468749999 0.5039292734374999 0.171995590625 0.482318271875 0.1686879828125 0.48330058906250006 0.16758544687500002 0.4872298625 0.16923925 0.49115913593749994 0.17171995625 0.4955795671875 0.1747519296875 0.493123771875
2 0.18412348437499998 0.9017681734374999 0.1868798234375 0.9017681734374999 0.18632855625 0.9076620828124999 0.19018743124999998 0.9076620828124999 0.19018743124999998 0.9007858546874999 0.1934950390625 0.9007858546874999 0.1951488421875 0.9066797640625 0.2116868796875 0.89685658125 0.212789415625 0.8889980359375 0.200110253125 0.8948919453125 0.19900771718750002 0.8978389 0.18136714375000001 0.9007858546874999 0.17916207343749999 0.9017681734374999 0.179713340625 0.9066797640625 0.1824696796875 0.9076620828124999 0.18412348437499998 0.9017681734374999
2 0.2403528109375 0.8801571703125 0.24586549062500002 0.8762278984374999 0.23980154374999998 0.87328094375 0.23594266875 0.877210215625 0.23594266875 0.8801571703125 0.23814773906250003 0.8762278984374999 0.2403528109375 0.8801571703125
0 0.19845645 0.5216110015625001 0.1929437703125 0.5235756390625 0.1951488421875 0.533398821875 0.200110253125 0.532416503125 0.200661521875 0.525540275 0.19845645 0.5216110015625001
1 0.8952590953125 0.82023575625 0.8996692390625001 0.8447937124999999 0.9057331859375 0.8644400781250001 0.9040793828125 0.8742632609375001 0.907386990625 0.8811394890625 0.9145534734374999 0.8821218078124999 0.90904079375 0.84675835 0.9128996687500001 0.8447937124999999 0.9140022046875 0.8506876234374999 0.9173098124999999 0.851669940625 0.9217199562499999 0.8438113953125 0.918963615625 0.8123772109375 0.9228224921875 0.7848722984375 0.9288864390624999 0.7721021609375 0.9288864390624999 0.7583497046875001 0.92557883125 0.751473478125 0.923925028125 0.737721021875 0.915656009375 0.724950884375 0.9084895265625 0.719056975 0.907386990625 0.7043222 0.9040793828125 0.7013752453125 0.898566703125 0.7023575640625 0.8980154359375 0.7210216109375 0.8925027562500001 0.7328094296875001 0.8897464171875 0.7455795671875001 0.8897464171875 0.7583497046875001 0.8963616312499999 0.7711198421875001 0.894707828125 0.7917485265625 0.8952590953125 0.82023575625
1 0.015986770312500002 0.99901768125 0.04134509375 0.99901768125 0.0418963609375 0.9833005890625 0.03748621875 0.94793713125 0.026460859375 0.929273084375 0.0214994484375 0.9066797640625 0.012679162499999999 0.9056974453125 0.0077177515625 0.91159135625 0.0055126796875 0.92239685625 0.0088202859375 0.9390962671875001 0.0170893046875 0.9567779953125 0.015986770312500002 0.99901768125
1 0.2122381484375 0.9518664046875 0.208930540625 0.9567779953125 0.208379271875 0.9616895875000001 0.18798235937500002 0.995088409375 0.1874310921875 0.99901768125 0.19018743124999998 0.994106090625 0.19046306562499998 0.99901768125 0.19955898593750002 0.99901768125 0.20507166406250002 0.98821218125 0.21664829062500002 0.97347740625 0.22601984531250002 0.94891945 0.23042998906249998 0.9528487234374999 0.2370452046875 0.99901768125 0.24862182968750002 0.99901768125 0.2513781703125 0.994106090625 0.2442116875 0.9911591359375 0.24200661562499998 0.98624754375 0.23814773906250003 0.9400785859375 0.2342888640625 0.923379175 0.233186328125 0.9056974453125 0.2370452046875 0.8791748531250001 0.2431091515625 0.8752455796874999 0.2552370453125 0.8762278984374999 0.2596471890625 0.8693516703125 0.2596471890625 0.8644400781250001 0.250275634375 0.85854616875 0.24586549062500002 0.8349705296875 0.23759647187500002 0.8241650296874999 0.23759647187500002 0.7966601171875001 0.2320837921875 0.7917485265625 0.22601984531250002 0.7956778 0.22601984531250002 0.82023575625 0.21389195156250002 0.8339882125000001 0.208379271875 0.85756385 0.208379271875 0.8703339874999999 0.2122381484375 0.88408644375 0.21389195156250002 0.9155206281250001 0.2122381484375 0.9518664046875
1 0.105843440625 0.9076620828124999 0.1003307609375 0.9449901765625001 0.10363836875000002 0.995088409375 0.1047409046875 0.99901768125 0.114112459375 0.99901768125 0.1119073875 0.9577603140625 0.113561190625 0.9469548140624999 0.11521499375 0.9440078578125 0.11962513749999999 0.9440078578125 0.12624035312499998 0.96070726875 0.1433296578125 0.9783889984374999 0.1477398015625 0.9891944984375 0.1488423375 0.99901768125 0.158765159375 0.99901768125 0.1604189640625 0.9783889984374999 0.1538037484375 0.97347740625 0.13506063906250002 0.9449901765625001 0.13506063906250002 0.9017681734374999 0.1334068359375 0.88605108125 0.1416758546875 0.872298625 0.142227121875 0.8654223968749999 0.1334068359375 0.8339882125000001 0.13009922812500002 0.8290766203125 0.12568908437499998 0.7966601171875001 0.12293274531250001 0.7927308453124999 0.117971334375 0.7917485265625 0.1124586546875 0.7956778 0.10915104687499999 0.8064833 0.1119073875 0.8339882125000001 0.106945975 0.8762278984374999 0.10859977968750001 0.902750490625 0.105843440625 0.9076620828124999
1 0.15711135625 0.5284872296875001 0.16923925 0.530451865625 0.1708930546875 0.5284872296875001 0.1703417859375 0.52455795625 0.165380375 0.519646365625 0.16207276718750002 0.5108055015625 0.1642778390625 0.50098231875 0.16923925 0.49115913593749994 0.16923925 0.4842829078125 0.1725468578125 0.47544204375000004 0.1725468578125 0.47053045156250006 0.1686879828125 0.45972495156250004 0.1681367140625 0.41453831093750004 0.1604189640625 0.41453831093750004 0.155457553125 0.42730844843750004 0.1527012125 0.42730844843750004 0.14829106875 0.43516699374999995 0.1460859984375 0.44499017656250006 0.1449834625 0.4616895875 0.1543550171875 0.494106090625 0.15214994531249998 0.520628684375 0.15711135625 0.5284872296875001
1 0.5694597578125 0.5540275046875001 0.5738699 0.5913555984375 0.5777287765625 0.6001964640625 0.5777287765625 0.6060903734374999 0.5738699 0.61394891875 0.5727673656250001 0.6237721015625 0.5738699 0.635559921875 0.5777287765625 0.6365422390625 0.5788313125 0.622789784375 0.5854465265625 0.6129666015625 0.5876515984374999 0.597249509375 0.599228225 0.6237721015625 0.6003307609374999 0.6385068765625 0.606945975 0.6385068765625 0.609151046875 0.6316306484374999 0.6085997796875 0.627701375 0.6025358328125 0.61591355625 0.5986769562500001 0.597249509375 0.59536935 0.5913555984375 0.59536935 0.5805500984374999 0.5920617421875 0.5677799609374999 0.5942668140625 0.53732809375 0.5898566703125 0.52455795625 0.5826901875 0.5147347734375 0.5804851156249999 0.50098231875 0.5777287765625 0.495088409375 0.5711135609375 0.495088409375 0.570011025 0.49901768124999996 0.5694597578125 0.519646365625 0.5650496140625 0.530451865625 0.562293275 0.546168959375 0.5694597578125 0.5540275046875001
1 0.40407938281250005 0.5294695484374999 0.40518191875 0.5343811390625001 0.4101433296875 0.532416503125 0.40959206249999996 0.5412573671875001 0.40463065 0.544204321875 0.402976846875 0.556974459375 0.40793825781250004 0.558939096875 0.41179713281249997 0.5540275046875001 0.4101433296875 0.5363457765625 0.41289966875 0.52652259375 0.4173098125 0.52652259375 0.42502756406250003 0.5383104125 0.42833517031249996 0.5383104125 0.429988975 0.5294695484374999 0.4228224921875 0.52455795625 0.42061742031250005 0.517681728125 0.4222712234375 0.49607072656250006 0.41675854531249995 0.47347740624999995 0.40738699062499995 0.455795678125 0.40407938281250005 0.45284872343749993 0.40022050781249996 0.453831040625 0.39966923906249996 0.474459725 0.4035281140625 0.5 0.4057331859375 0.504911590625 0.40407938281250005 0.5294695484374999