2 0.737596471875 0.6257367390625 0.742006615625 0.6188605109374999 0.741455346875 0.6149312375 0.7017640578125001 0.648330059375 0.702315325 0.65324165 0.70672546875 0.65225933125 0.7183020953125 0.63948919375 0.737596471875 0.6257367390625
2 0.6052921718750001 0.5294695484374999 0.5997794921875 0.5294695484374999 0.599228225 0.5343811390625001 0.600882028125 0.5383104125 0.6052921718750001 0.5363457765625 0.6052921718750001 0.5294695484374999
2 0.6085997796875 0.482318271875 0.6085997796875 0.5108055015625 0.6119073875 0.5029469546875001 0.6130099234374999 0.479371315625 0.6085997796875 0.482318271875
2 0.36824696874999996 0.4872298625 0.365490628125 0.479371315625 0.3621830203125 0.47838899843749993 0.3621830203125 0.4872298625 0.365490628125 0.5029469546875001 0.369349503125 0.5039292734374999 0.36824696874999996 0.4872298625
2 0.3042998890625 0.7789783890625 0.308158765625 0.774066796875 0.3109151046875 0.763261296875 0.3070562296875 0.763261296875 0.2943770671875 0.7927308453124999 0.28555678125 0.7986247546875 0.2850055125 0.8045186640624999 0.2866593171875 0.80746561875 0.295479603125 0.8035363453125001 0.3042998890625 0.7789783890625
2 0.6212789421875 0.9312377203125 0.6212789421875 0.9440078578125 0.625689084375 0.9459724953125 0.625689084375 0.93516699375 0.617971334375 0.903732809375 0.6157662625 0.8850687625000001 0.6119073875 0.883104125 0.6130099234374999 0.9007858546874999 0.6157662625 0.9076620828124999 0.6185226015625 0.9263261296874999 0.6212789421875 0.9312377203125
2 0.1168687984375 0.8555992140625 0.122381478125 0.8624754421875 0.12293274531250001 0.8555992140625 0.1157662625 0.8310412578124999 0.11466372656249998 0.8388998031250001 0.11852260156250001 0.840864440625 0.1157662625 0.84577603125 0.1168687984375 0.8555992140625
2 0.70672546875 0.96267190625 0.696251378125 0.9459724953125 0.69404630625 0.9459724953125 0.692392503125 0.94891945 0.6995589859375 0.9646365421875001 0.704520396875 0.9656188609375 0.70672546875 0.96267190625
0 0.5292171999999999 0.5913555984375 0.527012128125 0.5854616890625 0.5214994484375 0.5854616890625 0.5198456453125 0.5923379171875001 0.5220507171875 0.596267190625 0.5259095921875 0.596267190625 0.5292171999999999 0.5913555984375
1 0.8423373765625 0.50098231875 0.844542446875 0.504911590625 0.8528114656250001 0.49901768124999996 0.8528114656250001 0.46561886093749993 0.8594266812500001 0.44891945 0.8632855562499999 0.4312377203125 0.8632855562499999 0.41944990156250006 0.857772878125 0.3998035359375 0.857221609375 0.3889980359375 0.8511576625 0.3870333984375 0.8472987875 0.3998035359375 0.8439911796875 0.402750490625 0.8406835718749999 0.41944990156250006 0.8401323046875 0.429273084375 0.8428886437499999 0.441060903125 0.844542446875 0.46267190625000004 0.8423373765625 0.50098231875
1 0.6113561187500001 0.494106090625 0.6113561187500001 0.55009823125 0.613561190625 0.5530451859375 0.6168687984375001 0.55009823125 0.6168687984375001 0.5216110015625001 0.6185226015625 0.5088408640625001 0.622381478125 0.506876228125 0.6273428890625 0.51375245625 0.6295479609375 0.519646365625 0.630099228125 0.532416503125 0.6328555671875 0.533398821875 0.634509371875 0.5294695484374999 0.634509371875 0.51375245625 0.6295479609375 0.5019646359375 0.625689084375 0.46267190625000004 0.6196251375 0.4440078578125 0.6196251375 0.43713163125000004 0.6168687984375001 0.4312377203125 0.6130099234374999 0.4312377203125 0.6102535828125 0.43713163125000004 0.6085997796875 0.4646365421875 0.6102535828125 0.47544204375000004 0.609702315625 0.48919449843749996 0.6113561187500001 0.494106090625
1 0.0198456453125 0.5157170921875001 0.0220507171875 0.5363457765625 0.029768467187499998 0.55108055 0.033076074999999996 0.5667976421875001 0.0319735390625 0.5805500984374999 0.0385887546875 0.584479371875 0.042998896875 0.583497053125 0.042998896875 0.5618860515625 0.0358324140625 0.5353634578124999 0.0363836828125 0.517681728125 0.0402425578125 0.51178781875 0.03748621875 0.47544204375000004 0.030871003125 0.468565815625 0.02866593125 0.453831040625 0.025358323437500004 0.44990176875000004 0.02094818125 0.453831040625 0.0198456453125 0.46561886093749993 0.009922821875 0.482318271875 0.0088202859375 0.49803536406250004 0.01212789375 0.506876228125 0.015986770312500002 0.5088408640625001 0.0198456453125 0.5157170921875001
1 0.73594266875 0.647347740625 0.7342888640624999 0.6640471515625 0.72712238125 0.6699410609374999 0.724917309375 0.6777996078124999 0.729327453125 0.6817288796875001 0.7370452046875 0.6817288796875001 0.7386990078125 0.6777996078124999 0.73980154375 0.660117878125 0.7442116875 0.6444007859374999 0.74751929375 0.6493123765625 0.7530319734375001 0.673870334375 0.7535832421875 0.686640471875 0.7508269015625 0.699410609375 0.7519294375000001 0.7023575640625 0.75633958125 0.7023575640625 0.7618522609375 0.6954813359375 0.7568908484375 0.6493123765625 0.7635060640625 0.627701375 0.76405733125 0.6178781921875001 0.7590959203125001 0.5893909625 0.750275634375 0.57563850625 0.7464167578125 0.5599214140625 0.7403528109375 0.557956778125 0.7381477390625 0.5609037328124999 0.7386990078125 0.5736738703125 0.7425578828125 0.5893909625 0.7425578828125 0.622789784375 0.73594266875 0.647347740625
1 0.9035281140625001 0.923379175 0.8952590953125 0.9400785859375 0.8936052921875 0.9646365421875001 0.8963616312499999 0.9852652265625 0.9035281140625001 0.9872298625000001 0.9068357218750001 0.994106090625 0.9117971328125 0.9960707265625001 0.9266813671874999 0.9823182718749999 0.9294377062500001 0.9823182718749999 0.9305402421875 0.9577603140625 0.9332965828124999 0.9528487234374999 0.927232634375 0.9312377203125 0.9206174203125 0.9253438109375001 0.9200661515625 0.9066797640625 0.9117971328125 0.8978389 0.9035281140625001 0.89882121875 0.8952590953125 0.8948919453125 0.8919514890625001 0.89882121875 0.8914002203125 0.9056974453125 0.8958103640624999 0.9106090375000001 0.90132304375 0.91159135625 0.9035281140625001 0.923379175
1 0.5170893046875 0.494106090625 0.5159867703125001 0.507858546875 0.5170893046875 0.5108055015625 0.5226019843749999 0.5108055015625 0.52480705625 0.507858546875 0.5242557890625 0.4970530453125 0.5259095921875 0.49115913593749994 0.531422271875 0.5 0.5347298781250001 0.49803536406250004 0.5336273421875 0.482318271875 0.52866593125 0.481335953125 0.5242557890625 0.47347740624999995 0.5303197359375 0.4312377203125 0.5292171999999999 0.423379175 0.5226019843749999 0.4106090375 0.5203969125000001 0.3978389 0.514332965625 0.3978389 0.5132304296875 0.402750490625 0.5110253578124999 0.4312377203125 0.5137816984375 0.4440078578125 0.51212789375 0.474459725 0.5170893046875 0.494106090625
1 0.8588754140624999 0.94793713125 0.857772878125 0.9528487234374999 0.8616317531250001 0.953831040625 0.8660418968749999 0.96267190625 0.8704520390624999 0.9901768171875001 0.874310915625 0.995088409375 0.8853362734375001 0.995088409375 0.886438809375 0.99901768125 0.8875413453125001 0.9921414531250001 0.8914002203125 0.9852652265625 0.8914002203125 0.969548134375 0.894707828125 0.9528487234374999 0.8936052921875 0.9410609031250001 0.890297684375 0.9332023578124999 0.8787210578125 0.9253438109375001 0.8776185218749999 0.9066797640625 0.8737596468750001 0.89882121875 0.8649393609375 0.89882121875 0.8616317531250001 0.9056974453125 0.8621830203125 0.92436149375 0.857221609375 0.93516699375 0.857221609375 0.9449901765625001 0.8588754140624999 0.94793713125
1 0.3092613015625 0.7455795671875001 0.3114663734375 0.770137525 0.3042998890625 0.7838899796875001 0.308158765625 0.787819253125 0.3147739796875 0.787819253125 0.319735390625 0.7829076625 0.320286659375 0.775049115625 0.3175303203125 0.7681728875 0.3180815875 0.7475442046875 0.320286659375 0.738703340625 0.32469680312500004 0.735756384375 0.328555678125 0.7475442046875 0.33020948125 0.761296659375 0.33902976875 0.7799607078124999 0.33902976875 0.7996070734375 0.3472987875 0.800589390625 0.3500551265625 0.7956778 0.3500551265625 0.788801571875 0.344542446875 0.7789783890625 0.34288864375 0.7662082515625 0.3373759640625 0.749508840625 0.3401323046875 0.7161100203124999 0.3373759640625 0.673870334375 0.3274531421875 0.6561886046875001 0.32414553437500004 0.63948919375 0.319735390625 0.63948919375 0.3169790515625 0.6434184671875001 0.3175303203125 0.673870334375 0.3208379265625 0.7023575640625 0.30981256875 0.7278978390625 0.3092613015625 0.7455795671875001
1 0.66097023125 0.99901768125 0.658765159375 0.969548134375 0.6560088203125 0.9577603140625 0.6482910687500001 0.94793713125 0.646637265625 0.93516699375 0.6438809265625001 0.9322200390625 0.636163175 0.93516699375 0.6334068359375 0.953831040625 0.6295479609375 0.9557956781250001 0.626240353125 0.94990176875 0.6229327453125 0.9528487234374999 0.6240352812500001 0.9587426328124999 0.6212789421875 0.974459725 0.622381478125 0.99901768125 0.66097023125 0.99901768125
1 0.6565600875000001 0.9528487234374999 0.6615215 0.995088409375 0.6637265718750001 0.99901768125 0.6934950390625 0.99901768125 0.6951488421875001 0.9587426328124999 0.69404630625 0.94891945 0.6830209484374999 0.943025540625 0.6780595375 0.9184675828125 0.6708930546875 0.917485265625 0.6686879828125 0.9204322203125 0.6664829109375 0.93516699375 0.667585446875 0.9410609031250001 0.6642778390624999 0.94793713125 0.6565600875000001 0.9528487234374999
1 0.0964718859375 0.84774066875 0.089305403125 0.8899803531250001 0.0859977953125 0.9007858546874999 0.0876515984375 0.9047151281250001 0.097023153125 0.9047151281250001 0.1041896359375 0.9007858546874999 0.10529217187499999 0.8939096265625001 0.1119073875 0.88408644375 0.11466372656249998 0.8880157171875 0.12127894218749999 0.8850687625000001 0.12293274531250001 0.8762278984374999 0.12017640624999999 0.8654223968749999 0.114112459375 0.8614931234375 0.1130099234375 0.8349705296875 0.10970231562499999 0.8339882125000001 0.10804851093750001 0.8280943031250001 0.10915104687499999 0.821218075 0.1124586546875 0.826129665625 0.1130099234375 0.821218075 0.1124586546875 0.7838899796875001 0.10859977968750001 0.76915520625 0.10804851093750001 0.7583497046875001 0.1025358328125 0.7406679765625 0.1041896359375 0.7318271125 0.1025358328125 0.723968565625 0.09426681406250001 0.723968565625 0.09151047343749999 0.7278978390625 0.09095920625000001 0.749508840625 0.08379272343750001 0.7711198421875001 0.08213891875 0.7848722984375 0.081036384375 0.8113948921875 0.0826901875 0.821218075 0.09151047343749999 0.8339882125000001 0.0964718859375 0.84774066875
1 0.69018743125 0.6178781921875001 0.6912899671875 0.6434184671875001 0.6896361625 0.6512770140625 0.6951488421875001 0.660117878125 0.6995589859375 0.660117878125 0.7006615218750001 0.65225933125 0.69790518125 0.59037328125 0.7039691296874999 0.5726915515625 0.7116868796875 0.5677799609374999 0.712789415625 0.5559921421875 0.7111356125 0.546168959375 0.7056229328125 0.5343811390625001 0.7056229328125 0.520628684375 0.7034178609375 0.51375245625 0.6990077171875 0.51375245625 0.6951488421875001 0.520628684375 0.694597575 0.5284872296875001 0.6841234843749999 0.5432220046875 0.6830209484374999 0.5481335953124999 0.68136714375 0.56286836875 0.683572215625 0.5795677796875001 0.6830209484374999 0.6070726921875 0.6615215 0.6110019640625 0.6604189640625 0.62671905625 0.66482910625 0.62671905625 0.6703417859374999 0.6178781921875001 0.69018743125 0.6178781921875001
1 0.9592061734374999 0.97347740625 0.9658213890624999 0.9656188609375 0.964718853125 0.9557956781250001 0.960859978125 0.9449901765625001 0.960859978125 0.93713163125 0.964718853125 0.928290765625 0.9636163171875 0.9017681734374999 0.960859978125 0.8948919453125 0.948180815625 0.8958742624999999 0.948180815625 0.9253438109375001 0.944321940625 0.9322200390625 0.94211686875 0.9440078578125 0.9388092609375001 0.9774066796875 0.952590959375 0.9911591359375 0.956449834375 0.9852652265625 0.9592061734374999 0.97347740625
1 0.960859978125 0.62671905625 0.966923925 0.62671905625 0.9807056234375 0.633595284375 0.9994487328125 0.635559921875 0.9994487328125 0.5913555984375 0.9972436609375 0.5913555984375 0.9944873203125001 0.583497053125 0.98787210625 0.57563850625 0.9807056234375 0.557956778125 0.9762954796875001 0.5559921421875 0.9691289968750001 0.56483300625 0.9636163171875 0.6001964640625 0.956449834375 0.6110019640625 0.9570011031250001 0.622789784375 0.960859978125 0.62671905625
1 0.8269018750000001 0.995088409375 0.83020948125 0.9656188609375 0.8335170890624999 0.9557956781250001 0.83020948125 0.9440078578125 0.83020948125 0.9204322203125 0.824696803125 0.9145383109375 0.8169790515625 0.917485265625 0.8125689078124999 0.9312377203125 0.8131201765625 0.9459724953125 0.80595369375 0.9616895875000001 0.8037486218750001 0.9813359531250001 0.8015435500000001 0.9852652265625 0.787210584375 0.9891944984375 0.7861080484375 0.99901768125 0.8213891953125 0.99901768125 0.8219404625 0.9960707265625001 0.8269018750000001 0.995088409375
1 0.555678059375 0.57563850625 0.5463065046875 0.5815324171875 0.5468577734375 0.58840864375 0.5507166484375 0.58840864375 0.5545755234375 0.57760314375 0.5562293281249999 0.5805500984374999 0.5633958109375 0.5795677796875001 0.56615215 0.5746561890625 0.5650496140625 0.5481335953124999 0.57056229375 0.53732809375 0.57056229375 0.52652259375 0.564498346875 0.50098231875 0.55788313125 0.495088409375 0.5534729875 0.48526522656250004 0.5490628453124999 0.48526522656250004 0.5468577734375 0.49115913593749994 0.5474090406250001 0.558939096875 0.551819184375 0.558939096875 0.5562293281249999 0.5667976421875001 0.555678059375 0.57563850625
1 0.7530319734375001 0.5795677796875001 0.7590959203125001 0.5874263265625 0.7590959203125001 0.5638506875 0.75633958125 0.5530451859375 0.75633958125 0.53732809375 0.7590959203125001 0.52455795625 0.7590959203125001 0.48526522656250004 0.7552370453125 0.469548134375 0.7519294375000001 0.4646365421875 0.7513781703125 0.45776031406250006 0.7480705624999999 0.45284872343749993 0.7442116875 0.45284872343749993 0.7431091515625 0.455795678125 0.742006615625 0.544204321875 0.74366041875 0.5550098234374999 0.7513781703125 0.5687622796875 0.7530319734375001 0.5795677796875001
1 0.37651598750000004 0.5383104125 0.3770672546875 0.558939096875 0.3809261296875 0.5746561890625 0.38478500625 0.576620825 0.386438809375 0.5746561890625 0.386438809375 0.493123771875 0.390848953125 0.482318271875 0.390848953125 0.47544204375000004 0.386438809375 0.46267190625000004 0.3831312015625 0.46070726874999995 0.3809261296875 0.44891945 0.378169790625 0.44499017656250006 0.373759646875 0.44793713124999995 0.3726571109375 0.4587426328125 0.3649393609375 0.469548134375 0.3649393609375 0.49115913593749994 0.369349503125 0.5029469546875001 0.373759646875 0.531434184375 0.37651598750000004 0.5383104125