2 0.283351709375 0.5943025546875 0.2822491734375 0.5913555984375 0.2734288859375 0.5913555984375 0.27232635 0.595284871875 0.274531421875 0.6001964640625 0.28059536875 0.6001964640625 0.283351709375 0.5943025546875
2 0.2546857765625 0.5874263265625 0.26130099218749997 0.584479371875 0.2651598671875 0.5893909625 0.26901874375 0.5893909625 0.2651598671875 0.5795677796875001 0.26130099218749997 0.5785854609375 0.2590959203125 0.5726915515625 0.2513781703125 0.5638506875 0.23925027499999998 0.5550098234374999 0.23594266875 0.5559921421875 0.2370452046875 0.5618860515625 0.24586549062500002 0.569744596875 0.2546857765625 0.5874263265625
2 0.19900771718750002 0.84675835 0.19790518125 0.8506876234374999 0.1951488421875 0.851669940625 0.18506851562499999 0.8681354671875001 0.18632855625 0.8673870328125 0.18798235937500002 0.872298625 0.1957001109375 0.86051080625 0.200110253125 0.85854616875 0.20286659375 0.84774066875 0.19900771718750002 0.84675835
2 0.1598676953125 0.89882121875 0.1604189640625 0.9066797640625 0.165380375 0.9066797640625 0.17364939375 0.89685658125 0.1846747515625 0.877210215625 0.1846747515625 0.8687786515625 0.1686879828125 0.8948919453125 0.1598676953125 0.89882121875
2 0.35170893125 0.65225933125 0.35170893125 0.647347740625 0.3472987875 0.6434184671875001 0.3395810359375 0.6434184671875001 0.3395810359375 0.6512770140625 0.3423373765625 0.6561886046875001 0.34785005468749997 0.6561886046875001 0.35170893125 0.65225933125
2 0.5303197359375 0.5893909625 0.518191840625 0.597249509375 0.5176405734375 0.60314341875 0.5203969125000001 0.6041257375 0.5303197359375 0.5923379171875001 0.5303197359375 0.5893909625
2 0.49558985624999996 0.6021611 0.49228224843749996 0.6041257375 0.49228224843749996 0.6129666015625 0.497794928125 0.6149312375 0.4988974640625 0.6051080546875001 0.49558985624999996 0.6021611
2 0.489525909375 0.466601178125 0.4906284453125 0.4842829078125 0.493936053125 0.482318271875 0.493936053125 0.468565815625 0.49117971406249994 0.455795678125 0.47023153281249996 0.45776031406250006 0.4696802640625 0.4646365421875 0.47188533593750004 0.468565815625 0.4862183015625 0.46267190625000004 0.489525909375 0.466601178125
2 0.493936053125 0.46561886093749993 0.49007717812499996 0.4616895875 0.49117971406249994 0.4872298625 0.4944873203125 0.48330058906250006 0.4944873203125 0.47838899843749993 0.493936053125 0.46561886093749993
2 0.53748621875 0.712180746875 0.5319735390625 0.699410609375 0.5275633953125001 0.7023575640625 0.527012128125 0.7082514734375 0.5303197359375 0.7161100203124999 0.5347298781250001 0.7170923375 0.53748621875 0.712180746875
0 0.20672546875000003 0.546168959375 0.2012127890625 0.5383104125 0.1968026453125 0.5383104125 0.19404630625 0.5432220046875 0.1951488421875 0.557956778125 0.2034178609375 0.5599214140625 0.20672546875000003 0.5540275046875001 0.20672546875000003 0.546168959375
1 0.83902976875 0.4872298625 0.8384785000000001 0.49901768124999996 0.8428886437499999 0.506876228125 0.8439911796875 0.533398821875 0.8500551265625 0.530451865625 0.8522601984374999 0.5383104125 0.8511576625 0.55009823125 0.8555678062500001 0.5530451859375 0.85997795 0.55009823125 0.861080484375 0.546168959375 0.857221609375 0.5275049109375 0.8566703421874999 0.479371315625 0.8676957 0.455795678125 0.869349503125 0.441060903125 0.8660418968749999 0.43516699374999995 0.8638368249999999 0.4204322203125 0.8522601984374999 0.404715128125 0.8511576625 0.389980353125 0.84674751875 0.38605108125 0.844542446875 0.38605108125 0.8406835718749999 0.3939096265625 0.8406835718749999 0.4135559921875 0.83902976875 0.41944990156250006 0.8384785000000001 0.44891945 0.8428886437499999 0.46561886093749993 0.8428886437499999 0.4774066796875 0.83902976875 0.4872298625
1 0.8213891953125 0.6512770140625 0.81863285625 0.6561886046875001 0.81367144375 0.6581532421875 0.807607496875 0.648330059375 0.8031973546875 0.648330059375 0.8015435500000001 0.6552062875 0.8054024249999999 0.6640471515625 0.8120176406249999 0.6650294703124999 0.81863285625 0.672888015625 0.8252480703125 0.672888015625 0.828555678125 0.6807465625 0.8252480703125 0.69253438125 0.816427784375 0.7033398828124999 0.8158765156250001 0.711198428125 0.81863285625 0.7200392921875001 0.8340683578125001 0.7269155203125 0.8517089312499999 0.7278978390625 0.8561190734374999 0.7200392921875001 0.8566703421874999 0.7151277015625 0.8643880921875 0.712180746875 0.8665931640625001 0.7072691546875001 0.8649393609375 0.699410609375 0.85997795 0.698428290625 0.8588754140624999 0.6954813359375 0.8594266812500001 0.6699410609374999 0.8550165375000001 0.648330059375 0.8522601984374999 0.64145383125 0.8506063953125 0.627701375 0.8395810359375 0.610019646875 0.8384785000000001 0.597249509375 0.8340683578125001 0.5893909625 0.8257993390625 0.58840864375 0.8230429984375001 0.5933202359374999 0.8224917312500001 0.60117878125 0.8257993390625 0.620825146875 0.8213891953125 0.6375245578125 0.8213891953125 0.6512770140625
1 0.22160970156249998 0.789783890625 0.221058434375 0.7996070734375 0.21389195156250002 0.8143418468749999 0.21334068281250002 0.821218075 0.21885336249999998 0.821218075 0.22601984531250002 0.80746561875 0.23098125625 0.79469548125 0.2348401328125 0.775049115625 0.23759647187500002 0.7711198421875001 0.2425578828125 0.7779960703125 0.24586549062500002 0.788801571875 0.24751929375 0.8035363453125001 0.23980154374999998 0.827111984375 0.2326350609375 0.8762278984374999 0.224917309375 0.8889980359375 0.21664829062500002 0.8939096265625001 0.21664829062500002 0.9007858546874999 0.2227122375 0.9056974453125 0.23042998906249998 0.9047151281250001 0.2469680265625 0.84774066875 0.2513781703125 0.8359528484375 0.2546857765625 0.83300589375 0.26074972500000004 0.851669940625 0.268467475 0.8624754421875 0.27673649375 0.8634577609375 0.2866593171875 0.872298625 0.2905181921875 0.872298625 0.29988974687500003 0.88605108125 0.30264608593750003 0.88408644375 0.3042998890625 0.878192534375 0.30374862187499996 0.8644400781250001 0.2943770671875 0.8624754421875 0.2850055125 0.851669940625 0.274531421875 0.84577603125 0.2701212796875 0.8339882125000001 0.2701212796875 0.7956778 0.26791620781250003 0.775049115625 0.2651598671875 0.7652259328125 0.2657111359375 0.7544204328124999 0.27232635 0.7534381140625 0.2850055125 0.7721021609375 0.2883131203125 0.7829076625 0.2905181921875 0.7829076625 0.291620728125 0.7789783890625 0.291069459375 0.76915520625 0.28059536875 0.748526521875 0.2734288859375 0.7426326125 0.2651598671875 0.7288801578124999 0.26019845625000004 0.724950884375 0.24751929375 0.722986246875 0.24586549062500002 0.710216109375 0.24145534687499998 0.699410609375 0.2370452046875 0.699410609375 0.231532525 0.712180746875 0.23594266875 0.7318271125 0.23042998906249998 0.7455795671875001 0.22767365 0.770137525 0.22160970156249998 0.789783890625
1 0.3472987875 0.7200392921875001 0.3472987875 0.7318271125 0.3511576625 0.7328094296875001 0.35556780625 0.722986246875 0.3588754140625 0.7288801578124999 0.3605292171875 0.7396856578125 0.36383682500000003 0.7416502953124999 0.366041896875 0.737721021875 0.366041896875 0.71807465625 0.373759646875 0.6886051078125 0.3748621828125 0.6699410609374999 0.3787210578125 0.6640471515625 0.37982359374999997 0.6296660125 0.382579934375 0.6070726921875 0.3869900765625 0.5982318265625 0.3869900765625 0.5795677796875001 0.385887540625 0.5677799609374999 0.3814773984375 0.5599214140625 0.3748621828125 0.5550098234374999 0.3754134515625 0.53732809375 0.373759646875 0.532416503125 0.3649393609375 0.5343811390625001 0.3643880921875 0.557956778125 0.35777287812499997 0.5638506875 0.35556780625 0.5726915515625 0.35556780625 0.6306483296875001 0.352811465625 0.65324165 0.3506063953125 0.7141453828125 0.3472987875 0.7200392921875001
1 0.18798235937500002 0.5383104125 0.18798235937500002 0.546168959375 0.191841234375 0.5550098234374999 0.19900771718750002 0.56286836875 0.19955898593750002 0.570726915625 0.1968026453125 0.576620825 0.1968026453125 0.584479371875 0.208379271875 0.610019646875 0.208379271875 0.6188605109374999 0.2039691296875 0.62671905625 0.204520396875 0.6296660125 0.212789415625 0.6316306484374999 0.2205071671875 0.62671905625 0.2205071671875 0.6178781921875001 0.21334068281250002 0.60314341875 0.21003307656249998 0.5854616890625 0.21719955937500002 0.5746561890625 0.2205071671875 0.5746561890625 0.22216097031249998 0.5785854609375 0.23042998906249998 0.584479371875 0.23980154374999998 0.60117878125 0.2535832421875 0.6178781921875001 0.2574421171875 0.62671905625 0.266262403125 0.6296660125 0.26791620781250003 0.62671905625 0.266813671875 0.622789784375 0.2574421171875 0.61394891875 0.25192943749999996 0.5982318265625 0.23814773906250003 0.5785854609375 0.2348401328125 0.5618860515625 0.23814773906250003 0.557956778125 0.23869900781250003 0.55009823125 0.2342888640625 0.5402750484375 0.22987872031249998 0.5216110015625001 0.21389195156250002 0.506876228125 0.2116868796875 0.495088409375 0.208379271875 0.48821218125000004 0.2039691296875 0.4872298625 0.2012127890625 0.492141453125 0.19955898593750002 0.5157170921875001 0.192392503125 0.525540275 0.1912899671875 0.533398821875 0.18798235937500002 0.5383104125
1 0.4873208375 0.584479371875 0.4840132296875 0.60117878125 0.48070562343749995 0.6434184671875001 0.472987871875 0.65324165 0.4724366046875 0.659135559375 0.47850055156250004 0.6620825140625 0.4873208375 0.660117878125 0.49117971406249994 0.616895875 0.4944873203125 0.6070726921875 0.50441014375 0.5923379171875001 0.50826901875 0.596267190625 0.51212789375 0.6060903734374999 0.514332965625 0.620825146875 0.5170893046875 0.6257367390625 0.5203969125000001 0.6512770140625 0.5259095921875 0.65225933125 0.52480705625 0.6306483296875001 0.5165380374999999 0.596267190625 0.5154355015625 0.5530451859375 0.51212789375 0.525540275 0.50826901875 0.5157170921875001 0.5011025359375 0.506876228125 0.5 0.49115913593749994 0.49724366093750005 0.4872298625 0.49173098125000003 0.48821218125000004 0.49117971406249994 0.507858546875 0.48566703437500003 0.518664046875 0.4867695703125 0.544204321875 0.4906284453125 0.55108055 0.49173098125000003 0.5746561890625 0.4873208375 0.584479371875
1 0.4140022046875 0.570726915625 0.41565600937499997 0.5746561890625 0.423373759375 0.5736738703125 0.43109151093750003 0.5559921421875 0.43439911875000004 0.5559921421875 0.436052921875 0.55108055 0.43880926093749995 0.55009823125 0.43880926093749995 0.5432220046875 0.44597574375000004 0.5284872296875001 0.45148842343749995 0.533398821875 0.4663726578125 0.5343811390625001 0.468577728125 0.53732809375 0.4724366046875 0.56286836875 0.47850055156250004 0.56286836875 0.481256890625 0.558939096875 0.4779492828125 0.55108055 0.476846746875 0.5402750484375 0.4779492828125 0.52455795625 0.4740904078125 0.518664046875 0.47353914062499997 0.51178781875 0.4696802640625 0.5039292734374999 0.468577728125 0.46070726874999995 0.4636163171875 0.45776031406250006 0.460308709375 0.4616895875 0.4476295484375 0.466601178125 0.4432194046875 0.494106090625 0.44487320781250006 0.506876228125 0.4415656015625 0.520628684375 0.4371554578125 0.520628684375 0.4349503859375 0.51375245625 0.4349503859375 0.504911590625 0.43439911875000004 0.532416503125 0.42613009999999996 0.546168959375 0.42171995625 0.5599214140625 0.4140022046875 0.570726915625
1 0.4614112453125 0.45284872343749993 0.46471885312500005 0.45284872343749993 0.46306505 0.44990176875000004 0.4614112453125 0.45284872343749993
1 0.5292171999999999 0.7033398828124999 0.5292171999999999 0.711198428125 0.5336273421875 0.7151277015625 0.5336273421875 0.7043222 0.5292171999999999 0.7033398828124999
1 0.539691290625 0.621807465625 0.5413450937500001 0.6385068765625 0.5385887546875 0.6502946953125 0.5402425578125001 0.667976425 0.5347298781250001 0.6836935171875 0.5347298781250001 0.698428290625 0.5441014328125 0.724950884375 0.5446527015625 0.735756384375 0.539140021875 0.749508840625 0.539140021875 0.7534381140625 0.5441014328125 0.75638506875 0.5507166484375 0.7524557953125 0.5567805953125 0.738703340625 0.559536934375 0.736738703125 0.55788313125 0.7131630640625 0.5589856671875 0.7023575640625 0.555678059375 0.684675834375 0.564498346875 0.6640471515625 0.568357221875 0.6434184671875001 0.5650496140625 0.6296660125 0.563947078125 0.6149312375 0.555678059375 0.5933202359374999 0.5507166484375 0.5854616890625 0.5457552375 0.584479371875 0.542998896875 0.5795677796875001 0.542998896875 0.5677799609374999 0.5385887546875 0.5658153234375 0.531422271875 0.5687622796875 0.530871003125 0.584479371875 0.5336273421875 0.5913555984375 0.5347298781250001 0.6129666015625 0.539691290625 0.621807465625
1 0.57056229375 0.646365421875 0.570011025 0.6444007859374999 0.568357221875 0.646365421875 0.5667034171875 0.65225933125 0.57056229375 0.6512770140625 0.5678059531249999 0.6493123765625 0.57056229375 0.646365421875
1 0.5358324140625 0.6650294703124999 0.539691290625 0.6493123765625 0.539140021875 0.6188605109374999 0.5347298781250001 0.6149312375 0.5341786109375 0.6512770140625 0.5292171999999999 0.661100196875 0.5292171999999999 0.6650294703124999 0.5358324140625 0.6650294703124999