2 0.44707827968749997 0.6817288796875001 0.4492833515625 0.6807465625 0.448732084375 0.678781925 0.4366041890625 0.685658153125 0.42833517031249996 0.685658153125 0.4266813671875 0.6915520625 0.43164277812499996 0.697445971875 0.4476295484375 0.685658153125 0.44707827968749997 0.6817288796875001
2 0.49834619687500004 0.660117878125 0.5 0.6453831046875 0.5027563390625 0.6434184671875001 0.50441014375 0.61394891875 0.5011025359375 0.6149312375 0.49834619687500004 0.622789784375 0.4988974640625 0.634577603125 0.49558985624999996 0.6502946953125 0.496141125 0.660117878125 0.49834619687500004 0.660117878125
2 0.8461962515625 0.7269155203125 0.8461962515625 0.723968565625 0.8395810359375 0.723968565625 0.8219404625 0.7426326125 0.81863285625 0.750491159375 0.8197353906249999 0.7524557953125 0.83020948125 0.7455795671875001 0.8461962515625 0.7269155203125
1 0.5 0.57563850625 0.50441014375 0.5893909625 0.4994487328125 0.63948919375 0.5038588749999999 0.648330059375 0.5027563390625 0.66699410625 0.50826901875 0.667976425 0.5126791625 0.6640471515625 0.5126791625 0.65324165 0.5259095921875 0.65225933125 0.5275633953125001 0.646365421875 0.518743109375 0.6188605109374999 0.52094818125 0.5933202359374999 0.5154355015625 0.5687622796875 0.5077177515625 0.556974459375 0.5027563390625 0.5422396859374999 0.49724366093750005 0.5432220046875 0.49558985624999996 0.546168959375 0.49558985624999996 0.5550098234374999 0.4994487328125 0.56286836875 0.5 0.57563850625
1 0.8478500546875001 0.6954813359375 0.857221609375 0.699410609375 0.85997795 0.7043222 0.8594266812500001 0.719056975 0.8561190734374999 0.729862475 0.8561190734374999 0.74459725 0.8649393609375 0.7721021609375 0.8649393609375 0.7799607078124999 0.8621830203125 0.787819253125 0.8676957 0.7917485265625 0.8737596468750001 0.7907662078125 0.8748621828124999 0.787819253125 0.8737596468750001 0.7721021609375 0.869900771875 0.75540275 0.869900771875 0.751473478125 0.87210584375 0.749508840625 0.8941565593749999 0.763261296875 0.8991179718750001 0.7721021609375 0.9002205078125 0.7789783890625 0.902425578125 0.7711198421875001 0.9029768468749999 0.7583497046875001 0.8836824703125 0.74459725 0.8792723265625 0.737721021875 0.8781697906250001 0.6915520625 0.8676957 0.661100196875 0.8605292171875 0.646365421875 0.8588754140624999 0.6316306484374999 0.8517089312499999 0.6296660125 0.8484013234375001 0.633595284375 0.8484013234375001 0.648330059375 0.8517089312499999 0.6561886046875001 0.8550165375000001 0.6886051078125 0.8478500546875001 0.6954813359375
1 0.956449834375 0.9400785859375 0.956449834375 0.96070726875 0.9547960312500001 0.97544204375 0.9520396906249999 0.9833005890625 0.9520396906249999 0.99901768125 0.960859978125 0.99901768125 0.9619625140625001 0.9842829078124999 0.9663726578125 0.979371315625 0.9691289968750001 0.9813359531250001 0.9779492828125 0.99901768125 0.993305953125 0.99901768125 0.9944873203125001 0.995088409375 0.9963776187500001 0.99901768125 0.9994487328125 0.99901768125 0.9994487328125 0.994106090625 0.9928335171875 0.9921414531250001 0.9873208375000001 0.9852652265625 0.985115765625 0.9783889984374999 0.9867695703124999 0.9194499015625001 0.9823594265625 0.88408644375 0.9823594265625 0.8654223968749999 0.976846746875 0.8487229859375001 0.977398015625 0.8339882125000001 0.9718853359375 0.8222003921875001 0.9652701218749999 0.8222003921875001 0.96306505 0.826129665625 0.96306505 0.84577603125 0.9652701218749999 0.8555992140625 0.9652701218749999 0.9184675828125 0.956449834375 0.9400785859375
1 0.08379272343750001 0.686640471875 0.0815876515625 0.659135559375 0.081036384375 0.622789784375 0.08324145468750001 0.610019646875 0.0815876515625 0.5923379171875001 0.076626240625 0.5913555984375 0.070011025 0.595284871875 0.0694597578125 0.609037328125 0.06504961406250001 0.6188605109374999 0.06174200625 0.634577603125 0.059536934374999996 0.672888015625 0.05181918437500001 0.678781925 0.047409040624999996 0.685658153125 0.0463065046875 0.6915520625 0.0446527015625 0.7023575640625 0.0463065046875 0.7072691546875001 0.08213891875 0.7062868375 0.08379272343750001 0.686640471875
1 0.9922822484375 0.8143418468749999 0.9922822484375 0.82023575625 0.9994487328125 0.8222003921875001 0.9994487328125 0.80746561875 0.9922822484375 0.8143418468749999
1 0.964718853125 0.7013752453125 0.964718853125 0.7072691546875001 0.9536934953125 0.729862475 0.9536934953125 0.7337917484375 0.956449834375 0.735756384375 0.9658213890624999 0.722986246875 0.9696802640625 0.723968565625 0.9718853359375 0.7288801578124999 0.9729878718749999 0.7416502953124999 0.9718853359375 0.749508840625 0.9663726578125 0.762278978125 0.9663726578125 0.774066796875 0.9729878718749999 0.8055009828124999 0.9724366046874999 0.821218075 0.976846746875 0.827111984375 0.9807056234375 0.826129665625 0.9834619625000001 0.8172888015625001 0.976846746875 0.7671905703124999 0.985667034375 0.7662082515625 0.9983461968749999 0.8045186640624999 0.9994487328125 0.776031434375 0.99558985625 0.7711198421875001 0.9911797140624999 0.723968565625 0.9840132296874999 0.7043222 0.981808159375 0.6915520625 0.9724366046874999 0.672888015625 0.9663726578125 0.6660117875 0.9636163171875 0.6561886046875001 0.9597574421875 0.65324165 0.9547960312500001 0.6561886046875001 0.9536934953125 0.6650294703124999 0.9597574421875 0.6777996078124999 0.960859978125 0.69253438125 0.964718853125 0.7013752453125
1 0.233737596875 0.6444007859374999 0.23980154374999998 0.6404715125 0.2409040796875 0.64243615 0.23925027499999998 0.6493123765625 0.2409040796875 0.65225933125 0.24917309843750002 0.6434184671875001 0.25192943749999996 0.648330059375 0.25248070624999996 0.6650294703124999 0.26130099218749997 0.673870334375 0.2651598671875 0.685658153125 0.27232635 0.6886051078125 0.275082690625 0.678781925 0.2888643875 0.6944990171875001 0.29272326406250004 0.7023575640625 0.2949283359375 0.698428290625 0.29382579999999997 0.6915520625 0.2850055125 0.6748526515625 0.278941565625 0.667976425 0.27177508281249996 0.6365422390625 0.25192943749999996 0.6001964640625 0.25192943749999996 0.5943025546875 0.24972436562500003 0.5893909625 0.2425578828125 0.5893909625 0.24200661562499998 0.621807465625 0.22767365 0.647347740625 0.23042998906249998 0.6512770140625 0.233737596875 0.6444007859374999
1 0.1747519296875 0.6149312375 0.1747519296875 0.6434184671875001 0.179713340625 0.6434184671875001 0.18357221562499998 0.61591355625 0.1857772875 0.6129666015625 0.18963616249999998 0.6129666015625 0.20286659375 0.6385068765625 0.204520396875 0.6306483296875001 0.19955898593750002 0.6188605109374999 0.1934950390625 0.5913555984375 0.19845645 0.5805500984374999 0.19790518125 0.5726915515625 0.194597575 0.5638506875 0.18412348437499998 0.5432220046875 0.17916207343749999 0.5412573671875001 0.175303196875 0.5530451859375 0.1703417859375 0.5599214140625 0.16923925 0.5667976421875001 0.1681367140625 0.5923379171875001 0.16923925 0.60117878125 0.173098125 0.6070726921875 0.1747519296875 0.6149312375
1 0.457001103125 0.6640471515625 0.45203969062500005 0.6758349703125 0.457001103125 0.6768172890625 0.460308709375 0.673870334375 0.4619625140625 0.678781925 0.460308709375 0.6886051078125 0.45644983437500003 0.6954813359375 0.457001103125 0.7141453828125 0.46085997812499996 0.7269155203125 0.46085997812499996 0.7328094296875001 0.45479603125 0.7416502953124999 0.45479603125 0.74459725 0.46802646093750006 0.74459725 0.46471885312500005 0.7033398828124999 0.4696802640625 0.6954813359375 0.47353914062499997 0.6954813359375 0.47739801562500006 0.7003929265625 0.4873208375 0.7210216109375 0.485115765625 0.7288801578124999 0.4867695703125 0.7328094296875001 0.49503858906250003 0.7328094296875001 0.49558985624999996 0.7278978390625 0.49117971406249994 0.711198428125 0.481256890625 0.6895874265625 0.4779492828125 0.661100196875 0.468577728125 0.6316306484374999 0.46306505 0.622789784375 0.45920617343750003 0.610019646875 0.45203969062500005 0.610019646875 0.45203969062500005 0.6257367390625 0.4558985671875 0.6306483296875001 0.4581036390625 0.65225933125 0.457001103125 0.6640471515625
1 0.33076075 0.94891945 0.33076075 0.9302554031250001 0.33020948125 0.923379175 0.32524807031249997 0.91159135625 0.31587651562499997 0.89685658125 0.3169790515625 0.8801571703125 0.3142227125 0.8683693515625001 0.3042998890625 0.8683693515625001 0.30264608593750003 0.8762278984374999 0.3042998890625 0.89685658125 0.29933847812500003 0.9066797640625 0.29603087031249997 0.9076620828124999 0.29217199531250004 0.9194499015625001 0.291069459375 0.99901768125 0.3208379265625 0.99901768125 0.3213891953125 0.9891944984375 0.33076075 0.94891945