2 0.13671444375 0.660117878125 0.14057331875 0.672888015625 0.14718853437499999 0.673870334375 0.15214994531249998 0.6699410609374999 0.15159867656249998 0.6650294703124999 0.1433296578125 0.6660117875 0.1433296578125 0.6571709234374999 0.13009922812500002 0.64243615 0.12568908437499998 0.64243615 0.12624035312499998 0.647347740625 0.13065049687500002 0.6552062875 0.13671444375 0.660117878125
2 0.57056229375 0.481335953125 0.5771775078125 0.4646365421875 0.5777287765625 0.44891945 0.5738699 0.455795678125 0.5727673656250001 0.4646365421875 0.5667034171875 0.4774066796875 0.5667034171875 0.48330058906250006 0.57056229375 0.481335953125
2 0.142227121875 0.923379175 0.14002205 0.917485265625 0.138368246875 0.9194499015625001 0.14002205 0.9557956781250001 0.1433296578125 0.97544204375 0.14718853437499999 0.9783889984374999 0.142227121875 0.923379175
0 0.154906284375 0.667976425 0.154906284375 0.673870334375 0.1598676953125 0.672888015625 0.159316428125 0.667976425 0.154906284375 0.667976425
1 0.9470782796874999 0.7671905703124999 0.9492833515625 0.7721021609375 0.9514884234375 0.7966601171875001 0.9514884234375 0.7996070734375 0.948732084375 0.800589390625 0.944321940625 0.8104125734375 0.9437706718750001 0.826129665625 0.9492833515625 0.8339882125000001 0.9547960312500001 0.8339882125000001 0.9553472984375 0.8310412578124999 0.9680264609375 0.84675835 0.9718853359375 0.8624754421875 0.9663726578125 0.8762278984374999 0.9779492828125 0.877210215625 0.9807056234375 0.872298625 0.9807056234375 0.86051080625 0.9652701218749999 0.8163064828125 0.9663726578125 0.7986247546875 0.9702315328125 0.7838899796875001 0.9691289968750001 0.7671905703124999 0.973539140625 0.7544204328124999 0.973539140625 0.7406679765625 0.9641675859375001 0.723968565625 0.960308709375 0.7220039296875 0.960308709375 0.7043222 0.956449834375 0.698428290625 0.9503858875000001 0.698428290625 0.9470782796874999 0.7043222 0.9432194046875001 0.7318271125 0.9393605296875001 0.74361493125 0.9388092609375001 0.7583497046875001 0.9404630656249999 0.763261296875 0.9388092609375001 0.7652259328125 0.9470782796874999 0.7671905703124999
1 0.76901874375 0.5913555984375 0.7668136718749999 0.5982318265625 0.768467475 0.60117878125 0.7756339578125 0.6021611 0.7778390296875 0.583497053125 0.7739801546875 0.5726915515625 0.774531421875 0.506876228125 0.7673649390625 0.4901768171875 0.7646086000000001 0.48821218125000004 0.7607497249999999 0.493123771875 0.7618522609375 0.506876228125 0.76019845625 0.56483300625 0.768467475 0.5854616890625 0.76901874375 0.5913555984375
1 0.2447629546875 0.672888015625 0.24586549062500002 0.63948919375 0.24366041875 0.5982318265625 0.2442116875 0.58840864375 0.2469680265625 0.583497053125 0.2480705625 0.57563850625 0.2469680265625 0.56286836875 0.23869900781250003 0.55009823125 0.2370452046875 0.5383104125 0.2342888640625 0.533398821875 0.23042998906249998 0.533398821875 0.22712238125 0.53929273125 0.22601984531250002 0.5550098234374999 0.21830209531250003 0.5726915515625 0.21830209531250003 0.5815324171875 0.23869900781250003 0.627701375 0.2403528109375 0.672888015625 0.2447629546875 0.672888015625
1 0.83902976875 0.7269155203125 0.83517089375 0.7347740671875 0.8335170890624999 0.74459725 0.8257993390625 0.7583497046875001 0.8230429984375001 0.7711198421875001 0.8241455343749999 0.775049115625 0.828555678125 0.7779960703125 0.8357221609375 0.775049115625 0.834619625 0.7593320234375 0.8428886437499999 0.748526521875 0.8511576625 0.7269155203125 0.8566703421874999 0.686640471875 0.8594266812500001 0.6817288796875001 0.8649393609375 0.6807465625 0.86824696875 0.6748526515625 0.86824696875 0.6660117875 0.8649393609375 0.65324165 0.8566703421874999 0.64243615 0.8566703421874999 0.6237721015625 0.8522601984374999 0.621807465625 0.8472987875 0.6257367390625 0.8472987875 0.634577603125 0.8456449828125001 0.6385068765625 0.8395810359375 0.6434184671875001 0.834619625 0.65225933125 0.8318632859375 0.667976425 0.834619625 0.673870334375 0.83517089375 0.6905697453124999 0.83902976875 0.712180746875 0.83902976875 0.7269155203125
1 0.180264609375 0.974459725 0.1824696796875 0.953831040625 0.1808158765625 0.9440078578125 0.17861080468749999 0.9410609031250001 0.16923925 0.9410609031250001 0.1664829109375 0.94793713125 0.1642778390625 0.9666011781250001 0.1527012125 0.9705304515625001 0.1488423375 0.9764243609375001 0.14829106875 0.99901768125 0.18412348437499998 0.99901768125 0.1830209484375 0.979371315625 0.180264609375 0.974459725
1 0.0501653796875 0.8821218078124999 0.0463065046875 0.891944990625 0.05126791562500001 0.9155206281250001 0.0490628453125 0.9440078578125 0.06174200625 0.969548134375 0.06504961406250001 0.99901768125 0.0694597578125 0.99901768125 0.0694597578125 0.9872298625000001 0.06560088124999999 0.9675834968749999 0.070011025 0.9322200390625 0.0694597578125 0.903732809375 0.07056229375 0.8948919453125 0.0738699 0.8870333984375 0.0738699 0.8762278984374999 0.067805953125 0.86051080625 0.059536934374999996 0.851669940625 0.0589856671875 0.8398821218749999 0.0567805953125 0.8339882125000001 0.047960309374999996 0.83300589375 0.0441014328125 0.8369351671875 0.043550165625 0.8536345781250001 0.0463065046875 0.8624754421875 0.0507166484375 0.8683693515625001 0.0501653796875 0.8821218078124999
1 0.09867695625 0.6807465625 0.1025358328125 0.6699410609374999 0.10749724375 0.6650294703124999 0.10859977968750001 0.6561886046875001 0.113561190625 0.65225933125 0.1163175296875 0.6571709234374999 0.1157662625 0.6817288796875001 0.11852260156250001 0.685658153125 0.122381478125 0.684675834375 0.1251378171875 0.678781925 0.122381478125 0.6640471515625 0.122381478125 0.627701375 0.12568908437499998 0.60117878125 0.12568908437499998 0.570726915625 0.122381478125 0.5667976421875001 0.1168687984375 0.5687622796875 0.10529217187499999 0.5923379171875001 0.1041896359375 0.6493123765625 0.097023153125 0.660117878125 0.09536934999999999 0.6748526515625 0.09867695625 0.6807465625
1 0.9873208375000001 0.6836935171875 0.9873208375000001 0.6886051078125 0.996141125 0.6915520625 0.9994487328125 0.6905697453124999 0.9994487328125 0.5550098234374999 0.99558985625 0.5550098234374999 0.9939360531249999 0.5599214140625 0.9928335171875 0.5667976421875001 0.9944873203125001 0.5785854609375 0.9900771781250001 0.597249509375 0.9917309812499999 0.609037328125 0.9900771781250001 0.6326129671875 0.9911797140624999 0.6777996078124999 0.9873208375000001 0.6836935171875
1 0.59481808125 0.74459725 0.5986769562500001 0.7406679765625 0.5997794921875 0.723968565625 0.609151046875 0.7062868375 0.6119073875 0.711198428125 0.6124586546875 0.7278978390625 0.6157662625 0.723968565625 0.6168687984375001 0.712180746875 0.6240352812500001 0.7072691546875001 0.6245865484374999 0.6915520625 0.622381478125 0.6817288796875001 0.622381478125 0.6660117875 0.6289966921875 0.646365421875 0.6295479609375 0.6365422390625 0.6240352812500001 0.6257367390625 0.6212789421875 0.6119842828125 0.6168687984375001 0.610019646875 0.613561190625 0.6129666015625 0.6113561187500001 0.6296660125 0.6052921718750001 0.6375245578125 0.601433296875 0.647347740625 0.601433296875 0.698428290625 0.59095920625 0.7328094296875001 0.59095920625 0.7406679765625 0.59481808125 0.74459725
1 0.5694597578125 0.520628684375 0.572216096875 0.520628684375 0.5738699 0.5127701375 0.5804851156249999 0.504911590625 0.5865490624999999 0.5127701375 0.5898566703125 0.51178781875 0.59095920625 0.507858546875 0.59095920625 0.49901768124999996 0.58710033125 0.480353634375 0.59095920625 0.46561886093749993 0.5915104734375001 0.4361493125 0.5898566703125 0.4204322203125 0.58710033125 0.41453831093750004 0.58213891875 0.415520628125 0.581036384375 0.428290765625 0.5777287765625 0.43713163125000004 0.576626240625 0.4518664046875 0.5738699 0.4616895875 0.57442116875 0.48330058906250006 0.572216096875 0.5029469546875001 0.5689084890625 0.5127701375 0.5694597578125 0.520628684375
1 0.0788313125 0.994106090625 0.081036384375 0.99901768125 0.1047409046875 0.99901768125 0.10804851093750001 0.9921414531250001 0.10915104687499999 0.9666011781250001 0.10915104687499999 0.9066797640625 0.1047409046875 0.8929273078125 0.10749724375 0.877210215625 0.106945975 0.8654223968749999 0.1025358328125 0.86051080625 0.0964718859375 0.8634577609375 0.09371554531250001 0.8850687625000001 0.084895259375 0.8939096265625001 0.0793825796875 0.9106090375000001 0.0777287765625 0.9214145390624999 0.0793825796875 0.9449901765625001 0.0777287765625 0.9616895875000001 0.0788313125 0.994106090625
1 0.1460859984375 0.9783889984374999 0.142227121875 0.9705304515625001 0.133958103125 0.9636542234375 0.134509371875 0.9440078578125 0.1295479609375 0.9322200390625 0.12568908437499998 0.9332023578124999 0.121830209375 0.9400785859375 0.117971334375 0.9577603140625 0.1102535828125 0.9724950890624999 0.10970231562499999 0.9842829078124999 0.1130099234375 0.99901768125 0.1449834625 0.99901768125 0.1460859984375 0.9783889984374999