2 0.8373759640625 0.7396856578125 0.8500551265625 0.723968565625 0.8500551265625 0.7200392921875001 0.844542446875 0.7210216109375 0.8263506062499999 0.7406679765625 0.8224917312500001 0.7465618859375 0.8230429984375001 0.750491159375 0.828004409375 0.749508840625 0.8373759640625 0.7396856578125
1 0.5038588749999999 0.6149312375 0.5033076078125001 0.6404715125 0.506615215625 0.6512770140625 0.5038588749999999 0.6640471515625 0.5115766265625 0.6650294703124999 0.5154355015625 0.660117878125 0.5126791625 0.647347740625 0.5303197359375 0.647347740625 0.5214994484375 0.622789784375 0.5242557890625 0.5943025546875 0.5203969125000001 0.5795677796875001 0.5159867703125001 0.5677799609374999 0.50826901875 0.557956778125 0.5055126796875 0.5471512765625001 0.5 0.5471512765625001 0.4988974640625 0.557956778125 0.5071664828125 0.5943025546875 0.506615215625 0.6051080546875001 0.5038588749999999 0.6149312375
1 0.861080484375 0.672888015625 0.8632855562499999 0.678781925 0.8632855562499999 0.684675834375 0.8594266812500001 0.6915520625 0.8649393609375 0.698428290625 0.861080484375 0.719056975 0.857772878125 0.7269155203125 0.8632855562499999 0.770137525 0.8566703421874999 0.7829076625 0.861080484375 0.7868369359375 0.8676957 0.7868369359375 0.8710033078125001 0.7829076625 0.8704520390624999 0.7406679765625 0.8732083796874999 0.729862475 0.8770672546875 0.7269155203125 0.890848953125 0.7406679765625 0.8925027562500001 0.749508840625 0.9040793828125 0.7671905703124999 0.9040793828125 0.78192534375 0.9079382578124999 0.7838899796875001 0.9128996687500001 0.7652259328125 0.890848953125 0.7278978390625 0.8875413453125001 0.7131630640625 0.8853362734375001 0.686640471875 0.8792723265625 0.671905696875 0.8765159875 0.6571709234374999 0.869900771875 0.646365421875 0.8676957 0.6316306484374999 0.8632855562499999 0.6237721015625 0.8561190734374999 0.62671905625 0.8555678062500001 0.63948919375 0.857221609375 0.647347740625 0.85997795 0.6493123765625 0.861080484375 0.672888015625
1 0.9691289968750001 0.94793713125 0.964718853125 0.9616895875000001 0.96306505 0.9842829078124999 0.9658213890624999 0.99901768125 0.973539140625 0.99901768125 0.9740904078125 0.9872298625000001 0.976846746875 0.9823182718749999 0.981256890625 0.98821218125 0.9840132296874999 0.99901768125 0.9966923921875 0.99901768125 0.9994487328125 0.994106090625 0.9928335171875 0.9852652265625 0.9911797140624999 0.9764243609375001 0.9950385890625 0.9656188609375 0.9966923921875 0.9518664046875 0.9994487328125 0.94891945 0.9994487328125 0.8850687625000001 0.996141125 0.883104125 0.9972436609375 0.8752455796874999 0.99558985625 0.8595284875000001 0.9911797140624999 0.851669940625 0.9900771781250001 0.8251473484374999 0.9867695703124999 0.821218075 0.9807056234375 0.8222003921875001 0.977398015625 0.8300589390625 0.9779492828125 0.9184675828125 0.9729878718749999 0.9341846765625 0.9691289968750001 0.9400785859375 0.9691289968750001 0.94793713125
1 0.0854465265625 0.7033398828124999 0.0876515984375 0.6944990171875001 0.0865490625 0.635559921875 0.084895259375 0.622789784375 0.0876515984375 0.609037328125 0.0859977953125 0.5893909625 0.076626240625 0.58840864375 0.07331863281249999 0.5933202359374999 0.072767365625 0.6060903734374999 0.0694597578125 0.6149312375 0.06560088124999999 0.6365422390625 0.06339581093749999 0.667976425 0.0606394703125 0.672888015625 0.056229328125 0.673870334375 0.05181918437500001 0.6817288796875001 0.05181918437500001 0.6886051078125 0.0490628453125 0.6954813359375 0.0485115765625 0.7033398828124999 0.0501653796875 0.7062868375 0.0534729875 0.7033398828124999 0.0854465265625 0.7033398828124999
1 0.9509371546875001 0.7131630640625 0.9437706718750001 0.724950884375 0.9432194046875001 0.729862475 0.94597574375 0.7328094296875001 0.9536934953125 0.7210216109375 0.9581036390625 0.719056975 0.960859978125 0.7200392921875001 0.96306505 0.7288801578124999 0.96306505 0.7406679765625 0.9575523703125001 0.7671905703124999 0.9592061734374999 0.7996070734375 0.956449834375 0.8123772109375 0.9520396906249999 0.8172888015625001 0.9520396906249999 0.8241650296874999 0.96306505 0.8251473484374999 0.9674751921875 0.821218075 0.9685777281249999 0.8163064828125 0.976846746875 0.815324165625 0.9829106953125001 0.82023575625 0.9922822484375 0.8172888015625001 0.9900771781250001 0.7848722984375 0.985115765625 0.7573673875 0.981256890625 0.7161100203124999 0.9746416765625 0.7023575640625 0.9680264609375 0.678781925 0.9570011031250001 0.6620825140625 0.9542447624999999 0.65324165 0.9514884234375 0.6493123765625 0.9476295484374999 0.6493123765625 0.9448732078125 0.6552062875 0.9448732078125 0.6650294703124999 0.9509371546875001 0.6777996078124999 0.9536934953125 0.7033398828124999 0.9509371546875001 0.7131630640625
1 0.2761852265625 0.684675834375 0.28004410156250004 0.6944990171875001 0.2811466375 0.6935167 0.28059536875 0.6886051078125 0.2739801546875 0.6817288796875001 0.2701212796875 0.6817288796875001 0.2701212796875 0.6886051078125 0.2739801546875 0.6935167 0.2761852265625 0.6944990171875001 0.2761852265625 0.684675834375
1 0.257993384375 0.671905696875 0.26130099218749997 0.6817288796875001 0.2651598671875 0.6817288796875001 0.26901874375 0.672888015625 0.27949283281250004 0.6777996078124999 0.291069459375 0.698428290625 0.291069459375 0.7033398828124999 0.2949283359375 0.710216109375 0.29713340625 0.710216109375 0.2987872109375 0.7043222 0.29217199531250004 0.6895874265625 0.2905181921875 0.678781925 0.2822491734375 0.6640471515625 0.2811466375 0.6571709234374999 0.2739801546875 0.64145383125 0.268467475 0.6149312375 0.26185226093749997 0.6051080546875001 0.26019845625000004 0.59037328125 0.2552370453125 0.58840864375 0.25192943749999996 0.5923379171875001 0.25248070624999996 0.608055009375 0.24751929375 0.6561886046875001 0.2552370453125 0.65324165 0.257993384375 0.671905696875
1 0.19900771718750002 0.6650294703124999 0.200661521875 0.6620825140625 0.19955898593750002 0.659135559375 0.19900771718750002 0.6650294703124999
1 0.18357221562499998 0.6512770140625 0.18798235937500002 0.6561886046875001 0.194597575 0.6561886046875001 0.194597575 0.65225933125 0.1912899671875 0.646365421875 0.191841234375 0.634577603125 0.20286659375 0.646365421875 0.20562293281250002 0.6434184671875001 0.20286659375 0.6296660125 0.2034178609375 0.597249509375 0.2012127890625 0.5854616890625 0.202315325 0.57563850625 0.19900771718750002 0.5638506875 0.192392503125 0.5559921421875 0.1912899671875 0.546168959375 0.1885336265625 0.5432220046875 0.18357221562499998 0.5471512765625001 0.1742006609375 0.5726915515625 0.17364939375 0.60117878125 0.18357221562499998 0.6149312375 0.1852260203125 0.62671905625 0.18357221562499998 0.6512770140625
1 0.457001103125 0.6689587421875001 0.46582138906250004 0.6689587421875001 0.46802646093750006 0.6748526515625 0.46306505 0.6915520625 0.46416758593749996 0.7269155203125 0.457001103125 0.736738703125 0.457001103125 0.7406679765625 0.4696802640625 0.7396856578125 0.4696802640625 0.698428290625 0.47519294375000004 0.6905697453124999 0.4801543546875 0.69253438125 0.4834619625 0.7062868375 0.4867695703125 0.711198428125 0.48787210625000005 0.7200392921875001 0.48566703437500003 0.7269155203125 0.4884233734375 0.729862475 0.49503858906250003 0.729862475 0.49558985624999996 0.7220039296875 0.4906284453125 0.698428290625 0.4862183015625 0.6895874265625 0.4840132296875 0.6768172890625 0.4834619625 0.6561886046875001 0.476846746875 0.6306483296875001 0.4696802640625 0.6178781921875001 0.46471885312500005 0.60117878125 0.4597574421875 0.60117878125 0.4581036390625 0.6051080546875001 0.4581036390625 0.616895875 0.46085997812499996 0.622789784375 0.46416758593749996 0.65324165 0.457001103125 0.6689587421875001
1 0.3434399125 0.99901768125 0.34785005468749997 0.9813359531250001 0.348952590625 0.9518664046875 0.35170893125 0.9449901765625001 0.3566703421875 0.9440078578125 0.3588754140625 0.9400785859375 0.3588754140625 0.9322200390625 0.35556780625 0.9194499015625001 0.344542446875 0.89882121875 0.34399117968750004 0.8683693515625001 0.336273428125 0.8654223968749999 0.33076075 0.87328094375 0.33020948125 0.9007858546874999 0.3213891953125 0.9086444015625 0.3169790515625 0.9273084484374999 0.3153252484375 0.9528487234374999 0.3208379265625 0.9833005890625 0.320286659375 0.99901768125 0.3434399125 0.99901768125