2 0.41896361562499995 0.8762278984374999 0.4415656015625 0.851669940625 0.43880926093749995 0.8497053046874999 0.43109151093750003 0.852652259375 0.4184123484375 0.8683693515625001 0.41345093750000006 0.8683693515625001 0.41124586562500004 0.8654223968749999 0.41124586562500004 0.8889980359375 0.41565600937499997 0.8909626718749999 0.4173098125 0.8899803531250001 0.41896361562499995 0.8762278984374999
2 0.9178610812500001 0.6944990171875001 0.9033039640625 0.7159491484375 0.9068357218750001 0.7200392921875001 0.9084895265625 0.7151277015625 0.9200661515625 0.7023575640625 0.9217199562499999 0.6954813359375 0.9178610812500001 0.6944990171875001
2 0.8958103640624999 0.7328094296875001 0.902425578125 0.725933203125 0.89975628125 0.7211767140625 0.8891951484374999 0.736738703125 0.8853362734375001 0.7406679765625 0.8732083796874999 0.7396856578125 0.8732083796874999 0.7426326125 0.8765159875 0.749508840625 0.886438809375 0.749508840625 0.8958103640624999 0.7328094296875001
2 0.8561190734374999 0.969548134375 0.8517089312499999 0.9666011781250001 0.8500551265625 0.969548134375 0.8517089312499999 0.974459725 0.8594266812500001 0.9774066796875 0.8561190734374999 0.969548134375
2 0.7778390296875 0.94891945 0.7761852265625 0.9410609031250001 0.774531421875 0.9410609031250001 0.7723263499999999 0.94891945 0.770672546875 0.94793713125 0.7651598671875 0.9332023578124999 0.76405733125 0.923379175 0.7613009921875 0.9194499015625001 0.757993384375 0.923379175 0.757993384375 0.9361493125000001 0.7613009921875 0.9469548140624999 0.7761852265625 0.9567779953125 0.7778390296875 0.94891945
2 0.43880926093749995 0.851669940625 0.43164277812499996 0.852652259375 0.4200661515625 0.8673870328125 0.4162072765625 0.8683693515625001 0.41345093750000006 0.872298625 0.41786108125 0.8762278984374999 0.43550165312500005 0.85854616875 0.43880926093749995 0.851669940625
2 0.4740904078125 0.620825146875 0.4746416765625 0.61394891875 0.472987871875 0.608055009375 0.47739801562500006 0.609037328125 0.476846746875 0.5943025546875 0.47353914062499997 0.5982318265625 0.47353914062499997 0.6051080546875001 0.469128996875 0.61394891875 0.4696802640625 0.622789784375 0.4740904078125 0.620825146875
2 0.721058434375 0.659135559375 0.7188533625 0.65324165 0.7205071671875001 0.647347740625 0.7188533625 0.65225933125 0.7160970234375 0.65225933125 0.7094818078125 0.6650294703124999 0.712789415625 0.671905696875 0.7205071671875001 0.6640471515625 0.721058434375 0.659135559375
2 0.0358324140625 0.60117878125 0.0363836828125 0.597249509375 0.0292172 0.597249509375 0.02480705625 0.60117878125 0.022601984375000002 0.6051080546875001 0.025909592187500004 0.609037328125 0.0275633953125 0.6051080546875001 0.0358324140625 0.60117878125
2 0.012679162499999999 0.6051080546875001 0.0055126796875 0.6051080546875001 0.008269018749999999 0.610019646875 0.012679162499999999 0.610019646875 0.012679162499999999 0.6051080546875001
2 0.44487320781250006 0.8801571703125 0.44818081562499995 0.8752455796874999 0.443770671875 0.87328094375 0.432194046875 0.8811394890625 0.41786108125 0.8850687625000001 0.41786108125 0.8929273078125 0.42171995625 0.8939096265625001 0.43164277812499996 0.8850687625000001 0.44487320781250006 0.8801571703125
2 0.7216097015625 0.62671905625 0.72326350625 0.6149312375 0.7183020953125 0.6178781921875001 0.712789415625 0.6316306484374999 0.712789415625 0.6365422390625 0.716648290625 0.635559921875 0.7216097015625 0.62671905625
0 0.4696802640625 0.6129666015625 0.4696802640625 0.622789784375 0.47353914062499997 0.621807465625 0.47353914062499997 0.6110019640625 0.4696802640625 0.6129666015625
1 0.43439911875000004 0.92239685625 0.4327453140625 0.929273084375 0.4349503859375 0.9332023578124999 0.45038588749999997 0.923379175 0.45038588749999997 0.9273084484374999 0.43770672499999996 0.94891945 0.43880926093749995 0.9567779953125 0.45038588749999997 0.9557956781250001 0.452590959375 0.9400785859375 0.46802646093750006 0.917485265625 0.47353914062499997 0.89882121875 0.476846746875 0.8644400781250001 0.47905181875 0.86051080625 0.49117971406249994 0.8595284875000001 0.4884233734375 0.8506876234374999 0.4867695703125 0.8339882125000001 0.48070562343749995 0.8222003921875001 0.4740904078125 0.815324165625 0.4746416765625 0.801571709375 0.47188533593750004 0.7917485265625 0.46471885312500005 0.7937131625 0.46306505 0.8163064828125 0.457001103125 0.8222003921875001 0.45203969062500005 0.832023575 0.4476295484375 0.8565815328124999 0.4476295484375 0.8880157171875 0.4432194046875 0.90962671875 0.43439911875000004 0.92239685625
1 0.4663726578125 0.787819253125 0.47353914062499997 0.7937131625 0.4746416765625 0.8163064828125 0.4840132296875 0.8290766203125 0.4884233734375 0.8290766203125 0.49503858906250003 0.8172888015625001 0.49503858906250003 0.8104125734375 0.493936053125 0.7956778 0.48566703437500003 0.763261296875 0.47960308749999997 0.7534381140625 0.47519294375000004 0.7524557953125 0.4707828 0.7416502953124999 0.46306505 0.7416502953124999 0.46085997812499996 0.7455795671875001 0.46085997812499996 0.7524557953125 0.46802646093750006 0.7721021609375 0.4663726578125 0.787819253125
1 0.9244762953125001 0.678781925 0.9244762953125001 0.6817288796875001 0.9184123484375 0.6895874265625 0.918963615625 0.6935167 0.9244762953125001 0.698428290625 0.9217199562499999 0.7200392921875001 0.9283351703125 0.7465618859375 0.923925028125 0.762278978125 0.9266813671874999 0.7662082515625 0.9349503859375 0.763261296875 0.93825799375 0.7652259328125 0.9399117968749999 0.775049115625 0.9388092609375001 0.7917485265625 0.9432194046875001 0.7917485265625 0.9503858875000001 0.7789783890625 0.9448732078125 0.7652259328125 0.9415656015625 0.738703340625 0.9415656015625 0.725933203125 0.9465270125 0.7043222 0.94597574375 0.6895874265625 0.9371554578125 0.6561886046875001 0.9283351703125 0.6434184671875001 0.92557883125 0.6316306484374999 0.9206174203125 0.6237721015625 0.9173098124999999 0.622789784375 0.9140022046875 0.62671905625 0.9140022046875 0.6404715125 0.9206174203125 0.65324165 0.9217199562499999 0.6689587421875001 0.9244762953125001 0.678781925
1 0.80981256875 0.9872298625000001 0.8081587656250001 0.9656188609375 0.8037486218750001 0.9577603140625 0.795479603125 0.9528487234374999 0.7899669234375 0.9332023578124999 0.7839029765625 0.9322200390625 0.7783902984375 0.9400785859375 0.7778390296875 0.9577603140625 0.7739801546875 0.969548134375 0.7734288859375 0.994106090625 0.775082690625 0.99901768125 0.8081587656250001 0.99901768125 0.80981256875 0.9872298625000001
1 0.308158765625 0.6777996078124999 0.3048511578125 0.6886051078125 0.3114663734375 0.6905697453124999 0.3125689078125 0.673870334375 0.3180815875 0.6493123765625 0.32414553437500004 0.6404715125 0.3296582140625 0.661100196875 0.33186328593750003 0.6915520625 0.33461962500000003 0.698428290625 0.3384785 0.698428290625 0.33902976875 0.6905697453124999 0.33572216093749996 0.673870334375 0.3340683578125 0.64243615 0.33517089375000003 0.6021611 0.3373759640625 0.596267190625 0.3373759640625 0.58840864375 0.3335170890625 0.570726915625 0.3335170890625 0.557956778125 0.33186328593750003 0.5550098234374999 0.32579933906249997 0.5550098234374999 0.3230429984375 0.557956778125 0.3213891953125 0.5667976421875001 0.308158765625 0.5893909625 0.308158765625 0.60117878125 0.3125689078125 0.621807465625 0.3109151046875 0.6552062875 0.308158765625 0.6777996078124999
1 0.733737596875 0.673870334375 0.737596471875 0.667976425 0.73980154375 0.673870334375 0.73980154375 0.684675834375 0.7442116875 0.6954813359375 0.7447629546875 0.7062868375 0.74751929375 0.711198428125 0.7513781703125 0.711198428125 0.7519294375000001 0.698428290625 0.7491730984375 0.6895874265625 0.7480705624999999 0.672888015625 0.7486218296875 0.6021611 0.7431091515625 0.5893909625 0.7392502750000001 0.58840864375 0.7331863281250001 0.5795677796875001 0.7243660421875 0.5805500984374999 0.7227122375 0.597249509375 0.7221609703125 0.65422396875 0.7304299890625 0.7023575640625 0.7348401328125 0.7023575640625 0.733737596875 0.673870334375
1 0 0.6561886046875001 0.0077177515625 0.6512770140625 0.0137816984375 0.6404715125 0.0192943765625 0.635559921875 0.025909592187500004 0.671905696875 0.02480705625 0.685658153125 0.033076074999999996 0.6886051078125 0.035281146875 0.6807465625 0.0319735390625 0.673870334375 0.030319735937499998 0.6640471515625 0.029768467187499998 0.635559921875 0.025909592187500004 0.6051080546875001 0.027012128125 0.60117878125 0.0336273421875 0.60117878125 0.0363836828125 0.597249509375 0.026460859375 0.5795677796875001 0.02480705625 0.5412573671875001 0.0176405734375 0.5383104125 0.0137816984375 0.5432220046875 0.01212789375 0.56286836875 0.0049614109375 0.576620825 0.002205071875 0.5864440078125 0.003858875 0.6306483296875001 0.0027563390625 0.64243615 0 0.646365421875 0 0.6561886046875001
1 0.99558985625 0.9891944984375 0.9994487328125 0.9852652265625 0.9994487328125 0.9774066796875 0.9917309812499999 0.9724950890624999 0.9917309812499999 0.9528487234374999 0.9900771781250001 0.9440078578125 0.9834619625000001 0.93713163125 0.976846746875 0.9400785859375 0.9724366046874999 0.9567779953125 0.9724366046874999 0.97347740625 0.9658213890624999 0.9911591359375 0.9652701218749999 0.99901768125 0.9922822484375 0.99901768125 0.996141125 0.994106090625 0.99558985625 0.9891944984375
1 0.9663726578125 0.571709234375 0.9691289968750001 0.6021611 0.9674751921875 0.6129666015625 0.9762954796875001 0.61394891875 0.9746416765625 0.6041257375 0.9746416765625 0.576620825 0.977398015625 0.5736738703125 0.9823594265625 0.5805500984374999 0.9829106953125001 0.5923379171875001 0.9867695703124999 0.6021611 0.98787210625 0.61394891875 0.9862183015625 0.6257367390625 0.9966923921875 0.62671905625 0.9906284453125 0.57760314375 0.9917309812499999 0.5422396859374999 0.9950385890625 0.533398821875 0.99558985625 0.52455795625 0.9900771781250001 0.5088408640625001 0.9840132296874999 0.5 0.981808159375 0.48330058906250006 0.97519294375 0.482318271875 0.9724366046874999 0.4872298625 0.973539140625 0.533398821875 0.9707828 0.5422396859374999 0.9718853359375 0.5491159140625 0.9663726578125 0.571709234375
1 0.8980154359375 0.995088409375 0.894707828125 0.9587426328124999 0.8831312015625 0.9449901765625001 0.882579934375 0.9273084484374999 0.8781697906250001 0.9204322203125 0.8704520390624999 0.9194499015625001 0.8665931640625001 0.92436149375 0.8676957 0.943025540625 0.8605292171875 0.9567779953125 0.8605292171875 0.9901768171875001 0.8632855562499999 0.99901768125 0.8958103640624999 0.99901768125 0.8980154359375 0.995088409375
1 0.5964718859375 0.4646365421875 0.599228225 0.47347740624999995 0.6003307609374999 0.495088409375 0.6041896359375001 0.49607072656250006 0.6085997796875 0.44007858593750004 0.6030871 0.4106090375 0.597574421875 0.41159135625000004 0.5937155453125 0.4204322203125 0.5876515984374999 0.42730844843750004 0.5832414546875 0.441060903125 0.5832414546875 0.4567779953125 0.5859977953125 0.4616895875 0.5942668140625 0.4616895875 0.5964718859375 0.4646365421875