2 0.717199559375 0.7406679765625 0.7177508265625 0.7337917484375 0.7199558984375 0.7328094296875001 0.7287761859375 0.7141453828125 0.7304299890625 0.699410609375 0.7265711140625 0.7033398828124999 0.725468578125 0.711198428125 0.7177508265625 0.7318271125 0.712789415625 0.737721021875 0.7078280046875001 0.750491159375 0.7050716640625 0.7524557953125 0.7039691296874999 0.749508840625 0.6990077171875 0.748526521875 0.7006615218750001 0.761296659375 0.708930540625 0.762278978125 0.7116868796875 0.751473478125 0.717199559375 0.7406679765625
2 0.5501653796875 0.5795677796875001 0.551819184375 0.5726915515625 0.5501653796875 0.5658153234375 0.542998896875 0.569744596875 0.5402425578125001 0.576620825 0.5418963609375 0.583497053125 0.5463065046875 0.584479371875 0.5501653796875 0.5795677796875001
2 0.48291069531249997 0.685658153125 0.47023153281249996 0.685658153125 0.46582138906250004 0.6905697453124999 0.46582138906250004 0.6944990171875001 0.47188533593750004 0.6935167 0.481256890625 0.6905697453124999 0.48291069531249997 0.685658153125
2 0.4288864390625 0.6660117875 0.4305402421875 0.6758349703125 0.43439911875000004 0.6768172890625 0.43550165312500005 0.6660117875 0.4288864390625 0.6660117875
2 0 0.9410609031250001 0.0066152156249999995 0.943025540625 0.011576626562500001 0.9400785859375 0.011576626562500001 0.93516699375 0.015986770312500002 0.9400785859375 0.015986770312500002 0.93516699375 0.0192943765625 0.9400785859375 0.024255789062499998 0.9390962671875001 0.022601984375000002 0.9332023578124999 0.0088202859375 0.9302554031250001 0.00441014375 0.9194499015625001 0 0.9194499015625001 0 0.9410609031250001
2 0.291069459375 0.78192534375 0.2861080484375 0.7799607078124999 0.2778390296875 0.8045186640624999 0.275082690625 0.80746561875 0.26460859999999997 0.8339882125000001 0.26130099218749997 0.8379174859375 0.25192943749999996 0.8388998031250001 0.25192943749999996 0.8438113953125 0.2568908484375 0.8497053046874999 0.26460859999999997 0.84675835 0.291069459375 0.78192534375
2 0.5005512671875 0.545186640625 0.5 0.5530451859375 0.5038588749999999 0.558939096875 0.5170893046875 0.5677799609374999 0.51815315625 0.5620928546874999 0.5049614109375 0.546168959375 0.5005512671875 0.545186640625
2 0.49724366093750005 0.5157170921875001 0.5 0.5157170921875001 0.49834619687500004 0.5127701375 0.49724366093750005 0.5157170921875001
2 0.5738699 0.6444007859374999 0.5650496140625 0.65324165 0.5606394703124999 0.6620825140625 0.559536934375 0.667976425 0.563947078125 0.667976425 0.572216096875 0.65324165 0.5738699 0.6444007859374999
2 0.572216096875 0.6552062875 0.57442116875 0.646365421875 0.57056229375 0.646365421875 0.5584343984375 0.6650294703124999 0.5507166484375 0.661100196875 0.5485115765625 0.6630648328125 0.5474090406250001 0.667976425 0.5523704515625 0.6768172890625 0.5600882031250001 0.672888015625 0.572216096875 0.6552062875
2 0.5441014328125 0.507858546875 0.5529217203125001 0.5 0.5545755234375 0.48821218125000004 0.5501653796875 0.4872298625 0.5474090406250001 0.495088409375 0.5385887546875 0.50098231875 0.5363836828124999 0.507858546875 0.5358324140625 0.5166994109374999 0.53748621875 0.52455795625 0.5413450937500001 0.52455795625 0.5441014328125 0.507858546875
0 0.570011025 0.5383104125 0.5667034171875 0.53732809375 0.5650496140625 0.5383104125 0.5650496140625 0.545186640625 0.570011025 0.545186640625 0.570011025 0.5383104125
1 0.7265711140625 0.6915520625 0.7304299890625 0.698428290625 0.729327453125 0.7141453828125 0.7216097015625 0.7328094296875001 0.7216097015625 0.7455795671875001 0.724917309375 0.7593320234375 0.7276736500000001 0.7848722984375 0.7183020953125 0.8035363453125001 0.72326350625 0.8084479375000001 0.7298787203125 0.8084479375000001 0.7386990078125 0.8035363453125001 0.7386990078125 0.7956778 0.7353913999999999 0.7907662078125 0.7342888640624999 0.7829076625 0.7342888640624999 0.75638506875 0.7326350609375 0.748526521875 0.733737596875 0.735756384375 0.737596471875 0.735756384375 0.742006615625 0.7426326125 0.74366041875 0.7524557953125 0.7480705624999999 0.762278978125 0.74751929375 0.7789783890625 0.7491730984375 0.7829076625 0.757993384375 0.7848722984375 0.7607497249999999 0.78192534375 0.7607497249999999 0.7779960703125 0.75633958125 0.76915520625 0.7546857765625 0.7544204328124999 0.74751929375 0.7328094296875001 0.7535832421875 0.6954813359375 0.7519294375000001 0.671905696875 0.74751929375 0.6640471515625 0.74751929375 0.6571709234374999 0.7425578828125 0.63948919375 0.7386990078125 0.633595284375 0.737596471875 0.6237721015625 0.72712238125 0.6129666015625 0.724917309375 0.5933202359374999 0.716648290625 0.5943025546875 0.716648290625 0.61394891875 0.721058434375 0.62671905625 0.7276736500000001 0.672888015625 0.7265711140625 0.6915520625
1 0.8506063953125 0.684675834375 0.8472987875 0.6964636546875 0.84674751875 0.7141453828125 0.8434399125 0.7200392921875001 0.8406835718749999 0.736738703125 0.8439911796875 0.748526521875 0.8517089312499999 0.7534381140625 0.869900771875 0.7573673875 0.8809261296875001 0.7524557953125 0.8869900765625 0.7426326125 0.890297684375 0.7416502953124999 0.8919514890625001 0.736738703125 0.890297684375 0.7278978390625 0.8880926125 0.7278978390625 0.8869900765625 0.723968565625 0.8897464171875 0.710216109375 0.8897464171875 0.6935167 0.885887540625 0.6699410609374999 0.8809261296875001 0.6493123765625 0.8732083796874999 0.635559921875 0.869900771875 0.633595284375 0.86824696875 0.6178781921875001 0.8649393609375 0.610019646875 0.8566703421874999 0.609037328125 0.8517089312499999 0.61394891875 0.8517089312499999 0.6257367390625 0.8555678062500001 0.6434184671875001 0.8517089312499999 0.6561886046875001 0.8506063953125 0.684675834375
1 0.0341786109375 0.99901768125 0.0738699 0.99901768125 0.07442116875 0.9931237718749999 0.067805953125 0.9616895875000001 0.0694597578125 0.94990176875 0.0777287765625 0.93516699375 0.07828004375 0.9204322203125 0.072767365625 0.8821218078124999 0.056229328125 0.8673870328125 0.0567805953125 0.8536345781250001 0.0589856671875 0.84577603125 0.0573318640625 0.8339882125000001 0.0441014328125 0.8339882125000001 0.0402425578125 0.8398821218749999 0.039691290625 0.851669940625 0.042998896875 0.87131630625 0.0319735390625 0.8821218078124999 0.025909592187500004 0.8939096265625001 0.023153253125000002 0.92436149375 0.026460859375 0.943025540625 0.0336273421875 0.9557956781250001 0.0341786109375 0.99901768125
1 0.3131201765625 0.7465618859375 0.31642778437499997 0.7593320234375 0.3169790515625 0.770137525 0.3131201765625 0.7838899796875001 0.31201764062500004 0.800589390625 0.3125689078125 0.8673870328125 0.30981256875 0.8742632609375001 0.3042998890625 0.878192534375 0.305402425 0.88605108125 0.3169790515625 0.8899803531250001 0.3208379265625 0.8850687625000001 0.31863285625 0.85854616875 0.3213891953125 0.8428290765625001 0.32249173125 0.8172888015625001 0.33131201718750003 0.7996070734375 0.33902976875 0.8133595281250001 0.344542446875 0.8418467578125 0.348952590625 0.852652259375 0.35170893125 0.8880157171875 0.35722160937499997 0.8889980359375 0.3588754140625 0.8752455796874999 0.35611907343750004 0.8644400781250001 0.35170893125 0.821218075 0.3472987875 0.8084479375000001 0.3472987875 0.775049115625 0.34288864375 0.74361493125 0.3434399125 0.7337917484375 0.34840132343749997 0.7278978390625 0.34840132343749997 0.7151277015625 0.3384785 0.6944990171875001 0.3296582140625 0.6905697453124999 0.32635060625 0.685658153125 0.32579933906249997 0.667976425 0.32249173125 0.6620825140625 0.3180815875 0.661100196875 0.3131201765625 0.6660117875 0.3142227125 0.6944990171875001 0.3048511578125 0.712180746875 0.2982359421875 0.748526521875 0.2877618515625 0.7721021609375 0.287210584375 0.780943025 0.2899669234375 0.7838899796875001 0.30981256875 0.74459725 0.3131201765625 0.7465618859375
1 0.43329658281250005 0.67976424375 0.4288864390625 0.6935167 0.4228224921875 0.698428290625 0.4222712234375 0.70530451875 0.427232634375 0.7151277015625 0.43164277812499996 0.7151277015625 0.43880926093749995 0.6944990171875001 0.44487320781250006 0.667976425 0.45755237031249996 0.648330059375 0.46085997812499996 0.65324165 0.4619625140625 0.671905696875 0.4558985671875 0.7151277015625 0.45755237031249996 0.723968565625 0.4636163171875 0.7269155203125 0.465270121875 0.723968565625 0.46471885312500005 0.7043222 0.469128996875 0.685658153125 0.47023153281249996 0.660117878125 0.47353914062499997 0.647347740625 0.47353914062499997 0.6060903734374999 0.47850055156250004 0.596267190625 0.4762954796875 0.5667976421875001 0.4740904078125 0.5599214140625 0.47023153281249996 0.557956778125 0.4663726578125 0.5491159140625 0.468577728125 0.546168959375 0.468577728125 0.53732809375 0.46582138906250004 0.52455795625 0.4597574421875 0.5235756390625 0.45203969062500005 0.5343811390625001 0.4536934953125 0.5530451859375 0.4432194046875 0.5667976421875001 0.4415656015625 0.57563850625 0.44487320781250006 0.62671905625 0.43825799375 0.660117878125 0.43109151093750003 0.66699410625 0.43329658281250005 0.67976424375
1 0.20948180781249998 0.60117878125 0.20782800468749998 0.6296660125 0.2039691296875 0.64145383125 0.200110253125 0.671905696875 0.191841234375 0.684675834375 0.191841234375 0.6895874265625 0.196251378125 0.697445971875 0.20286659375 0.698428290625 0.20562293281250002 0.6758349703125 0.212789415625 0.6512770140625 0.21389195156250002 0.64145383125 0.2205071671875 0.6296660125 0.22216097031249998 0.620825146875 0.22657111406250002 0.6188605109374999 0.233186328125 0.635559921875 0.2348401328125 0.6512770140625 0.24145534687499998 0.673870334375 0.2431091515625 0.697445971875 0.2513781703125 0.697445971875 0.25248070624999996 0.6886051078125 0.2480705625 0.67976424375 0.24586549062500002 0.65324165 0.24200661562499998 0.6326129671875 0.24145534687499998 0.608055009375 0.23925027499999998 0.596267190625 0.24200661562499998 0.56286836875 0.23980154374999998 0.5559921421875 0.233737596875 0.545186640625 0.221058434375 0.533398821875 0.21664829062500002 0.520628684375 0.2116868796875 0.520628684375 0.208379271875 0.525540275 0.20727673593749998 0.5402750484375 0.20286659375 0.5550098234374999 0.204520396875 0.583497053125 0.2111356125 0.5893909625 0.2111356125 0.596267190625 0.20948180781249998 0.60117878125
1 0.4415656015625 0.571709234375 0.44487320781250006 0.56286836875 0.45479603125 0.5530451859375 0.45644983437500003 0.55009823125 0.45314222656250003 0.544204321875 0.452590959375 0.530451865625 0.45148842343749995 0.53732809375 0.4492833515625 0.53732809375 0.44487320781250006 0.5491159140625 0.4288864390625 0.57563850625 0.42116868749999997 0.584479371875 0.42116868749999997 0.5923379171875001 0.42833517031249996 0.5923379171875001 0.4349503859375 0.5785854609375 0.4415656015625 0.571709234375
1 0.47353914062499997 0.5540275046875001 0.47905181875 0.5638506875 0.481256890625 0.5638506875 0.485115765625 0.5550098234374999 0.485115765625 0.545186640625 0.4823594265625 0.531434184375 0.489525909375 0.51178781875 0.49228224843749996 0.51375245625 0.49724366093750005 0.546168959375 0.5011025359375 0.546168959375 0.502205071875 0.5432220046875 0.5 0.533398821875 0.5005512671875 0.5166994109374999 0.4906284453125 0.4901768171875 0.493936053125 0.474459725 0.49117971406249994 0.46561886093749993 0.48787210625000005 0.46267190625000004 0.4834619625 0.4646365421875 0.4779492828125 0.479371315625 0.4674751921875 0.49607072656250006 0.4597574421875 0.5039292734374999 0.4558985671875 0.517681728125 0.45534729843750005 0.5284872296875001 0.46306505 0.52455795625 0.4663726578125 0.5491159140625 0.47353914062499997 0.5540275046875001
1 0.5727673656250001 0.65225933125 0.5694597578125 0.7062868375 0.5650496140625 0.7131630640625 0.5650496140625 0.7210216109375 0.5667034171875 0.723968565625 0.5738699 0.719056975 0.576626240625 0.712180746875 0.5777287765625 0.6876227890625 0.5804851156249999 0.6807465625 0.5826901875 0.65324165 0.59095920625 0.634577603125 0.5937155453125 0.63948919375 0.5937155453125 0.6640471515625 0.5898566703125 0.7023575640625 0.5915104734375001 0.7072691546875001 0.59536935 0.7072691546875001 0.5986769562500001 0.7013752453125 0.5981256890625 0.6876227890625 0.6025358328125 0.659135559375 0.6052921718750001 0.6178781921875001 0.6047409046875 0.5982318265625 0.6052921718750001 0.5933202359374999 0.6113561187500001 0.583497053125 0.6113561187500001 0.576620825 0.6052921718750001 0.55108055 0.5942668140625 0.53929273125 0.5937155453125 0.5235756390625 0.59095920625 0.517681728125 0.5865490624999999 0.5166994109374999 0.5832414546875 0.520628684375 0.584895259375 0.5412573671875001 0.5755237046875 0.5550098234374999 0.5711135609375 0.584479371875 0.572216096875 0.5923379171875001 0.581036384375 0.58840864375 0.5815876515625 0.5913555984375 0.5727673656250001 0.65225933125
1 0.4834619625 0.659135559375 0.48566703437500003 0.6699410609374999 0.48566703437500003 0.6827111984374999 0.47353914062499997 0.7269155203125 0.4724366046875 0.7544204328124999 0.468577728125 0.7779960703125 0.4614112453125 0.788801571875 0.468577728125 0.7956778 0.47519294375000004 0.7956778 0.476846746875 0.7927308453124999 0.476846746875 0.776031434375 0.48070562343749995 0.75638506875 0.4823594265625 0.7288801578124999 0.485115765625 0.723968565625 0.4928335171875 0.722986246875 0.49834619687500004 0.7141453828125 0.502205071875 0.7151277015625 0.5077177515625 0.723968565625 0.5115766265625 0.725933203125 0.5220507171875 0.75638506875 0.5297684671875 0.7721021609375 0.5347298781250001 0.7907662078125 0.539140021875 0.7917485265625 0.5413450937500001 0.7848722984375 0.5380374859375 0.7721021609375 0.5319735390625 0.7593320234375 0.5292171999999999 0.7455795671875001 0.518191840625 0.719056975 0.514332965625 0.6935167 0.518743109375 0.661100196875 0.5242557890625 0.6434184671875001 0.5159867703125001 0.61394891875 0.50441014375 0.60314341875 0.5033076078125001 0.5795677796875001 0.49724366093750005 0.5785854609375 0.49503858906250003 0.5815324171875 0.49503858906250003 0.6041257375 0.4867695703125 0.6188605109374999 0.4840132296875 0.6306483296875001 0.4834619625 0.64145383125 0.485115765625 0.647347740625 0.4834619625 0.6502946953125 0.4834619625 0.659135559375
1 0.5115766265625 0.520628684375 0.51212789375 0.5294695484374999 0.50441014375 0.5343811390625001 0.50441014375 0.5491159140625 0.5115766265625 0.55108055 0.5132304296875 0.5550098234374999 0.5165380374999999 0.5559921421875 0.526460859375 0.5550098234374999 0.527012128125 0.55108055 0.5242557890625 0.5422396859374999 0.526460859375 0.5343811390625001 0.5347298781250001 0.5284872296875001 0.5385887546875 0.5216110015625001 0.542998896875 0.5039292734374999 0.5529217203125001 0.494106090625 0.5529217203125001 0.482318271875 0.5485115765625 0.4646365421875 0.5474090406250001 0.45088408593749996 0.547960309375 0.43713163125000004 0.5507166484375 0.42730844843750004 0.5501653796875 0.415520628125 0.5463065046875 0.41159135625000004 0.542998896875 0.4135559921875 0.53693495 0.42534381093749996 0.526460859375 0.43713163125000004 0.5214994484375 0.45284872343749993 0.518743109375 0.468565815625 0.5198456453125 0.48624754374999996 0.5165380374999999 0.5108055015625 0.5115766265625 0.520628684375