2 0.8169790515625 0.6827111984374999 0.8175303203125001 0.671905696875 0.8208379265625 0.6640471515625 0.8219404625 0.647347740625 0.81863285625 0.647347740625 0.8169790515625 0.65225933125 0.8158765156250001 0.6640471515625 0.80981256875 0.6777996078124999 0.8125689078124999 0.6895874265625 0.8169790515625 0.6827111984374999
2 0.542998896875 0.6777996078124999 0.542998896875 0.685658153125 0.555678059375 0.684675834375 0.5551267921874999 0.6777996078124999 0.542998896875 0.6777996078124999
2 0.1703417859375 0.6385068765625 0.1769570015625 0.64243615 0.1852260203125 0.659135559375 0.1907386984375 0.660117878125 0.1951488421875 0.6552062875 0.1934950390625 0.647347740625 0.17916207343749999 0.6385068765625 0.16097023125 0.6149312375 0.158765159375 0.6188605109374999 0.15711135625 0.6149312375 0.159316428125 0.622789784375 0.1703417859375 0.6385068765625
2 0.1664829109375 0.6237721015625 0.1642778390625 0.6296660125 0.1708930546875 0.6385068765625 0.1764057328125 0.63948919375 0.175854465625 0.635559921875 0.1598676953125 0.6149312375 0.158765159375 0.6198428296875 0.1604189640625 0.6237721015625 0.1642778390625 0.620825146875 0.1664829109375 0.6237721015625
2 0.42392502812500005 0.5618860515625 0.42502756406250003 0.55108055 0.41786108125 0.5432220046875 0.41124586562500004 0.525540275 0.40738699062499995 0.5225933203124999 0.40738699062499995 0.531434184375 0.4140022046875 0.5491159140625 0.41786108125 0.557956778125 0.42392502812500005 0.5618860515625
1 0.885887540625 0.4774066796875 0.8836824703125 0.4872298625 0.885887540625 0.49115913593749994 0.8891951484374999 0.5108055015625 0.890848953125 0.5363457765625 0.8952590953125 0.5599214140625 0.8963616312499999 0.5746561890625 0.8941565593749999 0.58840864375 0.8980154359375 0.5923379171875001 0.9079382578124999 0.5795677796875001 0.9007717749999999 0.5363457765625 0.9068357218750001 0.49607072656250006 0.907386990625 0.479371315625 0.90463065 0.467583496875 0.9035281140625001 0.44891945 0.898566703125 0.43222003906250006 0.8897464171875 0.415520628125 0.8836824703125 0.415520628125 0.8814773984375 0.41944990156250006 0.8792723265625 0.42436149375000004 0.8792723265625 0.43222003906250006 0.885887540625 0.4440078578125 0.885887540625 0.4774066796875
1 0.35611907343750004 0.7907662078125 0.348952590625 0.8143418468749999 0.3506063953125 0.8241650296874999 0.34399117968750004 0.8349705296875 0.340683571875 0.84675835 0.3401323046875 0.8644400781250001 0.3379272328125 0.8752455796874999 0.33461962500000003 0.8811394890625 0.33461962500000003 0.8899803531250001 0.3417861078125 0.8889980359375 0.3434399125 0.8850687625000001 0.345093715625 0.8693516703125 0.3500551265625 0.85854616875 0.3544652703125 0.8310412578124999 0.35722160937499997 0.8310412578124999 0.3605292171875 0.8398821218749999 0.361631753125 0.851669940625 0.36383682500000003 0.8506876234374999 0.369900771875 0.8172888015625001 0.382028665625 0.80746561875 0.3853362734375 0.7996070734375 0.386438809375 0.7573673875 0.3875413453125 0.750491159375 0.390848953125 0.7455795671875001 0.390297684375 0.7337917484375 0.385887540625 0.7200392921875001 0.3748621828125 0.7062868375 0.373759646875 0.6944990171875001 0.3687982359375 0.686640471875 0.365490628125 0.685658153125 0.361631753125 0.6905697453124999 0.3621830203125 0.712180746875 0.35170893125 0.7328094296875001 0.34840132343749997 0.7524557953125 0.34399117968750004 0.763261296875 0.3423373765625 0.78192534375 0.345093715625 0.7829076625 0.35556780625 0.7652259328125 0.35722160937499997 0.76915520625 0.35611907343750004 0.7907662078125
1 0.7701212796875 0.6512770140625 0.7717750828125001 0.6552062875 0.7783902984375 0.6571709234374999 0.78059536875 0.661100196875 0.7839029765625 0.6944990171875001 0.7866593171875 0.7023575640625 0.7866593171875 0.73084479375 0.7943770671875 0.7524557953125 0.7965821390625 0.7652259328125 0.795479603125 0.775049115625 0.7916207281250001 0.7789783890625 0.791069459375 0.7868369359375 0.8042998890625 0.7868369359375 0.807607496875 0.7838899796875001 0.8087100328125001 0.7789783890625 0.8070562296875 0.764243615625 0.8142227125 0.7583497046875001 0.80981256875 0.737721021875 0.807607496875 0.711198428125 0.8042998890625 0.7062868375 0.8054024249999999 0.673870334375 0.799889746875 0.64243615 0.7993384781249999 0.627701375 0.8031973546875 0.6257367390625 0.8120176406249999 0.633595284375 0.8180815875 0.6434184671875001 0.8208379265625 0.6444007859374999 0.8208379265625 0.6385068765625 0.8153252484375001 0.622789784375 0.80981256875 0.6149312375 0.7938258 0.6021611 0.783351709375 0.6001964640625 0.7816979046875 0.584479371875 0.7783902984375 0.5795677796875001 0.77287761875 0.5795677796875001 0.7701212796875 0.584479371875 0.7701212796875 0.59037328125 0.774531421875 0.6060903734374999 0.7701212796875 0.6306483296875001 0.7701212796875 0.6512770140625
1 0.869349503125 0.7170923375 0.8787210578125 0.7278978390625 0.8936052921875 0.729862475 0.8996692390625001 0.7200392921875001 0.911245865625 0.722986246875 0.9222712234375001 0.712180746875 0.9217199562499999 0.7062868375 0.9167585453125 0.7062868375 0.9128996687500001 0.7013752453125 0.9128996687500001 0.6915520625 0.9162072765625 0.6777996078124999 0.915656009375 0.6689587421875001 0.9040793828125 0.6257367390625 0.894707828125 0.6129666015625 0.8936052921875 0.6001964640625 0.8914002203125 0.5943025546875 0.8847850062499999 0.5893909625 0.87982359375 0.5913555984375 0.8776185218749999 0.597249509375 0.8781697906250001 0.610019646875 0.8814773984375 0.621807465625 0.8754134515625 0.64243615 0.8737596468750001 0.672888015625 0.8704520390624999 0.6817288796875001 0.874310915625 0.6905697453124999 0.874310915625 0.6954813359375 0.8687982359375 0.7072691546875001 0.869349503125 0.7170923375
1 0.427232634375 0.5422396859374999 0.4349503859375 0.531434184375 0.44046306562500004 0.5353634578124999 0.44211686875 0.5422396859374999 0.45148842343749995 0.5559921421875 0.452590959375 0.5658153234375 0.45644983437500003 0.5658153234375 0.4636163171875 0.557956778125 0.46416758593749996 0.5491159140625 0.45479603125 0.546168959375 0.45203969062500005 0.5422396859374999 0.45203969062500005 0.530451865625 0.4476295484375 0.519646365625 0.4476295484375 0.51375245625 0.44101433281249997 0.507858546875 0.4349503859375 0.506876228125 0.42778390312500003 0.49901768124999996 0.42171995625 0.49803536406250004 0.4173098125 0.50098231875 0.4140022046875 0.51178781875 0.4173098125 0.519646365625 0.42502756406250003 0.52652259375 0.427232634375 0.5422396859374999
1 0.43164277812499996 0.495088409375 0.43880926093749995 0.49901768124999996 0.43880926093749995 0.47838899843749993 0.4432194046875 0.4567779953125 0.44266813593750004 0.4459724953125 0.4393605296875 0.443025540625 0.4349503859375 0.44499017656250006 0.43384785 0.45284872343749993 0.4244762953125 0.4587426328125 0.4173098125 0.469548134375 0.41565600937499997 0.479371315625 0.4173098125 0.48330058906250006 0.42116868749999997 0.48330058906250006 0.43164277812499996 0.495088409375
1 0.09426681406250001 0.646365421875 0.08379272343750001 0.660117878125 0.0799338484375 0.671905696875 0.07056229375 0.6817288796875001 0.07056229375 0.69253438125 0.0755237046875 0.7072691546875001 0.0788313125 0.7062868375 0.081036384375 0.6895874265625 0.1119073875 0.63948919375 0.1157662625 0.6434184671875001 0.12072767343749999 0.6944990171875001 0.122381478125 0.697445971875 0.13065049687500002 0.6944990171875001 0.1378169796875 0.684675834375 0.136163175 0.678781925 0.13009922812500002 0.6768172890625 0.12624035312499998 0.6699410609374999 0.1251378171875 0.6630648328125 0.12568908437499998 0.6296660125 0.12127894218749999 0.616895875 0.12017640624999999 0.6070726921875 0.12127894218749999 0.5874263265625 0.122381478125 0.584479371875 0.12789415625 0.584479371875 0.1378169796875 0.5893909625 0.138368246875 0.584479371875 0.134509371875 0.5795677796875001 0.1312017640625 0.5795677796875001 0.1251378171875 0.570726915625 0.1251378171875 0.558939096875 0.12127894218749999 0.5412573671875001 0.122381478125 0.51375245625 0.114112459375 0.51178781875 0.10859977968750001 0.532416503125 0.100882028125 0.5402750484375 0.09481808124999999 0.5550098234374999 0.09536934999999999 0.5618860515625 0.100882028125 0.570726915625 0.09867695625 0.635559921875 0.09426681406250001 0.646365421875
1 0.636163175 0.576620825 0.64002205 0.576620825 0.6482910687500001 0.5677799609374999 0.6515986765624999 0.5677799609374999 0.6527012125 0.570726915625 0.6521499453125 0.58840864375 0.64002205 0.6306483296875001 0.64057331875 0.63948919375 0.6477398015625 0.6660117875 0.6504961406249999 0.6895874265625 0.654906284375 0.6905697453124999 0.6582138921875 0.6876227890625 0.6598676953125 0.6817288796875001 0.65711135625 0.6768172890625 0.6504961406249999 0.6316306484374999 0.6604189640625 0.61394891875 0.6637265718750001 0.61394891875 0.6681367140625001 0.6237721015625 0.6703417859374999 0.6385068765625 0.6764057328125 0.6571709234374999 0.68136714375 0.6807465625 0.6808158765625001 0.6886051078125 0.6846747515625 0.6905697453124999 0.68632855625 0.6886051078125 0.6868798234375 0.678781925 0.6830209484374999 0.6630648328125 0.6808158765625001 0.63948919375 0.6769570015624999 0.6257367390625 0.67750826875 0.55108055 0.6742006609375 0.5383104125 0.6686879828125 0.5294695484374999 0.66482910625 0.5088408640625001 0.655457553125 0.5088408640625001 0.6543550171875 0.5235756390625 0.646637265625 0.5530451859375 0.636163175 0.571709234375 0.636163175 0.576620825
1 0.5551267921874999 0.6817288796875001 0.5551267921874999 0.6935167 0.551819184375 0.7072691546875001 0.5485115765625 0.7131630640625 0.5490628453124999 0.719056975 0.5529217203125001 0.722986246875 0.559536934375 0.719056975 0.5667034171875 0.667976425 0.581036384375 0.65225933125 0.584895259375 0.65225933125 0.5997794921875 0.6748526515625 0.6080485109375 0.7043222 0.6085997796875 0.7151277015625 0.6124586546875 0.7200392921875001 0.6157662625 0.7200392921875001 0.6168687984375001 0.711198428125 0.614112459375 0.7043222 0.6130099234374999 0.6905697453124999 0.6085997796875 0.672888015625 0.599228225 0.6502946953125 0.5904079375 0.5943025546875 0.5854465265625 0.5815324171875 0.5815876515625 0.57760314375 0.5804851156249999 0.5599214140625 0.5788313125 0.5559921421875 0.5694597578125 0.5559921421875 0.5694597578125 0.5746561890625 0.562293275 0.5913555984375 0.562293275 0.610019646875 0.568357221875 0.634577603125 0.55788313125 0.6650294703124999 0.5551267921874999 0.6817288796875001
1 0.38864388125 0.546168959375 0.39581036406250003 0.5383104125 0.41124586562500004 0.5383104125 0.4173098125 0.5540275046875001 0.42171995625 0.5599214140625 0.42502756406250003 0.5540275046875001 0.427232634375 0.52652259375 0.42502756406250003 0.5216110015625001 0.41896361562499995 0.517681728125 0.4200661515625 0.507858546875 0.423373759375 0.506876228125 0.42392502812500005 0.51178781875 0.43164277812499996 0.507858546875 0.43439911875000004 0.51178781875 0.4415656015625 0.51178781875 0.443770671875 0.5166994109374999 0.4509371546875 0.5157170921875001 0.4536934953125 0.51178781875 0.4536934953125 0.507858546875 0.45203969062500005 0.5039292734374999 0.44487320781250006 0.5029469546875001 0.43550165312500005 0.494106090625 0.4349503859375 0.4872298625 0.43880926093749995 0.47347740624999995 0.43164277812499996 0.466601178125 0.427232634375 0.469548134375 0.42557883125 0.47544204375000004 0.41786108125 0.474459725 0.4162072765625 0.481335953125 0.40407938281250005 0.49115913593749994 0.39525909531250003 0.504911590625 0.3836824703125 0.533398821875 0.361080484375 0.5550098234374999 0.361080484375 0.5618860515625 0.36659316406250003 0.5677799609374999 0.3792723265625 0.55009823125 0.38864388125 0.546168959375
1 0.22877618593750002 0.99901768125 0.2370452046875 0.99901768125 0.23759647187500002 0.9960707265625001 0.24862182968750002 0.994106090625 0.250275634375 0.99901768125 0.2546857765625 0.99901768125 0.25633958125 0.994106090625 0.25633958125 0.9833005890625 0.2590959203125 0.9783889984374999 0.26130099218749997 0.9636542234375 0.2651598671875 0.9528487234374999 0.266262403125 0.9312377203125 0.2701212796875 0.92239685625 0.2761852265625 0.917485265625 0.2734288859375 0.9007858546874999 0.2734288859375 0.872298625 0.27177508281249996 0.8644400781250001 0.2651598671875 0.8555992140625 0.2596471890625 0.8555992140625 0.25633958125 0.851669940625 0.25633958125 0.8398821218749999 0.2590959203125 0.8300589390625 0.2574421171875 0.821218075 0.24862182968750002 0.82023575625 0.2442116875 0.8231827109375001 0.24366041875 0.8359528484375 0.24586549062500002 0.8418467578125 0.2447629546875 0.851669940625 0.23042998906249998 0.8683693515625001 0.22877618593750002 0.8791748531250001 0.23042998906249998 0.9145383109375 0.2353914 0.93516699375 0.22767365 0.995088409375 0.22877618593750002 0.99901768125
1 0.7442116875 0.63948919375 0.75248070625 0.6571709234374999 0.75248070625 0.6620825140625 0.7486218296875 0.6709233796875 0.7442116875 0.673870334375 0.74751929375 0.686640471875 0.74751929375 0.7161100203124999 0.7513781703125 0.7200392921875001 0.7596471890625 0.7210216109375 0.762403528125 0.719056975 0.7635060640625 0.7062868375 0.7618522609375 0.6827111984374999 0.768467475 0.673870334375 0.7717750828125001 0.6650294703124999 0.76901874375 0.6512770140625 0.7695700109375 0.627701375 0.7723263499999999 0.616895875 0.7717750828125001 0.6051080546875001 0.7701212796875 0.5943025546875 0.766262403125 0.5913555984375 0.7596471890625 0.57760314375 0.7552370453125 0.5550098234374999 0.74751929375 0.5550098234374999 0.7442116875 0.56286836875 0.7442116875 0.571709234375 0.74751929375 0.5805500984374999 0.74366041875 0.610019646875 0.7442116875 0.63948919375