0 0.133958103125 0.6817288796875001 0.13175303124999999 0.6895874265625 0.1372657109375 0.6905697453124999 0.138368246875 0.6817288796875001 0.133958103125 0.6817288796875001
1 0.283351709375 0.97347740625 0.283351709375 0.9528487234374999 0.27949283281250004 0.9459724953125 0.274531421875 0.9449901765625001 0.27067254687500003 0.94793713125 0.26791620781250003 0.9666011781250001 0.26130099218749997 0.97347740625 0.257993384375 0.9823182718749999 0.25633958125 0.99901768125 0.2877618515625 0.99901768125 0.2866593171875 0.9833005890625 0.283351709375 0.97347740625
1 0.043550165625 0.6512770140625 0.060088203124999996 0.6385068765625 0.06174200625 0.6257367390625 0.0573318640625 0.6119842828125 0.056229328125 0.5785854609375 0.05181918437500001 0.56286836875 0.05126791562500001 0.55108055 0.0485115765625 0.546168959375 0.042998896875 0.545186640625 0.039140021875 0.5481335953124999 0.0380374859375 0.5658153234375 0.0319735390625 0.5795677796875001 0.030319735937499998 0.60117878125 0.031422271875000005 0.6178781921875001 0.02866593125 0.63948919375 0.0319735390625 0.647347740625 0.043550165625 0.6512770140625
1 0.768467475 0.735756384375 0.7717750828125001 0.7406679765625 0.7783902984375 0.736738703125 0.7927232640625 0.712180746875 0.7982359421874999 0.7151277015625 0.8031973546875 0.7269155203125 0.8042998890625 0.763261296875 0.8109151046875 0.7671905703124999 0.8169790515625 0.7583497046875001 0.8158765156250001 0.750491159375 0.8125689078124999 0.748526521875 0.8092613015625 0.7396856578125 0.8042998890625 0.686640471875 0.80595369375 0.6827111984374999 0.8175303203125001 0.6807465625 0.8125689078124999 0.6768172890625 0.80981256875 0.6699410609374999 0.8081587656250001 0.647347740625 0.8042998890625 0.6385068765625 0.8031973546875 0.622789784375 0.7960308703125001 0.622789784375 0.7949283359375 0.633595284375 0.7883131203125 0.63948919375 0.783351709375 0.6502946953125 0.7839029765625 0.678781925 0.7811466375 0.7151277015625 0.768467475 0.7347740671875 0.7607497249999999 0.7406679765625 0.7607497249999999 0.7573673875 0.7657111359375001 0.7583497046875001 0.768467475 0.748526521875 0.768467475 0.735756384375
1 0.9823594265625 0.7976424359375 0.9906284453125 0.7868369359375 0.9994487328125 0.7917485265625 0.9994487328125 0.7033398828124999 0.9972436609375 0.7013752453125 0.9994487328125 0.698428290625 0.9994487328125 0.6777996078124999 0.9911797140624999 0.6748526515625 0.9840132296874999 0.6827111984374999 0.9834619625000001 0.712180746875 0.9807056234375 0.736738703125 0.9823594265625 0.7544204328124999 0.9746416765625 0.7779960703125 0.973539140625 0.800589390625 0.9691289968750001 0.821218075 0.9685777281249999 0.8447937124999999 0.973539140625 0.84675835 0.9785005515625 0.8094302546875 0.9823594265625 0.7976424359375
1 0.21389195156250002 0.9911591359375 0.212789415625 0.969548134375 0.20948180781249998 0.9597249515625 0.21003307656249998 0.943025540625 0.20782800468749998 0.9312377203125 0.19900771718750002 0.9312377203125 0.1951488421875 0.9390962671875001 0.191841234375 0.953831040625 0.18632855625 0.9597249515625 0.18357221562499998 0.9666011781250001 0.18412348437499998 0.99901768125 0.2122381484375 0.99901768125 0.21389195156250002 0.9911591359375
1 0.0793825796875 0.99901768125 0.0997794921875 0.99901768125 0.101433296875 0.995088409375 0.10529217187499999 0.995088409375 0.10363836875000002 0.979371315625 0.105843440625 0.97544204375 0.1041896359375 0.9420432218749999 0.105843440625 0.9007858546874999 0.101433296875 0.88408644375 0.1041896359375 0.8752455796874999 0.10308710000000001 0.8565815328124999 0.097574421875 0.851669940625 0.09095920625000001 0.8555992140625 0.0898566703125 0.878192534375 0.080485115625 0.8909626718749999 0.07442116875 0.9106090375000001 0.0738699 0.9459724953125 0.070011025 0.9597249515625 0.07828004375 0.9960707265625001 0.0793825796875 0.99901768125
1 0.1824696796875 0.969548134375 0.17861080468749999 0.96070726875 0.1808158765625 0.9390962671875001 0.1780595375 0.928290765625 0.16923925 0.928290765625 0.165380375 0.9381139484375 0.1642778390625 0.9528487234374999 0.1527012125 0.9577603140625 0.14939360468750001 0.9656188609375 0.14939360468750001 0.994106090625 0.15214994531249998 0.99901768125 0.1824696796875 0.99901768125 0.1824696796875 0.969548134375
1 0.7723263499999999 0.57563850625 0.7657111359375001 0.58840864375 0.7651598671875 0.5923379171875001 0.7668136718749999 0.5943025546875 0.7734288859375 0.5933202359374999 0.7723263499999999 0.57563850625
1 0.783351709375 0.5854616890625 0.7866593171875 0.5943025546875 0.787210584375 0.6041257375 0.7899669234375 0.6060903734374999 0.7927232640625 0.60117878125 0.7938258 0.5923379171875001 0.7877618515625 0.5815324171875 0.7822491734375 0.5618860515625 0.7822491734375 0.5383104125 0.7866593171875 0.5166994109374999 0.7861080484375 0.5088408640625001 0.7822491734375 0.50098231875 0.7778390296875 0.49803536406250004 0.7761852265625 0.4872298625 0.76901874375 0.48821218125000004 0.768467475 0.492141453125 0.7679162078124999 0.5294695484374999 0.7701212796875 0.5540275046875001 0.7739801546875 0.569744596875 0.783351709375 0.5854616890625
1 0.099228225 0.7151277015625 0.100882028125 0.6964636546875 0.1041896359375 0.686640471875 0.10859977968750001 0.6817288796875001 0.11135611875 0.671905696875 0.1163175296875 0.6129666015625 0.113561190625 0.6041257375 0.1130099234375 0.5943025546875 0.10859977968750001 0.5913555984375 0.1047409046875 0.5923379171875001 0.1003307609375 0.6041257375 0.09095920625000001 0.6149312375 0.0959206171875 0.6768172890625 0.09426681406250001 0.711198428125 0.09536934999999999 0.7151277015625 0.099228225 0.7151277015625
1 0.06560088124999999 0.8762278984374999 0.054575523437499995 0.8762278984374999 0.0534729875 0.8811394890625 0.063947078125 0.8948919453125 0.06339581093749999 0.9194499015625001 0.06504961406250001 0.943025540625 0.0667034171875 0.9518664046875 0.07056229375 0.9528487234374999 0.072767365625 0.9459724953125 0.0749724359375 0.9086444015625 0.0771775078125 0.9056974453125 0.0793825796875 0.8929273078125 0.0865490625 0.8811394890625 0.0865490625 0.8595284875000001 0.084895259375 0.852652259375 0.0777287765625 0.8428290765625001 0.0738699 0.8222003921875001 0.06560088124999999 0.82023575625 0.0611907390625 0.8222003921875001 0.059536934374999996 0.827111984375 0.060088203124999996 0.8428290765625001 0.067805953125 0.85854616875 0.067805953125 0.87131630625 0.06560088124999999 0.8762278984374999
1 0.56174200625 0.6758349703125 0.5633958109375 0.671905696875 0.572216096875 0.672888015625 0.5738699 0.6758349703125 0.5755237046875 0.7161100203124999 0.5788313125 0.723968565625 0.5843439906250001 0.723968565625 0.5854465265625 0.7170923375 0.58213891875 0.7092337921875 0.5837927234375 0.6581532421875 0.5876515984374999 0.6365422390625 0.5959206171875 0.62671905625 0.5964718859375 0.622789784375 0.59536935 0.6129666015625 0.5882028671875 0.5982318265625 0.5859977953125 0.584479371875 0.57828004375 0.5815324171875 0.5755237046875 0.5854616890625 0.57442116875 0.5982318265625 0.568357221875 0.6070726921875 0.57056229375 0.647347740625 0.5694597578125 0.6571709234374999 0.564498346875 0.6650294703124999 0.5562293281249999 0.6650294703124999 0.555678059375 0.6817288796875001 0.55788313125 0.6905697453124999 0.5611907390625 0.6895874265625 0.56174200625 0.6758349703125
1 0.5865490624999999 0.5127701375 0.59095920625 0.507858546875 0.5920617421875 0.4842829078125 0.599228225 0.4567779953125 0.5997794921875 0.4263261296875 0.59536935 0.4106090375 0.59095920625 0.4106090375 0.5882028671875 0.417485265625 0.5865490624999999 0.43516699374999995 0.58213891875 0.454813359375 0.5804851156249999 0.466601178125 0.5832414546875 0.5 0.58213891875 0.51178781875 0.5865490624999999 0.5127701375
1 0.1477398015625 0.969548134375 0.14443219375 0.9616895875000001 0.134509371875 0.94990176875 0.13506063906250002 0.9312377203125 0.1334068359375 0.92436149375 0.12568908437499998 0.923379175 0.12127894218749999 0.9322200390625 0.11962513749999999 0.94793713125 0.114112459375 0.954813359375 0.1119073875 0.96267190625 0.11135611875 0.980353634375 0.1157662625 0.99901768125 0.1460859984375 0.99901768125 0.1477398015625 0.969548134375
1 0.2425578828125 0.6110019640625 0.2442116875 0.6257367390625 0.24751929375 0.6296660125 0.2513781703125 0.62671905625 0.25192943749999996 0.6051080546875001 0.24751929375 0.59037328125 0.24751929375 0.5609037328124999 0.250275634375 0.55108055 0.24917309843750002 0.53732809375 0.24751929375 0.533398821875 0.24366041875 0.532416503125 0.23759647187500002 0.5166994109374999 0.2342888640625 0.5166994109374999 0.231532525 0.520628684375 0.22987872031249998 0.533398821875 0.22601984531250002 0.5422396859374999 0.224917309375 0.5618860515625 0.2326350609375 0.576620825 0.2353914 0.5923379171875001 0.2425578828125 0.6110019640625