2 0.85997795 0.622789784375 0.8665931640625001 0.6110019640625 0.8561190734374999 0.6051080546875001 0.8484013234375001 0.6051080546875001 0.8434399125 0.609037328125 0.8423373765625 0.6129666015625 0.8252480703125 0.61591355625 0.8252480703125 0.622789784375 0.8274531421875 0.62671905625 0.8434399125 0.6296660125 0.85997795 0.622789784375
2 0.26074972500000004 0.60314341875 0.2629547953125 0.6051080546875001 0.26074972500000004 0.610019646875 0.268467475 0.6178781921875001 0.2734288859375 0.6188605109374999 0.27287761875 0.61394891875 0.26019845625000004 0.60117878125 0.25633958125 0.60117878125 0.25633958125 0.6041257375 0.258544653125 0.6060903734374999 0.26074972500000004 0.60314341875
2 0.8645716640625001 0.7157829078125 0.861080484375 0.712180746875 0.866960859375 0.7115255406250001 0.8665931640625001 0.70530451875 0.86824696875 0.7023575640625 0.869900771875 0.7072691546875001 0.869349503125 0.7013752453125 0.8726571109375 0.7033398828124999 0.8704520390624999 0.698428290625 0.8765159875 0.698428290625 0.8781697906250001 0.69253438125 0.885887540625 0.6817288796875001 0.886438809375 0.6768172890625 0.8831312015625 0.6768172890625 0.8660418968749999 0.70530451875 0.8511576625 0.7200392921875001 0.844542446875 0.7170923375 0.8439911796875 0.723968565625 0.8472987875 0.7278978390625 0.8588754140624999 0.7278978390625 0.8645716640625001 0.7157829078125
2 0.502205071875 0.5982318265625 0.496141125 0.5923379171875001 0.48787210625000005 0.5933202359374999 0.48787210625000005 0.6001964640625 0.49117971406249994 0.6021611 0.4988974640625 0.6021611 0.502205071875 0.5982318265625
2 0.605843440625 0.8359528484375 0.6085997796875 0.8398821218749999 0.59481808125 0.8172888015625001 0.597023153125 0.821218075 0.5942668140625 0.8251473484374999 0.601433296875 0.8379174859375 0.605843440625 0.8359528484375
2 0.59481808125 0.87328094375 0.59536935 0.878192534375 0.6030871 0.8801571703125 0.6047409046875 0.8752455796874999 0.607772878125 0.8752455796874999 0.6085997796875 0.8811394890625 0.6196251375 0.8801571703125 0.617971334375 0.8762278984374999 0.6041896359375001 0.87328094375 0.6019845640625 0.878192534375 0.6010656015625 0.87328094375 0.5942668140625 0.872298625 0.58710033125 0.872298625 0.58710033125 0.8762278984374999 0.5915104734375001 0.877210215625 0.59481808125 0.87328094375
0 0.369349503125 0.5491159140625 0.369349503125 0.557956778125 0.3726571109375 0.557956778125 0.3726571109375 0.55108055 0.369349503125 0.5491159140625
1 0.882579934375 0.6434184671875001 0.8820286656249999 0.65225933125 0.886438809375 0.65324165 0.886438809375 0.647347740625 0.882579934375 0.6434184671875001
1 0.869349503125 0.57563850625 0.865490628125 0.5795677796875001 0.8638368249999999 0.58840864375 0.8704520390624999 0.58840864375 0.8732083796874999 0.584479371875 0.8754134515625 0.597249509375 0.882579934375 0.6041257375 0.8875413453125001 0.6051080546875001 0.8980154359375 0.5785854609375 0.8980154359375 0.5677799609374999 0.8853362734375001 0.533398821875 0.8781697906250001 0.52455795625 0.8765159875 0.5127701375 0.8732083796874999 0.507858546875 0.8665931640625001 0.51178781875 0.8665931640625001 0.532416503125 0.8704520390624999 0.5383104125 0.8732083796874999 0.56286836875 0.869349503125 0.57563850625
1 0.5170893046875 0.558939096875 0.509922821875 0.5795677796875001 0.509922821875 0.5854616890625 0.5165380374999999 0.5943025546875 0.5176405734375 0.60117878125 0.5132304296875 0.61591355625 0.5226019843749999 0.6178781921875001 0.5259095921875 0.61394891875 0.5242557890625 0.5943025546875 0.5275633953125001 0.5854616890625 0.5341786109375 0.5913555984375 0.535281146875 0.597249509375 0.5385887546875 0.6001964640625 0.5402425578125001 0.5982318265625 0.5380374859375 0.5795677796875001 0.5457552375 0.5667976421875001 0.5463065046875 0.5550098234374999 0.5413450937500001 0.5343811390625001 0.5297684671875 0.517681728125 0.5253583234375 0.5039292734374999 0.5176405734375 0.5 0.5137816984375 0.504911590625 0.5137816984375 0.51178781875 0.518191840625 0.5216110015625001 0.518743109375 0.5383104125 0.5170893046875 0.558939096875
1 0.8875413453125001 0.65422396875 0.890848953125 0.6571709234374999 0.890848953125 0.6640471515625 0.8875413453125001 0.673870334375 0.8952590953125 0.673870334375 0.8958103640624999 0.7161100203124999 0.890848953125 0.7220039296875 0.890848953125 0.7269155203125 0.8963616312499999 0.7337917484375 0.8941565593749999 0.7475442046875 0.8963616312499999 0.750491159375 0.9040793828125 0.749508840625 0.9084895265625 0.7426326125 0.9057331859375 0.7043222 0.9173098124999999 0.6807465625 0.9173098124999999 0.661100196875 0.9079382578124999 0.6404715125 0.8980154359375 0.622789784375 0.8958103640624999 0.622789784375 0.8880926125 0.6119842828125 0.886438809375 0.6060903734374999 0.8776185218749999 0.597249509375 0.8737596468750001 0.60117878125 0.8732083796874999 0.61394891875 0.8748621828124999 0.622789784375 0.8814773984375 0.633595284375 0.8875413453125001 0.65422396875
1 0.21664829062500002 0.621807465625 0.212789415625 0.6316306484374999 0.212789415625 0.6385068765625 0.20727673593749998 0.6571709234374999 0.20948180781249998 0.661100196875 0.21334068281250002 0.660117878125 0.21389195156250002 0.672888015625 0.2205071671875 0.6768172890625 0.22712238125 0.6699410609374999 0.2227122375 0.6630648328125 0.22216097031249998 0.6581532421875 0.225468578125 0.6512770140625 0.23042998906249998 0.62671905625 0.23098125625 0.6149312375 0.2342888640625 0.6041257375 0.233737596875 0.5854616890625 0.23869900781250003 0.5815324171875 0.23869900781250003 0.5667976421875001 0.2342888640625 0.55009823125 0.22712238125 0.5353634578124999 0.22601984531250002 0.52455795625 0.22326350625 0.520628684375 0.2205071671875 0.520628684375 0.21830209531250003 0.52455795625 0.21775082656250003 0.5363457765625 0.208930540625 0.5550098234374999 0.20782800468749998 0.56286836875 0.208379271875 0.57563850625 0.2122381484375 0.5854616890625 0.212789415625 0.6001964640625 0.21664829062500002 0.621807465625
1 0.5738699 0.8290766203125 0.5788313125 0.8182711203125 0.58213891875 0.8172888015625001 0.584895259375 0.8241650296874999 0.5777287765625 0.8388998031250001 0.5727673656250001 0.8624754421875 0.5738699 0.8683693515625001 0.57828004375 0.8752455796874999 0.5837927234375 0.8762278984374999 0.5859977953125 0.872298625 0.5859977953125 0.8654223968749999 0.5826901875 0.86051080625 0.5815876515625 0.8536345781250001 0.5904079375 0.8388998031250001 0.59536935 0.821218075 0.5942668140625 0.8133595281250001 0.59095920625 0.80746561875 0.5876515984374999 0.7799607078124999 0.59095920625 0.775049115625 0.599228225 0.775049115625 0.5997794921875 0.7721021609375 0.599228225 0.7671905703124999 0.5964718859375 0.7662082515625 0.59481808125 0.761296659375 0.59481808125 0.7288801578124999 0.5997794921875 0.7161100203124999 0.5986769562500001 0.7033398828124999 0.5876515984374999 0.7033398828124999 0.5865490624999999 0.7170923375 0.5777287765625 0.724950884375 0.5738699 0.7328094296875001 0.56615215 0.7829076625 0.5678059531249999 0.8133595281250001 0.563947078125 0.8172888015625001 0.5474090406250001 0.8182711203125 0.5435501656249999 0.827111984375 0.542998896875 0.8369351671875 0.5468577734375 0.8379174859375 0.5523704515625 0.827111984375 0.5738699 0.8290766203125
1 0.630650496875 0.8752455796874999 0.622381478125 0.8762278984374999 0.6185226015625 0.8801571703125 0.628445425 0.88605108125 0.6334068359375 0.8939096265625001 0.6389195156249999 0.88605108125 0.642227121875 0.88605108125 0.647188534375 0.8948919453125 0.6477398015625 0.9273084484374999 0.665380375 0.9666011781250001 0.665380375 0.97347740625 0.6620727671875 0.979371315625 0.6637265718750001 0.98624754375 0.6686879828125 0.98624754375 0.6764057328125 0.97347740625 0.6764057328125 0.969548134375 0.6659316421875 0.94891945 0.6637265718750001 0.9390962671875001 0.66482910625 0.9302554031250001 0.6681367140625001 0.9273084484374999 0.6852260203125 0.953831040625 0.6885336265625 0.9646365421875001 0.69845645 0.9823182718749999 0.7006615218750001 0.995088409375 0.7116868796875 0.995088409375 0.7116868796875 0.98821218125 0.704520396875 0.980353634375 0.69404630625 0.94990176875 0.683572215625 0.929273084375 0.6808158765625001 0.91159135625 0.6692392500000001 0.8791748531250001 0.6686879828125 0.851669940625 0.6637265718750001 0.8398821218749999 0.651047409375 0.832023575 0.6504961406249999 0.8172888015625001 0.6477398015625 0.8084479375000001 0.642227121875 0.80746561875 0.638368246875 0.8104125734375 0.6378169796875001 0.82023575625 0.64002205 0.8379174859375 0.6350606390625 0.84774066875 0.630650496875 0.8752455796874999
1 0.3710033078125 0.5383104125 0.3704520390625 0.531434184375 0.385887540625 0.507858546875 0.3869900765625 0.4842829078125 0.3919514890625 0.47053045156250006 0.394156559375 0.469548134375 0.39525909531250003 0.4616895875 0.3936052921875 0.44891945 0.390297684375 0.443025540625 0.386438809375 0.441060903125 0.374310915625 0.4616895875 0.3726571109375 0.468565815625 0.3726571109375 0.506876228125 0.369349503125 0.51375245625 0.36383682500000003 0.517681728125 0.36328555625000003 0.53732809375 0.3649393609375 0.5422396859374999 0.369349503125 0.5432220046875 0.3710033078125 0.5383104125
1 0.7607497249999999 0.6502946953125 0.76019845625 0.6777996078124999 0.7568908484375 0.6905697453124999 0.7607497249999999 0.697445971875 0.7651598671875 0.6944990171875001 0.7668136718749999 0.661100196875 0.7734288859375 0.647347740625 0.7772877625 0.647347740625 0.78941565625 0.667976425 0.7938258 0.6935167 0.7993384781249999 0.6944990171875001 0.799889746875 0.684675834375 0.7965821390625 0.6768172890625 0.7938258 0.6561886046875001 0.7899669234375 0.64243615 0.7855567812500001 0.5854616890625 0.7761852265625 0.569744596875 0.774531421875 0.5550098234374999 0.7723263499999999 0.55108055 0.7657111359375001 0.5530451859375 0.7651598671875 0.57563850625 0.7607497249999999 0.59037328125 0.7613009921875 0.610019646875 0.7646086000000001 0.6188605109374999 0.7651598671875 0.6296660125 0.7607497249999999 0.6502946953125