2 0.394156559375 0.770137525 0.394156559375 0.7544204328124999 0.386438809375 0.7721021609375 0.3836824703125 0.7829076625 0.38478500625 0.787819253125 0.38919514843749997 0.7838899796875001 0.394156559375 0.770137525
2 0.9823594265625 0.7269155203125 0.9823594265625 0.723968565625 0.9779492828125 0.723968565625 0.9536934953125 0.7524557953125 0.9547960312500001 0.75638506875 0.9614112453124999 0.7524557953125 0.9762954796875001 0.735756384375 0.9823594265625 0.7269155203125
2 0.5777287765625 0.648330059375 0.5738699 0.6404715125 0.570011025 0.634577603125 0.56615215 0.635559921875 0.5667034171875 0.647347740625 0.5738699 0.6561886046875001 0.57828004375 0.6552062875 0.5777287765625 0.648330059375
2 0.0826901875 0.8379174859375 0.072216096875 0.8172888015625001 0.067805953125 0.8143418468749999 0.0667034171875 0.8172888015625001 0.070011025 0.826129665625 0.07828004375 0.8379174859375 0.0826901875 0.8379174859375
2 0.496141125 0.532416503125 0.5 0.532416503125 0.5 0.5383104125 0.5077177515625 0.5383104125 0.514332965625 0.545186640625 0.514332965625 0.5402750484375 0.5165380374999999 0.5402750484375 0.5192943765625 0.5412573671875001 0.518191840625 0.546168959375 0.5198456453125 0.5422396859374999 0.5216830203125 0.546168959375 0.5229696796875001 0.5422396859374999 0.5251747515625 0.546168959375 0.5260931640625001 0.5422396859374999 0.5303197359375 0.546168959375 0.5292171999999999 0.5422396859374999 0.5137816984375 0.53929273125 0.50826901875 0.533398821875 0.4906284453125 0.5294695484374999 0.4867695703125 0.5216110015625001 0.4834619625 0.520628684375 0.4834619625 0.5294695484374999 0.49173098125000003 0.5363457765625 0.4944873203125 0.53732809375 0.496141125 0.532416503125
2 0.081036384375 0.8310412578124999 0.0738699 0.8251473484374999 0.07331863281249999 0.8290766203125 0.0788313125 0.8388998031250001 0.0826901875 0.8388998031250001 0.081036384375 0.8310412578124999
2 0.6212789421875 0.622789784375 0.621830209375 0.6178781921875001 0.6113561187500001 0.621807465625 0.6102535828125 0.627701375 0.6074972437499999 0.622789784375 0.605843440625 0.6237721015625 0.601433296875 0.6306483296875001 0.601433296875 0.634577603125 0.6047409046875 0.635559921875 0.6119073875 0.62671905625 0.6212789421875 0.622789784375
1 0.6157662625 0.698428290625 0.614112459375 0.6817288796875001 0.6163175296875 0.6777996078124999 0.6185226015625 0.65422396875 0.6212789421875 0.6444007859374999 0.622381478125 0.6247544203125 0.630099228125 0.6001964640625 0.630650496875 0.58840864375 0.6295479609375 0.5815324171875 0.617420065625 0.56483300625 0.6163175296875 0.5550098234374999 0.6130099234374999 0.5491159140625 0.6085997796875 0.55009823125 0.606945975 0.5658153234375 0.601433296875 0.5805500984374999 0.601433296875 0.608055009375 0.6041896359375001 0.627701375 0.6041896359375001 0.698428290625 0.6157662625 0.698428290625
1 0.35170893125 0.6326129671875 0.35611907343750004 0.635559921875 0.35997795 0.6306483296875001 0.3621830203125 0.622789784375 0.3643880921875 0.62671905625 0.3649393609375 0.634577603125 0.361631753125 0.6434184671875001 0.361080484375 0.659135559375 0.3649393609375 0.6650294703124999 0.3732083796875 0.6650294703124999 0.3792723265625 0.6561886046875001 0.38974641718749997 0.6571709234374999 0.3936052921875 0.65324165 0.3919514890625 0.6316306484374999 0.3969129 0.610019646875 0.39525909531250003 0.584479371875 0.3936052921875 0.571709234375 0.3869900765625 0.5618860515625 0.385887540625 0.5422396859374999 0.3814773984375 0.53732809375 0.37651598750000004 0.53732809375 0.37210584375 0.5481335953124999 0.37210584375 0.557956778125 0.3605292171875 0.576620825 0.35777287812499997 0.58840864375 0.35611907343750004 0.60117878125 0.3566703421875 0.6178781921875001 0.35170893125 0.622789784375 0.35170893125 0.6326129671875
1 0.50826901875 0.5677799609374999 0.50826901875 0.5785854609375 0.51212789375 0.6001964640625 0.50826901875 0.610019646875 0.5198456453125 0.609037328125 0.5165380374999999 0.5913555984375 0.5165380374999999 0.576620825 0.5176405734375 0.569744596875 0.5220507171875 0.5667976421875001 0.5385887546875 0.5982318265625 0.5402425578125001 0.6149312375 0.542998896875 0.6188605109374999 0.5474090406250001 0.6178781921875001 0.547960309375 0.610019646875 0.5435501656249999 0.5992141453125 0.5413450937500001 0.5854616890625 0.5347298781250001 0.5736738703125 0.5347298781250001 0.5166994109374999 0.533076075 0.5088408640625001 0.5297684671875 0.5029469546875001 0.5237045203124999 0.49901768124999996 0.52094818125 0.4842829078125 0.5170893046875 0.482318271875 0.5132304296875 0.4872298625 0.5126791625 0.5 0.5088202859375001 0.5127701375 0.50826901875 0.5343811390625001 0.51212789375 0.5422396859374999 0.51212789375 0.5530451859375 0.50826901875 0.5677799609374999
1 0.1824696796875 0.99901768125 0.1824696796875 0.9705304515625001 0.1780595375 0.96070726875 0.18136714375000001 0.9400785859375 0.17861080468749999 0.9312377203125 0.1747519296875 0.928290765625 0.1664829109375 0.9312377203125 0.16482910625 0.9557956781250001 0.1565600875 0.9616895875000001 0.1527012125 0.968565815625 0.150496140625 0.97544204375 0.150496140625 0.9911591359375 0.154906284375 0.99901768125 0.1824696796875 0.99901768125
1 0.22932745312499997 0.974459725 0.23042998906249998 0.953831040625 0.2342888640625 0.9361493125000001 0.231532525 0.9332023578124999 0.225468578125 0.9332023578124999 0.2205071671875 0.93713163125 0.21719955937500002 0.9440078578125 0.2155457546875 0.9567779953125 0.20507166406250002 0.968565815625 0.2012127890625 0.979371315625 0.19845645 0.99901768125 0.22160970156249998 0.99901768125 0.22160970156249998 0.9872298625000001 0.22932745312499997 0.974459725
1 0.029768467187499998 0.8418467578125 0.025909592187500004 0.8644400781250001 0.025909592187500004 0.8870333984375 0.029768467187499998 0.89685658125 0.0363836828125 0.8978389 0.039691290625 0.8889980359375 0.034729878125 0.878192534375 0.047409040624999996 0.85854616875 0.0490628453125 0.8506876234374999 0.0468577734375 0.8310412578124999 0.039691290625 0.80746561875 0.0418963609375 0.7986247546875 0.0501653796875 0.787819253125 0.0667034171875 0.8192534374999999 0.070011025 0.8241650296874999 0.072767365625 0.8241650296874999 0.072216096875 0.82023575625 0.0694597578125 0.8222003921875001 0.0672546859375 0.8192534374999999 0.070011025 0.8163064828125 0.0606394703125 0.7937131625 0.0567805953125 0.7779960703125 0.0567805953125 0.7671905703124999 0.0606394703125 0.7465618859375 0.0667034171875 0.7288801578124999 0.06560088124999999 0.7210216109375 0.0606394703125 0.7161100203124999 0.056229328125 0.7161100203124999 0.0501653796875 0.7220039296875 0.047960309374999996 0.7278978390625 0.047960309374999996 0.737721021875 0.0341786109375 0.7534381140625 0.0176405734375 0.789783890625 0.0170893046875 0.8035363453125001 0.02094818125 0.8104125734375 0.0214994484375 0.826129665625 0.029768467187499998 0.8418467578125
1 0.382579934375 0.5363457765625 0.390848953125 0.5491159140625 0.390848953125 0.5559921421875 0.39966923906249996 0.5658153234375 0.40022050781249996 0.5785854609375 0.40407938281250005 0.5815324171875 0.40628445468749996 0.5795677796875001 0.406835721875 0.5638506875 0.40022050781249996 0.55108055 0.3969129 0.5383104125 0.3980154359375 0.5166994109374999 0.40022050781249996 0.507858546875 0.40022050781249996 0.4901768171875 0.39856670312500003 0.482318271875 0.3875413453125 0.474459725 0.38478500625 0.466601178125 0.3787210578125 0.46267190625000004 0.3754134515625 0.46561886093749993 0.374310915625 0.47544204375000004 0.369900771875 0.4872298625 0.3704520390625 0.507858546875 0.3748621828125 0.518664046875 0.378169790625 0.5216110015625001 0.382579934375 0.5363457765625
1 0.295479603125 0.9813359531250001 0.29933847812500003 0.9567779953125 0.2987872109375 0.94990176875 0.29327453124999997 0.9449901765625001 0.2877618515625 0.9459724953125 0.282800440625 0.954813359375 0.2822491734375 0.97347740625 0.2739801546875 0.979371315625 0.268467475 0.9872298625000001 0.266813671875 0.99901768125 0.30319735468750003 0.99901768125 0.3004410140625 0.98821218125 0.295479603125 0.9813359531250001
1 0.39966923906249996 0.7662082515625 0.39966923906249996 0.7779960703125 0.39581036406250003 0.7917485265625 0.39525909531250003 0.80746561875 0.4084895265625 0.8349705296875 0.40904079375 0.84577603125 0.40518191875 0.8595284875000001 0.41179713281249997 0.8624754421875 0.42061742031250005 0.8555992140625 0.42116868749999997 0.851669940625 0.4140022046875 0.83300589375 0.40904079375 0.8064833 0.4228224921875 0.7956778 0.4432194046875 0.7956778 0.4432194046875 0.7868369359375 0.4393605296875 0.775049115625 0.4349503859375 0.775049115625 0.43164277812499996 0.7838899796875001 0.4173098125 0.7868369359375 0.41455347343750004 0.7829076625 0.41455347343750004 0.750491159375 0.41675854531249995 0.729862475 0.40959206249999996 0.7220039296875 0.40793825781250004 0.711198428125 0.39966923906249996 0.6935167 0.39856670312500003 0.6777996078124999 0.39636163125 0.673870334375 0.3919514890625 0.673870334375 0.385887540625 0.6817288796875001 0.386438809375 0.6954813359375 0.3914002203125 0.7082514734375 0.3914002203125 0.723968565625 0.39966923906249996 0.7662082515625
1 0.10915104687499999 0.98624754375 0.10749724375 0.98821218125 0.105843440625 0.99901768125 0.1130099234375 0.99901768125 0.1130099234375 0.9911591359375 0.10915104687499999 0.98624754375
1 0.14939360468750001 0.96070726875 0.1449834625 0.943025540625 0.150496140625 0.923379175 0.14718853437499999 0.9106090375000001 0.138919515625 0.91159135625 0.13561190781250002 0.9194499015625001 0.134509371875 0.9312377203125 0.1267916203125 0.93713163125 0.117420065625 0.953831040625 0.11466372656249998 0.969548134375 0.12127894218749999 0.99901768125 0.14829106875 0.99901768125 0.14939360468750001 0.96070726875