2 0.9057331859375 0.6915520625 0.90904079375 0.6905697453124999 0.9117971328125 0.684675834375 0.907386990625 0.6817288796875001 0.8776185218749999 0.7151277015625 0.8726571109375 0.7161100203124999 0.8649393609375 0.712180746875 0.8643880921875 0.7161100203124999 0.8665931640625001 0.722986246875 0.8737596468750001 0.7269155203125 0.9057331859375 0.6915520625
2 0.0738699 0.8546168953125 0.07442116875 0.8438113953125 0.0614663734375 0.8649312374999999 0.06174200625 0.872298625 0.0589856671875 0.8693516703125 0.0507166484375 0.88408644375 0.056229328125 0.883104125 0.054575523437499995 0.878192534375 0.055678059375 0.8762278984374999 0.060088203124999996 0.877210215625 0.072216096875 0.85756385 0.0738699 0.8546168953125
2 0.0507166484375 0.88408644375 0.0501653796875 0.8850687625000001 0.04134509375 0.8889980359375 0.039140021875 0.8929273078125 0.039140021875 0.8978389 0.047409040624999996 0.9007858546874999 0.0507166484375 0.89685658125 0.052370451562499996 0.8899803531250001 0.0507166484375 0.88408644375
2 0.40022050781249996 0.7455795671875001 0.40132304375 0.736738703125 0.3969129 0.7406679765625 0.393054025 0.749508840625 0.386438809375 0.749508840625 0.3831312015625 0.75638506875 0.3836824703125 0.7662082515625 0.386438809375 0.76915520625 0.390297684375 0.7662082515625 0.40022050781249996 0.7455795671875001
2 0.539140021875 0.659135559375 0.530871003125 0.660117878125 0.531422271875 0.6650294703124999 0.5347298781250001 0.6689587421875001 0.5413450937500001 0.667976425 0.5441014328125 0.660117878125 0.5545755234375 0.646365421875 0.5567805953125 0.6385068765625 0.5562293281249999 0.6365422390625 0.551819184375 0.63948919375 0.5507166484375 0.64243615 0.5523704515625 0.647347740625 0.5474090406250001 0.647347740625 0.539140021875 0.659135559375
1 0.41289966875 0.724950884375 0.41345093750000006 0.7583497046875001 0.40959206249999996 0.775049115625 0.4123484015625 0.7789783890625 0.42116868749999997 0.7779960703125 0.4200661515625 0.7907662078125 0.429988975 0.7917485265625 0.43384785 0.7868369359375 0.42613009999999996 0.74361493125 0.43109151093750003 0.711198428125 0.429988975 0.6915520625 0.42502756406250003 0.6650294703124999 0.4173098125 0.6493123765625 0.41565600937499997 0.63948919375 0.41345093750000006 0.635559921875 0.40959206249999996 0.635559921875 0.40738699062499995 0.63948919375 0.4084895265625 0.6689587421875001 0.41289966875 0.6905697453124999 0.4101433296875 0.712180746875 0.41289966875 0.724950884375
1 0.44266813593750004 0.608055009375 0.43825799375 0.6129666015625 0.43770672499999996 0.6178781921875001 0.439911796875 0.621807465625 0.4465270125 0.622789784375 0.4492833515625 0.610019646875 0.4558985671875 0.6188605109374999 0.46471885312500005 0.6178781921875001 0.46582138906250004 0.6110019640625 0.46306505 0.58840864375 0.45920617343750003 0.5736738703125 0.45920617343750003 0.5638506875 0.4614112453125 0.5432220046875 0.46416758593749996 0.5412573671875001 0.46471885312500005 0.546168959375 0.4696802640625 0.546168959375 0.4696802640625 0.5422396859374999 0.46471885312500005 0.5216110015625001 0.45203969062500005 0.49115913593749994 0.44707827968749997 0.493123771875 0.44597574375000004 0.5235756390625 0.44266813593750004 0.53732809375 0.44266813593750004 0.5422396859374999 0.44707827968749997 0.55108055 0.44707827968749997 0.5795677796875001 0.44266813593750004 0.608055009375
1 0.9128996687500001 0.6699410609374999 0.9134509375000001 0.6886051078125 0.9101433296874999 0.7043222 0.9140022046875 0.724950884375 0.9140022046875 0.7337917484375 0.9079382578124999 0.7406679765625 0.9079382578124999 0.74459725 0.918963615625 0.750491159375 0.9184123484375 0.75638506875 0.9134509375000001 0.762278978125 0.9134509375000001 0.76915520625 0.9250275640625001 0.770137525 0.9266813671874999 0.7662082515625 0.92557883125 0.7465618859375 0.927232634375 0.7210216109375 0.93439911875 0.698428290625 0.9360529218750001 0.6827111984374999 0.929988975 0.647347740625 0.9217199562499999 0.6306483296875001 0.9173098124999999 0.61394891875 0.9128996687500001 0.6129666015625 0.90904079375 0.61591355625 0.9095920625 0.62671905625 0.9140022046875 0.6365422390625 0.9162072765625 0.6650294703124999 0.9128996687500001 0.6699410609374999
1 0.77287761875 0.99901768125 0.7960308703125001 0.99901768125 0.7987872109375 0.994106090625 0.799889746875 0.9823182718749999 0.7905181921875 0.9400785859375 0.7861080484375 0.9332023578124999 0.7783902984375 0.9361493125000001 0.7723263499999999 0.9646365421875001 0.7613009921875 0.9616895875000001 0.766262403125 0.994106090625 0.77287761875 0.99901768125
1 0.07828004375 0.8055009828124999 0.0793825796875 0.8143418468749999 0.0777287765625 0.8418467578125 0.0755237046875 0.8497053046874999 0.0777287765625 0.89685658125 0.0815876515625 0.89685658125 0.0854465265625 0.851669940625 0.09206174218749999 0.832023575 0.09481808124999999 0.8300589390625 0.1041896359375 0.8428290765625001 0.10804851093750001 0.8644400781250001 0.1102535828125 0.89685658125 0.1168687984375 0.8978389 0.12127894218749999 0.8939096265625001 0.12403528125 0.88605108125 0.117420065625 0.8811394890625 0.11466372656249998 0.87131630625 0.1119073875 0.8290766203125 0.106945975 0.80746561875 0.106945975 0.7917485265625 0.10363836875000002 0.7662082515625 0.09867695625 0.7593320234375 0.09151047343749999 0.7583497046875001 0.089305403125 0.7465618859375 0.0865490625 0.7426326125 0.080485115625 0.7426326125 0.0771775078125 0.7475442046875 0.0788313125 0.7652259328125 0.0738699 0.7789783890625 0.0738699 0.7937131625 0.07828004375 0.8055009828124999
1 0.1130099234375 0.5383104125 0.1119073875 0.5491159140625 0.10859977968750001 0.5559921421875 0.10804851093750001 0.5667976421875001 0.1124586546875 0.5667976421875001 0.1157662625 0.558939096875 0.1168687984375 0.5471512765625001 0.12127894218749999 0.533398821875 0.1273428890625 0.52455795625 0.133958103125 0.525540275 0.1378169796875 0.56286836875 0.1394707828125 0.5667976421875001 0.1438809265625 0.5667976421875001 0.14002205 0.517681728125 0.1378169796875 0.51178781875 0.138919515625 0.50098231875 0.1416758546875 0.494106090625 0.1416758546875 0.481335953125 0.134509371875 0.4646365421875 0.133958103125 0.44891945 0.13009922812500002 0.44891945 0.12624035312499998 0.453831040625 0.12568908437499998 0.46267190625000004 0.117971334375 0.474459725 0.1163175296875 0.48330058906250006 0.1168687984375 0.494106090625 0.12072767343749999 0.506876228125 0.117971334375 0.52455795625 0.1130099234375 0.5383104125
1 0.8820286656249999 0.609037328125 0.8787210578125 0.620825146875 0.886438809375 0.6237721015625 0.890848953125 0.620825146875 0.890848953125 0.5687622796875 0.8952590953125 0.5550098234374999 0.8963616312499999 0.517681728125 0.894707828125 0.5039292734374999 0.8914002203125 0.5 0.8891951484374999 0.48624754374999996 0.882579934375 0.48330058906250006 0.87982359375 0.4901768171875 0.8809261296875001 0.532416503125 0.8787210578125 0.5432220046875 0.8787210578125 0.5618860515625 0.8820286656249999 0.609037328125
1 0.9746416765625 0.9666011781250001 0.9718853359375 0.9616895875000001 0.9718853359375 0.9459724953125 0.9691289968750001 0.93713163125 0.9636163171875 0.9322200390625 0.9575523703125001 0.9332023578124999 0.9531422265625 0.9459724953125 0.9536934953125 0.96267190625 0.9448732078125 0.979371315625 0.9432194046875001 0.99901768125 0.9691289968750001 0.99901768125 0.97519294375 0.9783889984374999 0.9746416765625 0.9666011781250001
1 0.9388092609375001 0.5422396859374999 0.94211686875 0.545186640625 0.9465270125 0.53732809375 0.948732084375 0.525540275 0.9514884234375 0.5294695484374999 0.952590959375 0.53732809375 0.956449834375 0.53732809375 0.956449834375 0.5216110015625001 0.952590959375 0.5157170921875001 0.9520396906249999 0.5019646359375 0.9597574421875 0.47347740624999995 0.960859978125 0.453831040625 0.9531422265625 0.4390962671875 0.9514884234375 0.428290765625 0.948180815625 0.42730844843750004 0.9393605296875001 0.45972495156250004 0.9388092609375001 0.49803536406250004 0.9426681359375 0.5127701375 0.9432194046875001 0.52455795625 0.9388092609375001 0.5422396859374999
1 0.8820286656249999 0.979371315625 0.8792723265625 0.9715127703125 0.8781697906250001 0.9577603140625 0.869349503125 0.9449901765625001 0.86824696875 0.9273084484374999 0.8643880921875 0.9194499015625001 0.8550165375000001 0.9184675828125 0.8517089312499999 0.92239685625 0.853362734375 0.9410609031250001 0.844542446875 0.9557956781250001 0.8428886437499999 0.99901768125 0.87982359375 0.99901768125 0.8809261296875001 0.9960707265625001 0.8820286656249999 0.979371315625
1 0.5562293281249999 0.673870334375 0.5562293281249999 0.67976424375 0.5650496140625 0.6807465625 0.5667034171875 0.6777996078124999 0.5667034171875 0.6660117875 0.570011025 0.646365421875 0.5727673656250001 0.647347740625 0.5804851156249999 0.6620825140625 0.58213891875 0.6758349703125 0.5854465265625 0.6777996078124999 0.5876515984374999 0.6689587421875001 0.581036384375 0.6434184671875001 0.58213891875 0.627701375 0.584895259375 0.622789784375 0.5865490624999999 0.610019646875 0.584895259375 0.5943025546875 0.5804851156249999 0.576620825 0.5771775078125 0.5687622796875 0.57056229375 0.56286836875 0.5678059531249999 0.55108055 0.5606394703124999 0.5540275046875001 0.5633958109375 0.6041257375 0.5606394703124999 0.62671905625 0.5606394703124999 0.6689587421875001 0.5562293281249999 0.673870334375
1 0.5165380374999999 0.56286836875 0.518191840625 0.5559921421875 0.5220507171875 0.557956778125 0.5259095921875 0.5530451859375 0.526460859375 0.5422396859374999 0.5226019843749999 0.52455795625 0.5292171999999999 0.507858546875 0.5336273421875 0.48330058906250006 0.52866593125 0.47249508906250004 0.5214994484375 0.468565815625 0.5165380374999999 0.4587426328125 0.5132304296875 0.46070726874999995 0.5110253578124999 0.474459725 0.5077177515625 0.479371315625 0.506615215625 0.49115913593749994 0.5126791625 0.5029469546875001 0.5115766265625 0.56286836875 0.5165380374999999 0.56286836875
1 0.6251378171875001 0.6552062875 0.628445425 0.65225933125 0.630099228125 0.62868369375 0.6328555671875 0.622789784375 0.636163175 0.6237721015625 0.6433296578125 0.635559921875 0.651047409375 0.634577603125 0.6543550171875 0.6306483296875001 0.6604189640625 0.63948919375 0.6642778390624999 0.63948919375 0.6642778390624999 0.6306483296875001 0.6598676953125 0.6188605109374999 0.647188534375 0.622789784375 0.6444321937499999 0.616895875 0.642778390625 0.5677799609374999 0.638368246875 0.55206286875 0.6378169796875001 0.5363457765625 0.636163175 0.533398821875 0.6295479609375 0.5343811390625001 0.6273428890625 0.5422396859374999 0.626240353125 0.5609037328124999 0.6273428890625 0.5874263265625 0.6229327453125 0.6306483296875001 0.6229327453125 0.6512770140625 0.6251378171875001 0.6552062875