2 0.929988975 0.667976425 0.927232634375 0.6660117875 0.9117971328125 0.6817288796875001 0.90463065 0.684675834375 0.9040793828125 0.6905697453124999 0.9123484015625 0.6905697453124999 0.92557883125 0.6768172890625 0.929988975 0.667976425
2 0.9283351703125 0.8094302546875 0.9288864390624999 0.7956778 0.9244762953125001 0.7848722984375 0.9178610812500001 0.7868369359375 0.9173098124999999 0.8241650296874999 0.919514884375 0.8251473484374999 0.9217199562499999 0.8241650296874999 0.9283351703125 0.8094302546875
2 0.5154355015625 0.5189096265625001 0.5154355015625 0.5088408640625001 0.514332965625 0.5108055015625 0.5137816984375 0.5166994109374999 0.5154355015625 0.5189096265625001
2 0.5137816984375 0.52455795625 0.5154355015625 0.525540275 0.5154355015625 0.5208742625 0.5137816984375 0.52455795625
2 0.6515986765624999 0.9047151281250001 0.651047409375 0.89882121875 0.647188534375 0.8948919453125 0.6312017640625001 0.8850687625000001 0.626240353125 0.8742632609375001 0.625689084375 0.8644400781250001 0.6212789421875 0.8634577609375 0.6201764062499999 0.883104125 0.621830209375 0.8880157171875 0.6477398015625 0.9047151281250001 0.6515986765624999 0.9047151281250001
2 0.5242557890625 0.5088408640625001 0.526460859375 0.52455795625 0.5292171999999999 0.52652259375 0.531422271875 0.5216110015625001 0.5297684671875 0.5088408640625001 0.5176405734375 0.474459725 0.5154355015625 0.474459725 0.5154355015625 0.4774066796875 0.518191840625 0.493123771875 0.5242557890625 0.5088408640625001
0 0.22932745312499997 0.6110019640625 0.22767365 0.6178781921875001 0.233186328125 0.6178781921875001 0.233186328125 0.61394891875 0.22932745312499997 0.6110019640625
1 0.8869900765625 0.92239685625 0.8792723265625 0.9273084484374999 0.8621830203125 0.92436149375 0.8605292171875 0.9273084484374999 0.861080484375 0.9341846765625 0.8649393609375 0.9400785859375 0.8781697906250001 0.9400785859375 0.8958103640624999 0.9518664046875 0.8996692390625001 0.9646365421875001 0.8996692390625001 0.97347740625 0.9040793828125 0.9823182718749999 0.90518191875 0.994106090625 0.9079382578124999 0.99901768125 0.9128996687500001 0.99901768125 0.9123484015625 0.9833005890625 0.9084895265625 0.9764243609375001 0.9068357218750001 0.94793713125 0.90904079375 0.902750490625 0.9084895265625 0.878192534375 0.9134509375000001 0.86051080625 0.9128996687500001 0.8388998031250001 0.90463065 0.8241650296874999 0.8991179718750001 0.801571709375 0.8925027562500001 0.7966601171875001 0.886438809375 0.8035363453125001 0.8875413453125001 0.827111984375 0.8732083796874999 0.8536345781250001 0.8748621828124999 0.8683693515625001 0.8847850062499999 0.88605108125 0.8847850062499999 0.9047151281250001 0.8869900765625 0.92239685625
1 0.9437706718750001 0.635559921875 0.93825799375 0.64145383125 0.9404630656249999 0.647347740625 0.9404630656249999 0.6552062875 0.9371554578125 0.697445971875 0.93384785 0.7092337921875 0.92557883125 0.7151277015625 0.92557883125 0.7200392921875001 0.9310915109375 0.723968565625 0.9388092609375001 0.722986246875 0.9437706718750001 0.6954813359375 0.948180815625 0.684675834375 0.9503858875000001 0.684675834375 0.9597574421875 0.7043222 0.9658213890624999 0.712180746875 0.9652701218749999 0.7318271125 0.9724366046874999 0.7328094296875001 0.976846746875 0.723968565625 0.977398015625 0.7161100203124999 0.9685777281249999 0.7023575640625 0.960308709375 0.6817288796875001 0.96306505 0.6021611 0.960859978125 0.596267190625 0.9592061734374999 0.57563850625 0.9553472984375 0.5677799609374999 0.9503858875000001 0.5677799609374999 0.948180815625 0.571709234375 0.9492833515625 0.5913555984375 0.9470782796874999 0.609037328125 0.9476295484374999 0.62671905625 0.9437706718750001 0.635559921875
1 0.09095920625000001 0.8143418468749999 0.092613009375 0.8369351671875 0.1041896359375 0.8801571703125 0.10529217187499999 0.8978389 0.10308710000000001 0.9145383109375 0.10970231562499999 0.9145383109375 0.1130099234375 0.9106090375000001 0.114112459375 0.9047151281250001 0.11135611875 0.872298625 0.1124586546875 0.8654223968749999 0.11962513749999999 0.8634577609375 0.121830209375 0.872298625 0.12624035312499998 0.872298625 0.1267916203125 0.8565815328124999 0.1251378171875 0.84675835 0.11852260156250001 0.8398821218749999 0.1168687984375 0.832023575 0.1168687984375 0.7966601171875001 0.12293274531250001 0.78192534375 0.122381478125 0.770137525 0.12017640624999999 0.762278978125 0.105843440625 0.7406679765625 0.105843440625 0.7200392921875001 0.1041896359375 0.7170923375 0.100882028125 0.7170923375 0.0959206171875 0.723968565625 0.0959206171875 0.74459725 0.09040793750000001 0.7544204328124999 0.0865490625 0.7779960703125 0.08213891875 0.7917485265625 0.080485115625 0.815324165625 0.0854465265625 0.8172888015625001 0.0876515984375 0.8123772109375 0.09095920625000001 0.8143418468749999
1 0.67364939375 0.6001964640625 0.6830209484374999 0.60117878125 0.6841234843749999 0.597249509375 0.68632855625 0.5987229859375 0.6868798234375 0.608055009375 0.694597575 0.6060903734374999 0.696251378125 0.5982318265625 0.6874310921875 0.558939096875 0.69018743125 0.504911590625 0.6868798234375 0.494106090625 0.6857772875 0.479371315625 0.6819184125 0.474459725 0.6791620734375 0.47544204375000004 0.6764057328125 0.482318271875 0.6769570015624999 0.5039292734374999 0.6742006609375 0.52455795625 0.6786108046875 0.5746561890625 0.67750826875 0.58840864375 0.6742006609375 0.5923379171875001 0.67364939375 0.6001964640625
1 0.5093715546875 0.5363457765625 0.5132304296875 0.5383104125 0.5170893046875 0.5343811390625001 0.5176405734375 0.520628684375 0.5214994484375 0.5088408640625001 0.5259095921875 0.520628684375 0.5292171999999999 0.5235756390625 0.530871003125 0.517681728125 0.533076075 0.5166994109374999 0.5380374859375 0.530451865625 0.539140021875 0.5402750484375 0.542998896875 0.545186640625 0.5457552375 0.5422396859374999 0.5457552375 0.5383104125 0.542998896875 0.532416503125 0.542998896875 0.5216110015625001 0.5363836828124999 0.49607072656250006 0.533076075 0.4567779953125 0.5242557890625 0.43516699374999995 0.518743109375 0.4361493125 0.5154355015625 0.453831040625 0.5170893046875 0.4901768171875 0.5132304296875 0.5 0.5126791625 0.52455795625 0.5093715546875 0.5363457765625
1 0.6504961406249999 0.917485265625 0.6477398015625 0.9214145390624999 0.642778390625 0.94891945 0.6389195156249999 0.9567779953125 0.64002205 0.9774066796875 0.6449834625 0.99901768125 0.651047409375 0.99901768125 0.6482910687500001 0.9705304515625001 0.6565600875000001 0.9528487234374999 0.6615215 0.9528487234374999 0.6659316421875 0.9616895875000001 0.66979051875 0.9774066796875 0.6824696796875 0.99901768125 0.6912899671875 0.99901768125 0.69018743125 0.9872298625000001 0.6780595375 0.9646365421875001 0.6764057328125 0.9302554031250001 0.6780595375 0.9135559921875 0.6742006609375 0.8958742624999999 0.67364939375 0.85854616875 0.66979051875 0.84577603125 0.66979051875 0.8398821218749999 0.67364939375 0.8300589390625 0.67364939375 0.8172888015625001 0.671995590625 0.8133595281250001 0.66097023125 0.8143418468749999 0.65711135625 0.821218075 0.655457553125 0.8634577609375 0.6543550171875 0.8683693515625001 0.647188534375 0.878192534375 0.6477398015625 0.8889980359375 0.6521499453125 0.89882121875 0.6527012125 0.9076620828124999 0.6504961406249999 0.917485265625
1 0.173098125 0.576620825 0.16097023125 0.60117878125 0.1604189640625 0.616895875 0.16482910625 0.616895875 0.16979051875 0.5982318265625 0.1769570015625 0.5874263265625 0.1780595375 0.5805500984374999 0.18136714375000001 0.57563850625 0.1857772875 0.5805500984374999 0.1885336265625 0.6129666015625 0.1934950390625 0.61394891875 0.19790518125 0.609037328125 0.19845645 0.60117878125 0.194597575 0.5982318265625 0.191841234375 0.5785854609375 0.191841234375 0.545186640625 0.18963616249999998 0.5225933203124999 0.1912899671875 0.5039292734374999 0.1885336265625 0.49607072656250006 0.1857772875 0.494106090625 0.1824696796875 0.49901768124999996 0.18191841250000002 0.5108055015625 0.17861080468749999 0.517681728125 0.1747519296875 0.544204321875 0.173098125 0.576620825
1 0.1449834625 0.954813359375 0.14939360468750001 0.9263261296874999 0.14718853437499999 0.9145383109375 0.1433296578125 0.9106090375000001 0.13561190781250002 0.9135559921875 0.1328555671875 0.92436149375 0.1328555671875 0.9390962671875001 0.1273428890625 0.9449901765625001 0.121830209375 0.9587426328124999 0.12017640624999999 0.9823182718749999 0.12293274531250001 0.99901768125 0.151047409375 0.99901768125 0.1449834625 0.954813359375