2 0.45203969062500005 0.8379174859375 0.4536934953125 0.8300589390625 0.45203969062500005 0.827111984375 0.4393605296875 0.8428290765625001 0.42171995625 0.8555992140625 0.4101433296875 0.86051080625 0.4101433296875 0.8644400781250001 0.4173098125 0.8673870328125 0.448732084375 0.8418467578125 0.45203969062500005 0.8379174859375
2 0.8919514890625001 0.7151277015625 0.9040793828125 0.698428290625 0.9079382578124999 0.6905697453124999 0.90904079375 0.6827111984374999 0.90132304375 0.6905697453124999 0.8941565593749999 0.7062868375 0.8770672546875 0.7328094296875001 0.865490628125 0.7318271125 0.8649393609375 0.735756384375 0.86824696875 0.7406679765625 0.8770672546875 0.7426326125 0.8919514890625001 0.7151277015625
2 0.01212789375 0.61394891875 0.0132304296875 0.610019646875 0.02094818125 0.6051080546875001 0.0203969125 0.597249509375 0.0132304296875 0.597249509375 0.003858875 0.6149312375 0.0071664828125 0.6149312375 0.008269018749999999 0.610019646875 0.01212789375 0.61394891875
2 0.7613009921875 0.9518664046875 0.7734288859375 0.9577603140625 0.77287761875 0.9440078578125 0.768467475 0.9410609031250001 0.7679162078124999 0.9449901765625001 0.7651598671875 0.9459724953125 0.7607497249999999 0.9341846765625 0.7596471890625 0.92436149375 0.7552370453125 0.9204322203125 0.7535832421875 0.923379175 0.7535832421875 0.9312377203125 0.75633958125 0.9449901765625001 0.7613009921875 0.9518664046875
1 0.44597574375000004 0.94990176875 0.44818081562499995 0.943025540625 0.457001103125 0.928290765625 0.46306505 0.92239685625 0.47739801562500006 0.8929273078125 0.481808159375 0.8762278984374999 0.48566703437500003 0.8497053046874999 0.4873208375 0.84675835 0.4988974640625 0.84577603125 0.49503858906250003 0.8241650296874999 0.48787210625000005 0.8104125734375 0.48291069531249997 0.80746561875 0.4840132296875 0.7917485265625 0.481808159375 0.7848722984375 0.476846746875 0.7838899796875001 0.4724366046875 0.787819253125 0.47188533593750004 0.8055009828124999 0.4619625140625 0.8133595281250001 0.4581036390625 0.8222003921875001 0.45644983437500003 0.9056974453125 0.44707827968749997 0.9204322203125 0.44211686875 0.93516699375 0.4349503859375 0.9449901765625001 0.4349503859375 0.9528487234374999 0.43825799375 0.9567779953125 0.44597574375000004 0.9587426328124999 0.44597574375000004 0.94990176875
1 0.915656009375 0.667976425 0.9101433296874999 0.673870334375 0.9101433296874999 0.6777996078124999 0.9128996687500001 0.6817288796875001 0.9173098124999999 0.6817288796875001 0.9217199562499999 0.6915520625 0.9211686875 0.7013752453125 0.915656009375 0.7151277015625 0.9184123484375 0.735756384375 0.9228224921875 0.7465618859375 0.9222712234375001 0.7534381140625 0.9184123484375 0.761296659375 0.9217199562499999 0.7652259328125 0.9222712234375001 0.774066796875 0.927783903125 0.775049115625 0.93439911875 0.7652259328125 0.9349503859375 0.7583497046875001 0.9305402421875 0.751473478125 0.9266813671874999 0.7210216109375 0.9327453140624999 0.711198428125 0.9388092609375001 0.6944990171875001 0.9399117968749999 0.6827111984374999 0.9288864390624999 0.6444007859374999 0.9134509375000001 0.6149312375 0.9079382578124999 0.61591355625 0.9079382578124999 0.6296660125 0.9128996687500001 0.63948919375 0.915656009375 0.660117878125 0.915656009375 0.667976425
1 0 0.6748526515625 0.00441014375 0.6817288796875001 0.0093715546875 0.6817288796875001 0.01212789375 0.6777996078124999 0.01212789375 0.6689587421875001 0.0154355015625 0.6620825140625 0.0170893046875 0.6512770140625 0.0170893046875 0.633595284375 0.012679162499999999 0.6110019640625 0.018743109375 0.60117878125 0.012679162499999999 0.5893909625 0.01212789375 0.546168959375 0.0033076078124999997 0.5432220046875 0 0.5491159140625 0 0.6748526515625
1 0.4492833515625 0.9145383109375 0.45203969062500005 0.9135559921875 0.457001103125 0.9047151281250001 0.45644983437500003 0.8821218078124999 0.45203969062500005 0.8850687625000001 0.45148842343749995 0.8929273078125 0.4432194046875 0.902750490625 0.443770671875 0.9106090375000001 0.4492833515625 0.9145383109375
1 0.45534729843750005 0.8222003921875001 0.45755237031249996 0.8241650296874999 0.457001103125 0.8290766203125 0.45534729843750005 0.8290766203125 0.45644983437500003 0.8339882125000001 0.46085997812499996 0.8143418468749999 0.4724366046875 0.8045186640624999 0.47188533593750004 0.7927308453124999 0.47519294375000004 0.7848722984375 0.47960308749999997 0.7848722984375 0.48291069531249997 0.788801571875 0.4834619625 0.8084479375000001 0.4873208375 0.8104125734375 0.4884233734375 0.8045186640624999 0.4834619625 0.7858546171875 0.48070562343749995 0.7583497046875001 0.47739801562500006 0.7534381140625 0.468577728125 0.7524557953125 0.46306505 0.7406679765625 0.4536934953125 0.7426326125 0.45314222656250003 0.749508840625 0.457001103125 0.763261296875 0.457001103125 0.8104125734375 0.45534729843750005 0.8222003921875001
1 0.308158765625 0.6895874265625 0.308158765625 0.6748526515625 0.3131201765625 0.6404715125 0.3175303203125 0.6453831046875 0.3180815875 0.6561886046875001 0.32414553437500004 0.671905696875 0.32414553437500004 0.684675834375 0.3335170890625 0.685658153125 0.3335170890625 0.6807465625 0.3274531421875 0.6640471515625 0.32579933906249997 0.6434184671875001 0.32579933906249997 0.5795677796875001 0.3296582140625 0.5618860515625 0.3291069453125 0.55009823125 0.3274531421875 0.5471512765625001 0.32249173125 0.5471512765625001 0.31863285625 0.55206286875 0.3169790515625 0.5618860515625 0.3092613015625 0.5726915515625 0.3048511578125 0.5815324171875 0.30374862187499996 0.58840864375 0.305402425 0.6257367390625 0.3048511578125 0.6660117875 0.3004410140625 0.6895874265625 0.308158765625 0.6895874265625
1 0.7260198453125 0.648330059375 0.72712238125 0.7033398828124999 0.731532525 0.7023575640625 0.7342888640624999 0.6827111984374999 0.737596471875 0.678781925 0.74366041875 0.6915520625 0.745865490625 0.7013752453125 0.7442116875 0.7141453828125 0.75248070625 0.7151277015625 0.7546857765625 0.7082514734375 0.7519294375000001 0.7023575640625 0.74751929375 0.6777996078124999 0.74751929375 0.6660117875 0.7513781703125 0.6444007859374999 0.7508269015625 0.6316306484374999 0.7480705624999999 0.621807465625 0.7480705624999999 0.6051080546875001 0.7353913999999999 0.583497053125 0.7331863281250001 0.570726915625 0.7260198453125 0.5677799609374999 0.7227122375 0.5726915515625 0.7221609703125 0.57760314375 0.7260198453125 0.5913555984375 0.7276736500000001 0.620825146875 0.7260198453125 0.648330059375
1 0.9944873203125001 0.9833005890625 0.985115765625 0.9675834968749999 0.9862183015625 0.94793713125 0.9829106953125001 0.9400785859375 0.973539140625 0.93713163125 0.9696802640625 0.9440078578125 0.9680264609375 0.953831040625 0.9685777281249999 0.969548134375 0.960859978125 0.9872298625000001 0.9597574421875 0.99901768125 0.9900771781250001 0.99901768125 0.9922822484375 0.995088409375 0.9944873203125001 0.9833005890625
1 0.9531422265625 0.6119842828125 0.96306505 0.6129666015625 0.964718853125 0.57563850625 0.9680264609375 0.5726915515625 0.9718853359375 0.576620825 0.9740904078125 0.5893909625 0.985115765625 0.6149312375 0.9840132296874999 0.62671905625 0.9867695703124999 0.6316306484374999 0.9911797140624999 0.633595284375 0.9944873203125001 0.6306483296875001 0.9950385890625 0.6257367390625 0.9829106953125001 0.583497053125 0.985667034375 0.5540275046875001 0.985667034375 0.525540275 0.97519294375 0.5019646359375 0.973539140625 0.48821218125000004 0.9691289968750001 0.4872298625 0.964718853125 0.493123771875 0.964718853125 0.5540275046875001 0.9575523703125001 0.569744596875 0.956449834375 0.5982318265625 0.9531422265625 0.6119842828125
1 0.890848953125 0.99901768125 0.8936052921875 0.994106090625 0.8936052921875 0.9774066796875 0.890848953125 0.9577603140625 0.8787210578125 0.9469548140624999 0.8781697906250001 0.9273084484374999 0.8737596468750001 0.9204322203125 0.8649393609375 0.9204322203125 0.8621830203125 0.92436149375 0.8638368249999999 0.943025540625 0.8561190734374999 0.9567779953125 0.8544652703125 0.9705304515625001 0.8555678062500001 0.9813359531250001 0.853362734375 0.995088409375 0.8555678062500001 0.99901768125 0.890848953125 0.99901768125
1 0.8048511578124999 0.97544204375 0.8031973546875 0.9666011781250001 0.791069459375 0.9528487234374999 0.7861080484375 0.93516699375 0.7839029765625 0.9332023578124999 0.7778390296875 0.9332023578124999 0.774531421875 0.9400785859375 0.7734288859375 0.9616895875000001 0.76901874375 0.9715127703125 0.768467475 0.9931237718749999 0.7717750828125001 0.99901768125 0.8042998890625 0.99901768125 0.8048511578124999 0.97544204375
1 0.56174200625 0.4774066796875 0.5711135609375 0.474459725 0.5755237046875 0.46070726874999995 0.581036384375 0.4587426328125 0.584895259375 0.4616895875 0.59095920625 0.47347740624999995 0.59536935 0.495088409375 0.5986769562500001 0.49901768124999996 0.600882028125 0.495088409375 0.5942668140625 0.4567779953125 0.59095920625 0.423379175 0.5854465265625 0.4056974453125 0.581036384375 0.40667976406250006 0.57828004375 0.417485265625 0.57056229375 0.428290765625 0.56615215 0.4518664046875 0.564498346875 0.455795678125 0.5606394703124999 0.4567779953125 0.55788313125 0.468565815625 0.5589856671875 0.4774066796875 0.555678059375 0.48526522656250004 0.5600882031250001 0.4872298625 0.56174200625 0.4774066796875