2 0.22932745312499997 0.7996070734375 0.2227122375 0.7976424359375 0.208930540625 0.8055009828124999 0.208379271875 0.8123772109375 0.21334068281250002 0.8133595281250001 0.22657111406250002 0.8045186640624999 0.22932745312499997 0.7996070734375
2 0.5826901875 0.659135559375 0.59536935 0.661100196875 0.597574421875 0.6581532421875 0.59536935 0.65225933125 0.5964718859375 0.6502946953125 0.5997794921875 0.6453831046875 0.6019845640625 0.6512770140625 0.6102535828125 0.6365422390625 0.6163175296875 0.6306483296875001 0.622381478125 0.6188605109374999 0.622381478125 0.6149312375 0.617971334375 0.6178781921875001 0.606945975 0.635559921875 0.5920617421875 0.65324165 0.58213891875 0.65225933125 0.5826901875 0.659135559375
0 0.13230429999999999 0.84774066875 0.13561190781250002 0.8398821218749999 0.133958103125 0.8398821218749999 0.1312017640625 0.84675835 0.13230429999999999 0.84774066875
0 0.138919515625 0.84577603125 0.1378169796875 0.8398821218749999 0.13561190781250002 0.8398821218749999 0.1372657109375 0.84774066875 0.138919515625 0.84577603125
1 0.8269018750000001 0.525540275 0.8307607499999999 0.5294695484374999 0.834619625 0.5235756390625 0.8401323046875 0.492141453125 0.8456449828125001 0.4901768171875 0.85997795 0.5127701375 0.8616317531250001 0.532416503125 0.865490628125 0.532416503125 0.86824696875 0.5294695484374999 0.8676957 0.517681728125 0.857772878125 0.49607072656250006 0.8561190734374999 0.4872298625 0.8566703421874999 0.3978389 0.8555678062500001 0.3948919453125 0.8506063953125 0.3939096265625 0.8478500546875001 0.3948919453125 0.844542446875 0.40176817343750004 0.8417861078125 0.44990176875000004 0.836273428125 0.469548134375 0.836273428125 0.481335953125 0.8269018750000001 0.525540275
1 0.8792723265625 0.6296660125 0.8836824703125 0.647347740625 0.8781697906250001 0.65422396875 0.8781697906250001 0.6709233796875 0.882579934375 0.6807465625 0.907386990625 0.684675834375 0.9084895265625 0.6620825140625 0.9117971328125 0.65324165 0.911245865625 0.6306483296875001 0.8969129 0.60117878125 0.8914002203125 0.595284871875 0.8847850062499999 0.576620825 0.8787210578125 0.576620825 0.8754134515625 0.5805500984374999 0.8754134515625 0.58840864375 0.8792723265625 0.6041257375 0.8792723265625 0.6296660125
1 0.042998896875 0.878192534375 0.0418963609375 0.8850687625000001 0.035281146875 0.8948919453125 0.034729878125 0.9047151281250001 0.031422271875000005 0.9106090375000001 0.0292172 0.9567779953125 0.024255789062499998 0.969548134375 0.02480705625 0.97347740625 0.0358324140625 0.9724950890624999 0.0385887546875 0.9567779953125 0.039691290625 0.9322200390625 0.042998896875 0.9273084484374999 0.0463065046875 0.9273084484374999 0.047960309374999996 0.9204322203125 0.060088203124999996 0.9017681734374999 0.06504961406250001 0.9017681734374999 0.0689084890625 0.91159135625 0.0711135609375 0.94891945 0.0738699 0.96070726875 0.081036384375 0.96070726875 0.0826901875 0.953831040625 0.08213891875 0.9312377203125 0.0777287765625 0.9007858546874999 0.07442116875 0.89685658125 0.07442116875 0.8762278984374999 0.07828004375 0.851669940625 0.0815876515625 0.84675835 0.0815876515625 0.8339882125000001 0.067805953125 0.8143418468749999 0.0567805953125 0.8123772109375 0.05126791562500001 0.7927308453124999 0.0441014328125 0.7917485265625 0.039140021875 0.801571709375 0.0402425578125 0.82023575625 0.034729878125 0.8388998031250001 0.035281146875 0.8546168953125 0.0385887546875 0.8634577609375 0.042998896875 0.8683693515625001 0.042998896875 0.878192534375
1 0.2651598671875 0.7593320234375 0.26130099218749997 0.776031434375 0.2651598671875 0.776031434375 0.2734288859375 0.7662082515625 0.27949283281250004 0.7534381140625 0.2877618515625 0.7465618859375 0.29933847812500003 0.749508840625 0.29988974687500003 0.75638506875 0.29603087031249997 0.76915520625 0.29933847812500003 0.7789783890625 0.2987872109375 0.7868369359375 0.30264608593750003 0.7996070734375 0.30154355 0.8084479375000001 0.30319735468750003 0.8104125734375 0.3065049609375 0.8084479375000001 0.307607496875 0.8035363453125001 0.307607496875 0.787819253125 0.3042998890625 0.780943025 0.3042998890625 0.776031434375 0.319735390625 0.7583497046875001 0.340683571875 0.7544204328124999 0.361631753125 0.76915520625 0.365490628125 0.76915520625 0.369349503125 0.762278978125 0.35170893125 0.7455795671875001 0.3373759640625 0.7396856578125 0.32469680312500004 0.7210216109375 0.3087100328125 0.7072691546875001 0.3109151046875 0.699410609375 0.32635060625 0.6827111984374999 0.3296582140625 0.673870334375 0.328555678125 0.6689587421875001 0.3092613015625 0.685658153125 0.30374862187499996 0.6954813359375 0.29658213906249997 0.698428290625 0.28941565625 0.7072691546875001 0.278941565625 0.7072691546875001 0.2761852265625 0.7131630640625 0.278941565625 0.7269155203125 0.2778390296875 0.735756384375 0.2734288859375 0.748526521875 0.2651598671875 0.7593320234375
1 0.6356119078125 0.530451865625 0.630650496875 0.5677799609374999 0.6334068359375 0.571709234375 0.6433296578125 0.5609037328124999 0.6521499453125 0.5815324171875 0.65711135625 0.609037328125 0.6604189640625 0.609037328125 0.6620727671875 0.6051080546875001 0.6604189640625 0.58840864375 0.6527012125 0.5609037328124999 0.6527012125 0.5 0.651047409375 0.482318271875 0.642227121875 0.469548134375 0.634509371875 0.469548134375 0.634509371875 0.507858546875 0.6267916203125 0.517681728125 0.6334068359375 0.52455795625 0.6356119078125 0.530451865625
1 0.5804851156249999 0.5383104125 0.5854465265625 0.53732809375 0.5898566703125 0.545186640625 0.5832414546875 0.5667976421875001 0.5920617421875 0.5933202359374999 0.592613009375 0.60117878125 0.589305403125 0.6129666015625 0.597574421875 0.61394891875 0.605843440625 0.6021611 0.6003307609374999 0.570726915625 0.6003307609374999 0.5599214140625 0.6041896359375001 0.5422396859374999 0.6041896359375001 0.52652259375 0.59536935 0.495088409375 0.589305403125 0.4872298625 0.584895259375 0.47642436093749996 0.5777287765625 0.47544204375000004 0.5777287765625 0.49115913593749994 0.5815876515625 0.50098231875 0.5837927234375 0.517681728125 0.5804851156249999 0.5383104125
1 0.4867695703125 0.6512770140625 0.481256890625 0.661100196875 0.4834619625 0.6650294703124999 0.49117971406249994 0.6660117875 0.49503858906250003 0.6650294703124999 0.4988974640625 0.65225933125 0.509922821875 0.647347740625 0.51212789375 0.6434184671875001 0.5033076078125001 0.6041257375 0.50826901875 0.5795677796875001 0.5093715546875 0.5599214140625 0.506615215625 0.530451865625 0.4966923921875 0.51375245625 0.49558985624999996 0.504911590625 0.48897464218750003 0.49901768124999996 0.4834619625 0.5029469546875001 0.49007717812499996 0.5471512765625001 0.49117971406249994 0.5913555984375 0.48566703437500003 0.6070726921875 0.4867695703125 0.6512770140625
1 0.6201764062499999 0.584479371875 0.6251378171875001 0.6041257375 0.6251378171875001 0.610019646875 0.6196251375 0.62671905625 0.622381478125 0.6365422390625 0.622381478125 0.6552062875 0.6240352812500001 0.6571709234374999 0.622381478125 0.667976425 0.6267916203125 0.6689587421875001 0.630099228125 0.6748526515625 0.6295479609375 0.6954813359375 0.6334068359375 0.697445971875 0.6394707828125 0.6944990171875001 0.642227121875 0.6886051078125 0.6389195156249999 0.67976424375 0.638368246875 0.6660117875 0.634509371875 0.6552062875 0.634509371875 0.6493123765625 0.6433296578125 0.633595284375 0.6460859984375 0.622789784375 0.6460859984375 0.6149312375 0.634509371875 0.5815324171875 0.6334068359375 0.5726915515625 0.6229327453125 0.571709234375 0.6196251375 0.5638506875 0.6102535828125 0.56286836875 0.6085997796875 0.5658153234375 0.609151046875 0.5746561890625 0.6119073875 0.5795677796875001 0.6201764062499999 0.584479371875
1 0.5303197359375 0.47838899843749993 0.52866593125 0.4872298625 0.52866593125 0.519646365625 0.52480705625 0.532416503125 0.5413450937500001 0.5343811390625001 0.5418963609375 0.5383104125 0.551267915625 0.53732809375 0.5529217203125001 0.532416503125 0.551267915625 0.5235756390625 0.551819184375 0.5088408640625001 0.5501653796875 0.495088409375 0.5468577734375 0.48821218125000004 0.5474090406250001 0.47544204375000004 0.5507166484375 0.468565815625 0.5474090406250001 0.4616895875 0.5468577734375 0.443025540625 0.5413450937500001 0.4332023578125 0.527012128125 0.4312377203125 0.5226019843749999 0.42436149375000004 0.518191840625 0.42730844843750004 0.5176405734375 0.4312377203125 0.5170893046875 0.4646365421875 0.5115766265625 0.4774066796875 0.52866593125 0.474459725 0.5303197359375 0.47838899843749993
1 0.551267915625 0.469548134375 0.5485115765625 0.47347740624999995 0.5468577734375 0.482318271875 0.5523704515625 0.5127701375 0.551819184375 0.518664046875 0.5485115765625 0.52455795625 0.551267915625 0.525540275 0.5562293281249999 0.520628684375 0.55788313125 0.5166994109374999 0.5573318640625 0.5108055015625 0.56174200625 0.507858546875 0.5650496140625 0.51375245625 0.5667034171875 0.5284872296875001 0.57056229375 0.5284872296875001 0.5738699 0.52455795625 0.5738699 0.520628684375 0.5678059531249999 0.495088409375 0.5650496140625 0.4901768171875 0.5650496140625 0.4646365421875 0.5606394703124999 0.44007858593750004 0.551819184375 0.42534381093749996 0.5507166484375 0.41944990156250006 0.5441014328125 0.417485265625 0.5424476296875 0.4204322203125 0.5413450937500001 0.4312377203125 0.5463065046875 0.44007858593750004 0.5474090406250001 0.4616895875 0.551267915625 0.469548134375
1 0.2811466375 0.504911590625 0.2822491734375 0.5157170921875001 0.2816979046875 0.5235756390625 0.2778390296875 0.5275049109375 0.275082690625 0.5559921421875 0.26791620781250003 0.5658153234375 0.2695700109375 0.570726915625 0.278941565625 0.571709234375 0.2822491734375 0.5677799609374999 0.282800440625 0.546168959375 0.287210584375 0.53732809375 0.29327453124999997 0.5363457765625 0.31201764062500004 0.5422396859374999 0.3208379265625 0.5530451859375 0.3208379265625 0.5363457765625 0.3004410140625 0.5275049109375 0.2982359421875 0.5029469546875001 0.28555678125 0.474459725 0.27673649375 0.4616895875 0.268467475 0.4616895875 0.26791620781250003 0.47249508906250004 0.27673649375 0.4901768171875 0.2783902984375 0.50098231875 0.2811466375 0.504911590625