2 0.466923925 0.661100196875 0.465270121875 0.6561886046875001 0.469128996875 0.6552062875 0.46582138906250004 0.6552062875 0.4558985671875 0.6640471515625 0.448732084375 0.6640471515625 0.44818081562499995 0.667976425 0.45203969062500005 0.673870334375 0.45755237031249996 0.673870334375 0.466923925 0.661100196875
2 0.5137816984375 0.646365421875 0.5154355015625 0.6316306484374999 0.5115766265625 0.627701375 0.5159867703125001 0.621807465625 0.5154355015625 0.597249509375 0.51212789375 0.6110019640625 0.509922821875 0.635559921875 0.509922821875 0.647347740625 0.5115766265625 0.6493123765625 0.5137816984375 0.646365421875
1 0.5132304296875 0.61591355625 0.5165380374999999 0.63948919375 0.5126791625 0.6493123765625 0.5126791625 0.65422396875 0.5203969125000001 0.6552062875 0.5253583234375 0.65225933125 0.5319735390625 0.64243615 0.5292171999999999 0.6237721015625 0.5259095921875 0.616895875 0.5259095921875 0.609037328125 0.5319735390625 0.5913555984375 0.5319735390625 0.5795677796875001 0.5253583234375 0.5559921421875 0.518191840625 0.5491159140625 0.51212789375 0.5363457765625 0.5055126796875 0.5383104125 0.5055126796875 0.5491159140625 0.50826901875 0.5540275046875001 0.514332965625 0.5785854609375 0.5132304296875 0.61591355625
1 0.26074972500000004 0.6709233796875 0.2651598671875 0.6886051078125 0.27232635 0.698428290625 0.2734288859375 0.7023575640625 0.27177508281249996 0.7151277015625 0.275082690625 0.7269155203125 0.2811466375 0.7151277015625 0.2850055125 0.7151277015625 0.29217199531250004 0.7269155203125 0.295479603125 0.7269155203125 0.295479603125 0.7161100203124999 0.283351709375 0.697445971875 0.278941565625 0.661100196875 0.28059536875 0.65225933125 0.291069459375 0.661100196875 0.29217199531250004 0.6650294703124999 0.29382579999999997 0.6640471515625 0.29382579999999997 0.6571709234374999 0.291620728125 0.65324165 0.2899669234375 0.660117878125 0.2850055125 0.65225933125 0.2883131203125 0.646365421875 0.2816979046875 0.6306483296875001 0.2739801546875 0.622789784375 0.27232635 0.609037328125 0.2657111359375 0.610019646875 0.2651598671875 0.621807465625 0.2574421171875 0.635559921875 0.25633958125 0.646365421875 0.25248070624999996 0.6561886046875001 0.2513781703125 0.6630648328125 0.2530319734375 0.6660117875 0.2513781703125 0.667976425 0.26074972500000004 0.6709233796875
1 0.10749724375 0.6689587421875001 0.1047409046875 0.6630648328125 0.10363836875000002 0.6512770140625 0.1047409046875 0.62671905625 0.1025358328125 0.6060903734374999 0.1041896359375 0.5913555984375 0.10308710000000001 0.5854616890625 0.0997794921875 0.5815324171875 0.09151047343749999 0.582514734375 0.089305403125 0.6041257375 0.08324145468750001 0.6198428296875 0.080485115625 0.6512770140625 0.0738699 0.673870334375 0.0694597578125 0.6827111984374999 0.0694597578125 0.6915520625 0.09867695625 0.6944990171875001 0.106945975 0.6768172890625 0.10749724375 0.6689587421875001
1 0.9095920625 0.6817288796875001 0.9068357218750001 0.698428290625 0.9128996687500001 0.7043222 0.9128996687500001 0.7269155203125 0.9101433296874999 0.735756384375 0.9117971328125 0.7524557953125 0.9095920625 0.7534381140625 0.9162072765625 0.788801571875 0.9101433296874999 0.7956778 0.9095920625 0.800589390625 0.9200661515625 0.8035363453125001 0.92557883125 0.7996070734375 0.9228224921875 0.7671905703124999 0.9228224921875 0.7603143421875 0.9244762953125001 0.7573673875 0.9266813671874999 0.762278978125 0.93384785 0.7681728875 0.9388092609375001 0.7838899796875001 0.9437706718750001 0.774066796875 0.92557883125 0.7406679765625 0.929988975 0.7200392921875001 0.929988975 0.6954813359375 0.92557883125 0.660117878125 0.9173098124999999 0.646365421875 0.9151047406249999 0.635559921875 0.9117971328125 0.6316306484374999 0.9068357218750001 0.635559921875 0.9057331859375 0.6404715125 0.90904079375 0.65422396875 0.9095920625 0.667976425 0.9095920625 0.6817288796875001
1 0.429988975 0.98624754375 0.42613009999999996 0.9921414531250001 0.42613009999999996 0.99901768125 0.4581036390625 0.99901768125 0.45755237031249996 0.9616895875000001 0.460308709375 0.9322200390625 0.4597574421875 0.9135559921875 0.45644983437500003 0.89882121875 0.4476295484375 0.8870333984375 0.44597574375000004 0.87131630625 0.44266813593750004 0.86051080625 0.43770672499999996 0.86051080625 0.43384785 0.8654223968749999 0.43164277812499996 0.8762278984374999 0.43329658281250005 0.8939096265625001 0.4266813671875 0.9066797640625 0.4244762953125 0.928290765625 0.4244762953125 0.94793713125 0.42943770625 0.94990176875 0.43329658281250005 0.96267190625 0.429988975 0.98624754375
1 0.8809261296875001 0.6689587421875001 0.8792723265625 0.710216109375 0.8891951484374999 0.7465618859375 0.886438809375 0.7593320234375 0.8941565593749999 0.761296659375 0.9079382578124999 0.7524557953125 0.9040793828125 0.7151277015625 0.9007717749999999 0.7023575640625 0.90132304375 0.6640471515625 0.8996692390625001 0.6493123765625 0.8963616312499999 0.64145383125 0.8936052921875 0.6237721015625 0.8853362734375001 0.610019646875 0.882579934375 0.597249509375 0.8809261296875001 0.5943025546875 0.874310915625 0.5943025546875 0.8737596468750001 0.6129666015625 0.8776185218749999 0.6434184671875001 0.8765159875 0.6552062875 0.8809261296875001 0.6689587421875001
1 0.472987871875 0.65225933125 0.47739801562500006 0.6512770140625 0.47960308749999997 0.647347740625 0.4823594265625 0.6493123765625 0.48566703437500003 0.6640471515625 0.4867695703125 0.6817288796875001 0.49117971406249994 0.698428290625 0.4906284453125 0.7200392921875001 0.49117971406249994 0.722986246875 0.49503858906250003 0.722986246875 0.5 0.7200392921875001 0.5011025359375 0.7161100203124999 0.49834619687500004 0.686640471875 0.49503858906250003 0.673870334375 0.4966923921875 0.6512770140625 0.49558985624999996 0.627701375 0.4906284453125 0.6060903734374999 0.4840132296875 0.596267190625 0.4823594265625 0.584479371875 0.48070562343749995 0.5815324171875 0.476846746875 0.5815324171875 0.4740904078125 0.5854616890625 0.4746416765625 0.596267190625 0.4779492828125 0.6051080546875001 0.47850055156250004 0.634577603125 0.472987871875 0.65225933125
1 0.1824696796875 0.6178781921875001 0.1907386984375 0.627701375 0.18412348437499998 0.64243615 0.18357221562499998 0.65324165 0.1874310921875 0.660117878125 0.1907386984375 0.660117878125 0.191841234375 0.6434184671875001 0.1957001109375 0.6365422390625 0.200110253125 0.635559921875 0.20286659375 0.6365422390625 0.2116868796875 0.6552062875 0.21664829062500002 0.6552062875 0.2205071671875 0.646365421875 0.21885336249999998 0.6434184671875001 0.212789415625 0.64243615 0.208379271875 0.633595284375 0.20672546875000003 0.6188605109374999 0.2039691296875 0.61394891875 0.204520396875 0.6070726921875 0.208379271875 0.6051080546875001 0.20948180781249998 0.60117878125 0.200661521875 0.583497053125 0.19845645 0.5746561890625 0.200661521875 0.5599214140625 0.19955898593750002 0.55009823125 0.1957001109375 0.5471512765625001 0.192392503125 0.55009823125 0.1907386984375 0.557956778125 0.1830209484375 0.5726915515625 0.18136714375000001 0.5874263265625 0.1780595375 0.597249509375 0.1780595375 0.6051080546875001 0.1824696796875 0.6178781921875001
0 0.227025909375 0.6676051078125 0.2269520390625 0.669243615625 0.22717254687500002 0.6706846765625001 0.22772381406250003 0.6713398828125 0.22845865468749998 0.6713398828125 0.2292668140625 0.6712082515625 0.230074971875 0.6710117875 0.23055292187499998 0.6708153234374999 0.2310303203125 0.669898821875 0.231324696875 0.6691778 0.23143495 0.6678673875000001 0.231398015625 0.6666886046875 0.2311405734375 0.6658369359375 0.23025909531250002 0.66590176875 0.2294873203125 0.6659675828125 0.228495590625 0.6660992140625 0.22789415625 0.6660442046874999 0.2274299890625 0.6664263265625 0.22735611875 0.6666227890624999 0.227025909375 0.6676051078125