2 0.9911797140624999 0.546168959375 0.9829106953125001 0.5609037328124999 0.9807056234375 0.570726915625 0.9939360531249999 0.557956778125 0.99558985625 0.546168959375 0.9911797140624999 0.546168959375
2 0.35611907343750004 0.698428290625 0.35611907343750004 0.6944990171875001 0.34399117968750004 0.6748526515625 0.34399117968750004 0.6836935171875 0.34840132343749997 0.6954813359375 0.3500551265625 0.698428290625 0.35611907343750004 0.698428290625
2 0.9261301 0.7721021609375 0.9470782796874999 0.748526521875 0.9597574421875 0.7269155203125 0.9520396906249999 0.729862475 0.9432194046875001 0.7455795671875001 0.923373759375 0.770137525 0.9178610812500001 0.7711198421875001 0.9128996687500001 0.7662082515625 0.90904079375 0.7662082515625 0.9095920625 0.775049115625 0.9128996687500001 0.7789783890625 0.923925028125 0.7789783890625 0.9261301 0.7721021609375
2 0.8726571109375 0.9921414531250001 0.869349503125 0.9921414531250001 0.869349503125 0.99901768125 0.872289415625 0.99901768125 0.8732083796874999 0.994106090625 0.875229878125 0.99901768125 0.8762661546875 0.9966431859375 0.8726571109375 0.9921414531250001
2 0.41179713281249997 0.9823182718749999 0.4140022046875 0.969548134375 0.4173098125 0.9636542234375 0.41675854531249995 0.9567779953125 0.40407938281250005 0.9567779953125 0.4035281140625 0.9616895875000001 0.40793825781250004 0.969548134375 0.40793825781250004 0.9823182718749999 0.41179713281249997 0.9823182718749999
2 0.0507166484375 0.6385068765625 0.06339581093749999 0.62671905625 0.064498346875 0.622789784375 0.0573318640625 0.622789784375 0.052370451562499996 0.62671905625 0.0468577734375 0.634577603125 0.0385887546875 0.63948919375 0.0385887546875 0.6434184671875001 0.0507166484375 0.6385068765625
2 0.5385887546875 0.9066797640625 0.539140021875 0.9135559921875 0.542998896875 0.9204322203125 0.5441014328125 0.9302554031250001 0.5485115765625 0.9332023578124999 0.5446527015625 0.9400785859375 0.5463065046875 0.9518664046875 0.5507166484375 0.9567779953125 0.5545755234375 0.94793713125 0.5551267921874999 0.9400785859375 0.5490628453124999 0.9332023578124999 0.5468577734375 0.9263261296874999 0.5463065046875 0.9076620828124999 0.5402425578125001 0.89882121875 0.5358324140625 0.8762278984374999 0.533076075 0.877210215625 0.5319735390625 0.8811394890625 0.5347298781250001 0.88605108125 0.5358324140625 0.9007858546874999 0.5385887546875 0.9066797640625
2 0.5380374859375 0.8752455796874999 0.5385887546875 0.872298625 0.5347298781250001 0.8634577609375 0.530871003125 0.8595284875000001 0.52866593125 0.852652259375 0.5253583234375 0.8506876234374999 0.5253583234375 0.8555992140625 0.530871003125 0.8654223968749999 0.5319735390625 0.872298625 0.5380374859375 0.8752455796874999
2 0.7850055125 0.968565815625 0.7877618515625 0.9774066796875 0.7927232640625 0.979371315625 0.7899669234375 0.969548134375 0.782800440625 0.9666011781250001 0.77673649375 0.9440078578125 0.7723263499999999 0.9440078578125 0.7723263499999999 0.96070726875 0.7778390296875 0.9724950890624999 0.7822491734375 0.974459725 0.7850055125 0.968565815625
2 0.7205071671875001 0.635559921875 0.7160970234375 0.63948919375 0.716648290625 0.62868369375 0.721058434375 0.62671905625 0.716648290625 0.6237721015625 0.721058434375 0.6178781921875001 0.7205071671875001 0.6149312375 0.716648290625 0.61394891875 0.7144432187499999 0.6434184671875001 0.7144432187499999 0.647347740625 0.716648290625 0.648330059375 0.7205071671875001 0.635559921875
2 0.9994487328125 0.6129666015625 0.9994487328125 0.597249509375 0.9867695703124999 0.597249509375 0.9867695703124999 0.60117878125 0.9911797140624999 0.608055009375 0.9994487328125 0.6129666015625
1 0.9503858875000001 0.6817288796875001 0.9547960312500001 0.6886051078125 0.9592061734374999 0.7082514734375 0.960859978125 0.719056975 0.956449834375 0.7328094296875001 0.9592061734374999 0.7396856578125 0.9619625140625001 0.763261296875 0.9691289968750001 0.788801571875 0.9691289968750001 0.79469548125 0.9641675859375001 0.8035363453125001 0.9641675859375001 0.80746561875 0.9707828 0.8104125734375 0.9702315328125 0.821218075 0.9724366046874999 0.8241650296874999 0.9807056234375 0.8241650296874999 0.985667034375 0.8172888015625001 0.9867695703124999 0.8084479375000001 0.9823594265625 0.7996070734375 0.9757442109375001 0.7671905703124999 0.9862183015625 0.7396856578125 0.9867695703124999 0.7200392921875001 0.9696802640625 0.6827111984374999 0.9581036390625 0.6699410609374999 0.9558985671875 0.660117878125 0.9476295484374999 0.660117878125 0.94597574375 0.6620825140625 0.94597574375 0.6748526515625 0.948180815625 0.6817288796875001 0.9503858875000001 0.6817288796875001
1 0 0.88408644375 0.001653803125 0.88408644375 0.008269018749999999 0.8978389 0.009922821875 0.9145383109375 0.011576626562500001 0.917485265625 0.025909592187500004 0.917485265625 0.02866593125 0.9135559921875 0.02866593125 0.9066797640625 0.0132304296875 0.8870333984375 0.011576626562500001 0.877210215625 0.008269018749999999 0.8703339874999999 0.0077177515625 0.86051080625 0.00441014375 0.851669940625 0.0021354374999999997 0.8389308234374999 0 0.8398821218749999 0 0.88408644375
1 0.3208379265625 0.697445971875 0.3131201765625 0.7082514734375 0.3125689078125 0.7131630640625 0.32469680312500004 0.7141453828125 0.326901875 0.710216109375 0.326901875 0.6709233796875 0.33572216093749996 0.6571709234374999 0.3384785 0.6561886046875001 0.3434399125 0.6650294703124999 0.348952590625 0.6895874265625 0.3588754140625 0.7082514734375 0.35997795 0.7220039296875 0.3649393609375 0.722986246875 0.36659316406250003 0.7200392921875001 0.366041896875 0.7072691546875001 0.3550165375 0.6699410609374999 0.35170893125 0.6640471515625 0.3506063953125 0.65422396875 0.352811465625 0.6316306484374999 0.35611907343750004 0.620825146875 0.35556780625 0.609037328125 0.3544652703125 0.6021611 0.345093715625 0.583497053125 0.34399117968750004 0.5726915515625 0.336273428125 0.571709234375 0.3335170890625 0.5874263265625 0.32579933906249997 0.5943025546875 0.3230429984375 0.608055009375 0.3230429984375 0.621807465625 0.326901875 0.6404715125 0.3213891953125 0.6561886046875001 0.3208379265625 0.697445971875
1 0.7216097015625 0.6178781921875001 0.7216097015625 0.633595284375 0.717199559375 0.6453831046875 0.7177508265625 0.6512770140625 0.7205071671875001 0.65225933125 0.729327453125 0.6365422390625 0.7370452046875 0.627701375 0.74366041875 0.65225933125 0.7508269015625 0.6660117875 0.75248070625 0.685658153125 0.7546857765625 0.6895874265625 0.757993384375 0.6886051078125 0.7596471890625 0.6777996078124999 0.7552370453125 0.6561886046875001 0.7491730984375 0.64243615 0.7431091515625 0.57563850625 0.7353913999999999 0.5599214140625 0.733737596875 0.5432220046875 0.7265711140625 0.5422396859374999 0.724917309375 0.5471512765625001 0.725468578125 0.56286836875 0.72326350625 0.5677799609374999 0.7221609703125 0.5913555984375 0.7199558984375 0.60117878125 0.7199558984375 0.609037328125 0.7227122375 0.610019646875 0.7243660421875 0.6149312375 0.7216097015625 0.6178781921875001
1 0.9117971328125 0.9783889984374999 0.90463065 0.9724950890624999 0.9035281140625001 0.9528487234374999 0.8991179718750001 0.9440078578125 0.886438809375 0.9449901765625001 0.886438809375 0.969548134375 0.882579934375 0.97544204375 0.8814773984375 0.9833005890625 0.8814773984375 0.99901768125 0.9167585453125 0.99901768125 0.915656009375 0.9852652265625 0.9117971328125 0.9783889984374999
1 0.034729878125 0.647347740625 0.035281146875 0.65422396875 0.0424476296875 0.6748526515625 0.043550165625 0.7161100203124999 0.0446527015625 0.7200392921875001 0.0501653796875 0.7210216109375 0.0529217203125 0.711198428125 0.0606394703125 0.711198428125 0.062293275 0.7082514734375 0.059536934374999996 0.7023575640625 0.059536934374999996 0.697445971875 0.063947078125 0.6817288796875001 0.06339581093749999 0.6689587421875001 0.0606394703125 0.65324165 0.055126792187499996 0.6375245578125 0.054575523437499995 0.62868369375 0.06339581093749999 0.622789784375 0.055678059375 0.6060903734374999 0.052370451562499996 0.59037328125 0.047960309374999996 0.584479371875 0.045755237500000004 0.5687622796875 0.042998896875 0.5638506875 0.0385887546875 0.5638506875 0.0358324140625 0.5677799609374999 0.035281146875 0.584479371875 0.0275633953125 0.60117878125 0.023153253125000002 0.620825146875 0.034729878125 0.647347740625
1 0.6934950390625 0.6434184671875001 0.6896361625 0.6699410609374999 0.6912899671875 0.711198428125 0.6951488421875001 0.7141453828125 0.6968026453125 0.710216109375 0.696251378125 0.6954813359375 0.7006615218750001 0.6689587421875001 0.70672546875 0.6689587421875001 0.7094818078125 0.671905696875 0.7216097015625 0.699410609375 0.7221609703125 0.7062868375 0.7265711140625 0.7072691546875001 0.725468578125 0.6915520625 0.7177508265625 0.667976425 0.717199559375 0.65324165 0.7138919515625 0.647347740625 0.716648290625 0.621807465625 0.7160970234375 0.6110019640625 0.7039691296874999 0.596267190625 0.7039691296874999 0.5874263265625 0.702315325 0.584479371875 0.69404630625 0.5854616890625 0.6934950390625 0.5982318265625 0.6885336265625 0.61394891875 0.6885336265625 0.6237721015625 0.6934950390625 0.6434184671875001
1 0.41345093750000006 0.89685658125 0.42061742031250005 0.9155206281250001 0.42171995625 0.928290765625 0.4173098125 0.9508840859375001 0.4162072765625 0.974459725 0.41786108125 0.9813359531250001 0.42502756406250003 0.9823182718749999 0.427232634375 0.9656188609375 0.43439911875000004 0.9557956781250001 0.43880926093749995 0.9440078578125 0.45038588749999997 0.96267190625 0.4509371546875 0.9774066796875 0.45644983437500003 0.9783889984374999 0.457001103125 0.9567779953125 0.4536934953125 0.9440078578125 0.45148842343749995 0.9145383109375 0.448732084375 0.9056974453125 0.448732084375 0.8958742624999999 0.4509371546875 0.8889980359375 0.45038588749999997 0.8762278984374999 0.43880926093749995 0.8565815328124999 0.4288864390625 0.8546168953125 0.4266813671875 0.8506876234374999 0.42557883125 0.8388998031250001 0.4222712234375 0.8349705296875 0.4173098125 0.8349705296875 0.41289966875 0.8398821218749999 0.4123484015625 0.84577603125 0.41675854531249995 0.86051080625 0.41289966875 0.8811394890625 0.41345093750000006 0.89685658125
1 0.4994487328125 0.8418467578125 0.49724366093750005 0.8497053046874999 0.4988974640625 0.8929273078125 0.4906284453125 0.90962671875 0.4988974640625 0.91159135625 0.5038588749999999 0.9106090375000001 0.506615215625 0.9066797640625 0.5049614109375 0.8850687625000001 0.50826901875 0.8497053046874999 0.514332965625 0.8388998031250001 0.5203969125000001 0.8388998031250001 0.527012128125 0.8555992140625 0.54520396875 0.8791748531250001 0.5501653796875 0.9017681734374999 0.5523704515625 0.9047151281250001 0.5567805953125 0.9017681734374999 0.5551267921874999 0.8811394890625 0.5341786109375 0.84577603125 0.5292171999999999 0.8084479375000001 0.5214994484375 0.775049115625 0.5165380374999999 0.7671905703124999 0.5126791625 0.7662082515625 0.5093715546875 0.7534381140625 0.506615215625 0.750491159375 0.5 0.7544204328124999 0.4994487328125 0.7652259328125 0.496141125 0.7711198421875001 0.49724366093750005 0.788801571875 0.5033076078125001 0.8094302546875 0.5 0.821218075 0.4994487328125 0.8418467578125
1 0.6251378171875001 0.47838899843749993 0.621830209375 0.480353634375 0.6212789421875 0.4872298625 0.630099228125 0.49115913593749994 0.6289966921875 0.479371315625 0.6372657109375 0.469548134375 0.64002205 0.469548134375 0.6504961406249999 0.481335953125 0.6543550171875 0.494106090625 0.65711135625 0.494106090625 0.658765159375 0.49115913593749994 0.659316428125 0.479371315625 0.6477398015625 0.46365422343749996 0.6493936046875 0.44990176875000004 0.6543550171875 0.4361493125 0.6543550171875 0.40667976406250006 0.6488423375 0.39882121875 0.647188534375 0.390962671875 0.6433296578125 0.389980353125 0.64057331875 0.3939096265625 0.6389195156249999 0.4056974453125 0.6350606390625 0.416502946875 0.6328555671875 0.4459724953125 0.630099228125 0.45284872343749993 0.6267916203125 0.47347740624999995 0.6251378171875001 0.47838899843749993