2 0.9762954796875001 0.9833005890625 0.9729878718749999 0.9783889984374999 0.9619625140625001 0.9783889984374999 0.960859978125 0.9833005890625 0.960859978125 0.995088409375 0.973539140625 0.995088409375 0.976846746875 0.9901768171875001 0.9762954796875001 0.9833005890625
2 0.9294377062500001 0.723968565625 0.9294377062500001 0.7170923375 0.927232634375 0.7170923375 0.9184123484375 0.7288801578124999 0.9068357218750001 0.750491159375 0.9068357218750001 0.7544204328124999 0.9117971328125 0.7524557953125 0.9173098124999999 0.7406679765625 0.9294377062500001 0.723968565625
2 0.9388092609375001 0.89685658125 0.9388092609375001 0.9066797640625 0.94211686875 0.902750490625 0.94211686875 0.89882121875 0.9388092609375001 0.89685658125
2 0.9310915109375 0.9145383109375 0.9332965828124999 0.9145383109375 0.9316427781250001 0.91159135625 0.9310915109375 0.9145383109375
2 0.935501653125 0.8850687625000001 0.9310915109375 0.8811394890625 0.9305402421875 0.883104125 0.93384785 0.88408644375 0.9349503859375 0.8889980359375 0.935501653125 0.8850687625000001
2 0.5793825796875 0.6149312375 0.5694597578125 0.609037328125 0.5628445421875 0.6119842828125 0.563947078125 0.6178781921875001 0.568357221875 0.620825146875 0.5733186328125 0.620825146875 0.5793825796875 0.6149312375
2 0.58710033125 0.6051080546875001 0.5854465265625 0.610019646875 0.5904079375 0.608055009375 0.5898566703125 0.6051080546875001 0.58710033125 0.6051080546875001
2 0.605843440625 0.60117878125 0.6019845640625 0.60117878125 0.6003307609374999 0.6060903734374999 0.5981256890625 0.60117878125 0.5964718859375 0.6021611 0.5920617421875 0.6051080546875001 0.5937155453125 0.608055009375 0.5997794921875 0.608055009375 0.605843440625 0.60117878125
2 0.067805953125 0.86051080625 0.0738699 0.872298625 0.0815876515625 0.8811394890625 0.08324145468750001 0.8752455796874999 0.0859977953125 0.877210215625 0.0882028671875 0.8811394890625 0.0859977953125 0.8880157171875 0.08710033125 0.8939096265625001 0.097574421875 0.8978389 0.10363836875000002 0.8929273078125 0.10308710000000001 0.8850687625000001 0.09151047343749999 0.8821218078124999 0.0788313125 0.8683693515625001 0.05126791562500001 0.8300589390625 0.0490628453125 0.8300589390625 0.0507166484375 0.8379174859375 0.06504961406250001 0.8595284875000001 0.067805953125 0.86051080625
2 0.9217199562499999 0.9705304515625001 0.93384785 0.9518664046875 0.93439911875 0.9440078578125 0.9316427781250001 0.9400785859375 0.9250275640625001 0.9567779953125 0.9079382578124999 0.953831040625 0.9057331859375 0.9567779953125 0.9057331859375 0.96267190625 0.90904079375 0.968565815625 0.9217199562499999 0.9705304515625001
2 0.59536935 0.60314341875 0.597023153125 0.6021611 0.597023153125 0.608055009375 0.5997794921875 0.608055009375 0.609151046875 0.5992141453125 0.609702315625 0.5943025546875 0.605843440625 0.59037328125 0.606945975 0.58840864375 0.6052921718750001 0.5805500984374999 0.6025358328125 0.5815324171875 0.5997794921875 0.5992141453125 0.592613009375 0.6051080546875001 0.5942668140625 0.608055009375 0.59536935 0.60314341875
2 0.4873208375 0.5284872296875001 0.49173098125000003 0.53732809375 0.5027563390625 0.5422396859374999 0.509922821875 0.55009823125 0.52094818125 0.5530451859375 0.52094818125 0.55009823125 0.5132304296875 0.546168959375 0.501653803125 0.533398821875 0.4928335171875 0.532416503125 0.48566703437500003 0.52652259375 0.4834619625 0.51375245625 0.47850055156250004 0.51375245625 0.4779492828125 0.52455795625 0.48070562343749995 0.5294695484374999 0.4862183015625 0.533398821875 0.4873208375 0.5284872296875001
0 0.11135611875 0.877210215625 0.1119073875 0.872298625 0.10859977968750001 0.8693516703125 0.10529217187499999 0.872298625 0.10529217187499999 0.8811394890625 0.10859977968750001 0.8811394890625 0.11135611875 0.877210215625
1 0.9432194046875001 0.8683693515625001 0.9465270125 0.878192534375 0.9399117968749999 0.8998035359375001 0.93825799375 0.917485265625 0.9332965828124999 0.9312377203125 0.93439911875 0.94891945 0.9437706718750001 0.9724950890624999 0.9476295484374999 0.98821218125 0.9476295484374999 0.995088409375 0.9718853359375 0.995088409375 0.9740904078125 0.9911591359375 0.973539140625 0.9823182718749999 0.9707828 0.9823182718749999 0.9674751921875 0.9764243609375001 0.964718853125 0.9577603140625 0.9542447624999999 0.9273084484374999 0.9558985671875 0.9204322203125 0.9685777281249999 0.9007858546874999 0.9718853359375 0.8899803531250001 0.9724366046874999 0.877210215625 0.9696802640625 0.8673870328125 0.9696802640625 0.826129665625 0.964718853125 0.8084479375000001 0.960859978125 0.801571709375 0.9558985671875 0.7996070734375 0.9553472984375 0.78192534375 0.94597574375 0.7711198421875001 0.9399117968749999 0.7711198421875001 0.937706725 0.775049115625 0.9388092609375001 0.7956778 0.9448732078125 0.8084479375000001 0.9432194046875001 0.821218075 0.9432194046875001 0.8683693515625001
1 0.948732084375 0.6827111984374999 0.948180815625 0.698428290625 0.9388092609375001 0.723968565625 0.9388092609375001 0.7337917484375 0.9349503859375 0.7416502953124999 0.9327453140624999 0.7583497046875001 0.927232634375 0.7652259328125 0.929988975 0.7711198421875001 0.93439911875 0.7721021609375 0.9404630656249999 0.75638506875 0.94597574375 0.748526521875 0.9492833515625 0.76915520625 0.9547960312500001 0.7799607078124999 0.9570011031250001 0.7937131625 0.960859978125 0.7956778 0.96306505 0.79469548125 0.9636163171875 0.787819253125 0.960859978125 0.78192534375 0.9553472984375 0.74361493125 0.9570011031250001 0.7347740671875 0.9658213890624999 0.7200392921875001 0.9691289968750001 0.710216109375 0.9691289968750001 0.647347740625 0.9619625140625001 0.6247544203125 0.960859978125 0.610019646875 0.956449834375 0.6060903734374999 0.9520396906249999 0.609037328125 0.9520396906249999 0.63948919375 0.9492833515625 0.6561886046875001 0.9509371546875001 0.6768172890625 0.948732084375 0.6827111984374999
1 0.2480705625 0.979371315625 0.24751929375 0.9666011781250001 0.25248070624999996 0.9449901765625001 0.25192943749999996 0.9410609031250001 0.2431091515625 0.9400785859375 0.23980154374999998 0.943025540625 0.2348401328125 0.9646365421875001 0.22657111406250002 0.9705304515625001 0.22160970156249998 0.9833005890625 0.2199558984375 0.99901768125 0.23869900781250003 0.99901768125 0.24145534687499998 0.9872298625000001 0.2480705625 0.979371315625
1 0.38864388125 0.65422396875 0.3919514890625 0.659135559375 0.40022050781249996 0.660117878125 0.40904079375 0.65225933125 0.41896361562499995 0.6512770140625 0.42392502812500005 0.646365421875 0.42502756406250003 0.635559921875 0.42171995625 0.62671905625 0.42171995625 0.5933202359374999 0.4162072765625 0.5677799609374999 0.40904079375 0.5618860515625 0.402425578125 0.5471512765625001 0.39636163125 0.546168959375 0.3919514890625 0.5667976421875001 0.385887540625 0.584479371875 0.3853362734375 0.60117878125 0.3875413453125 0.622789784375 0.386438809375 0.6493123765625 0.38864388125 0.65422396875
1 0.4966923921875 0.5736738703125 0.4944873203125 0.6110019640625 0.5 0.6129666015625 0.502205071875 0.609037328125 0.50441014375 0.57760314375 0.5115766265625 0.56286836875 0.5154355015625 0.56286836875 0.5198456453125 0.57563850625 0.5214994484375 0.5913555984375 0.5242557890625 0.6001964640625 0.5253583234375 0.6198428296875 0.5297684671875 0.622789784375 0.5303197359375 0.610019646875 0.526460859375 0.5785854609375 0.526460859375 0.55108055 0.5297684671875 0.53732809375 0.5303197359375 0.51375245625 0.5292171999999999 0.5088408640625001 0.5214994484375 0.49803536406250004 0.518191840625 0.48330058906250006 0.5126791625 0.48330058906250006 0.5110253578124999 0.49803536406250004 0.5049614109375 0.5088408640625001 0.502205071875 0.5235756390625 0.49724366093750005 0.5343811390625001 0.5005512671875 0.5402750484375 0.5038588749999999 0.5412573671875001 0.50441014375 0.545186640625 0.4966923921875 0.5736738703125
1 0.2034178609375 0.9715127703125 0.20672546875000003 0.943025540625 0.20286659375 0.9361493125000001 0.1907386984375 0.93713163125 0.1885336265625 0.943025540625 0.1874310921875 0.9597249515625 0.179713340625 0.9656188609375 0.17364939375 0.9764243609375001 0.1708930546875 0.99901768125 0.20782800468749998 0.99901768125 0.20727673593749998 0.9813359531250001 0.2034178609375 0.9715127703125
1 0.41289966875 0.5609037328124999 0.41786108125 0.571709234375 0.42171995625 0.558939096875 0.4266813671875 0.558939096875 0.427232634375 0.576620825 0.43164277812499996 0.5795677796875001 0.43329658281250005 0.576620825 0.43439911875000004 0.558939096875 0.4349503859375 0.52455795625 0.43770672499999996 0.51375245625 0.4371554578125 0.495088409375 0.43384785 0.4872298625 0.42392502812500005 0.482318271875 0.42116868749999997 0.474459725 0.4184123484375 0.47347740624999995 0.41455347343750004 0.474459725 0.4084895265625 0.4901768171875 0.40793825781250004 0.5019646359375 0.4123484015625 0.5127701375 0.41455347343750004 0.525540275 0.41289966875 0.5609037328124999
1 0.003858875 0.852652259375 0.002205071875 0.8673870328125 0 0.872298625 0.0033076078124999997 0.8811394890625 0.0066152156249999995 0.8811394890625 0.01212789375 0.8673870328125 0.012679162499999999 0.8614931234375 0.014332965625 0.85854616875 0.018191840625 0.85854616875 0.0198456453125 0.8634577609375 0.018191840625 0.866404715625 0.016538037499999998 0.883104125 0.0176405734375 0.8880157171875 0.0214994484375 0.8889980359375 0.025909592187500004 0.8801571703125 0.029768467187499998 0.8624754421875 0.0292172 0.8428290765625001 0.024255789062499998 0.8290766203125 0.026460859375 0.8055009828124999 0.030319735937499998 0.8045186640624999 0.034729878125 0.8094302546875 0.042998896875 0.826129665625 0.047960309374999996 0.8300589390625 0.05181918437500001 0.8280943031250001 0.0507166484375 0.8182711203125 0.039691290625 0.7907662078125 0.043550165625 0.7593320234375 0.05181918437500001 0.7465618859375 0.05126791562500001 0.724950884375 0.047409040624999996 0.7200392921875001 0.0363836828125 0.723968565625 0.0336273421875 0.73084479375 0.033076074999999996 0.74459725 0.02480705625 0.7534381140625 0.0132304296875 0.7721021609375 0.003858875 0.7917485265625 0.0011025359375 0.8045186640624999 0.002205071875 0.8231827109375001 0.008269018749999999 0.8398821218749999 0.008269018749999999 0.84675835 0.003858875 0.852652259375
1 0.5115766265625 0.711198428125 0.50826901875 0.725933203125 0.5093715546875 0.7406679765625 0.514332965625 0.748526521875 0.5259095921875 0.748526521875 0.5292171999999999 0.7524557953125 0.5319735390625 0.7711198421875001 0.5358324140625 0.7711198421875001 0.53748621875 0.7662082515625 0.5363836828124999 0.750491159375 0.539140021875 0.7455795671875001 0.5468577734375 0.75540275 0.5474090406250001 0.775049115625 0.55402425625 0.774066796875 0.5562293281249999 0.7652259328125 0.555678059375 0.7583497046875001 0.5485115765625 0.7416502953124999 0.539140021875 0.729862475 0.5341786109375 0.6915520625 0.518743109375 0.660117878125 0.50826901875 0.6493123765625 0.506615215625 0.63948919375 0.49724366093750005 0.6404715125 0.49724366093750005 0.659135559375 0.50826901875 0.6886051078125 0.5071664828125 0.7003929265625 0.5115766265625 0.711198428125
1 0.287210584375 0.99901768125 0.32414553437500004 0.99901768125 0.3296582140625 0.9813359531250001 0.328555678125 0.9656188609375 0.32469680312500004 0.9587426328124999 0.31587651562499997 0.9518664046875 0.308158765625 0.9528487234374999 0.3042998890625 0.9577603140625 0.30264608593750003 0.9656188609375 0.30319735468750003 0.979371315625 0.291620728125 0.9872298625000001 0.287210584375 0.99901768125
1 0.13506063906250002 0.96267190625 0.13561190781250002 0.9783889984374999 0.138919515625 0.98624754375 0.138368246875 0.99901768125 0.16923925 0.99901768125 0.16923925 0.9666011781250001 0.1659316421875 0.9518664046875 0.16923925 0.9390962671875001 0.16923925 0.923379175 0.16482910625 0.9145383109375 0.1604189640625 0.9145383109375 0.15600882031250002 0.9194499015625001 0.1543550171875 0.9361493125000001 0.15214994531249998 0.9400785859375 0.1477398015625 0.9410609031250001 0.13506063906250002 0.96267190625
1 0.6052921718750001 0.6041257375 0.6085997796875 0.648330059375 0.6085997796875 0.659135559375 0.6041896359375001 0.673870334375 0.613561190625 0.672888015625 0.6163175296875 0.6777996078124999 0.6201764062499999 0.6777996078124999 0.625689084375 0.6650294703124999 0.6212789421875 0.634577603125 0.6212789421875 0.6237721015625 0.6245865484374999 0.609037328125 0.6267916203125 0.5854616890625 0.630099228125 0.5795677796875001 0.630099228125 0.56286836875 0.617971334375 0.544204321875 0.6168687984375001 0.533398821875 0.6146637265625 0.5294695484374999 0.609151046875 0.531434184375 0.606945975 0.544204321875 0.601433296875 0.5559921421875 0.600882028125 0.5933202359374999 0.5986769562500001 0.60117878125 0.6041896359375001 0.60117878125 0.6052921718750001 0.6041257375