2 0.8925027562500001 0.69523575625 0.8941565593749999 0.6944990171875001 0.8952590953125 0.7033398828124999 0.8963616312499999 0.7023575640625 0.9162072765625 0.672888015625 0.9117971328125 0.672888015625 0.8925027562500001 0.69523575625
2 0.5154355015625 0.5363457765625 0.5165380374999999 0.5 0.5126791625 0.481335953125 0.51212789375 0.453831040625 0.5088202859375001 0.453831040625 0.50826901875 0.47838899843749993 0.5115766265625 0.492141453125 0.5115766265625 0.532416503125 0.5154355015625 0.5363457765625
0 0.2469680265625 0.6070726921875 0.2464167578125 0.61394891875 0.2508269015625 0.61394891875 0.2513781703125 0.610019646875 0.2469680265625 0.6070726921875
1 0.9707828 0.974459725 0.9702315328125 0.994106090625 0.9724366046874999 0.99901768125 0.9994487328125 0.99901768125 0.9994487328125 0.9567779953125 0.9966923921875 0.954813359375 0.9966923921875 0.9322200390625 0.989525909375 0.8939096265625001 0.9900771781250001 0.8693516703125 0.9873208375000001 0.8634577609375 0.9785005515625 0.8624754421875 0.9740904078125 0.8654223968749999 0.973539140625 0.8899803531250001 0.9680264609375 0.923379175 0.9680264609375 0.9469548140624999 0.973539140625 0.9567779953125 0.9729878718749999 0.968565815625 0.9707828 0.974459725
1 0.9266813671874999 0.672888015625 0.9250275640625001 0.7141453828125 0.9211686875 0.7210216109375 0.9140022046875 0.724950884375 0.9145534734374999 0.729862475 0.9228224921875 0.736738703125 0.9283351703125 0.735756384375 0.929988975 0.7318271125 0.9371554578125 0.7328094296875001 0.9399117968749999 0.736738703125 0.9509371546875001 0.736738703125 0.9520396906249999 0.7337917484375 0.9514884234375 0.5933202359374999 0.9492833515625 0.5874263265625 0.948180815625 0.570726915625 0.9404630656249999 0.5687622796875 0.937706725 0.5746561890625 0.9388092609375001 0.5982318265625 0.9360529218750001 0.6110019640625 0.93384785 0.6444007859374999 0.9266813671874999 0.672888015625
1 0.15711135625 0.9646365421875001 0.15711135625 0.953831040625 0.16097023125 0.93516699375 0.1598676953125 0.923379175 0.155457553125 0.9194499015625001 0.1460859984375 0.923379175 0.1433296578125 0.93713163125 0.1438809265625 0.94891945 0.136163175 0.9587426328124999 0.1312017640625 0.9891944984375 0.13065049687500002 0.99901768125 0.1604189640625 0.99901768125 0.1598676953125 0.974459725 0.15711135625 0.9646365421875001
1 0.0424476296875 0.8565815328124999 0.043550165625 0.86051080625 0.042998896875 0.9066797640625 0.0446527015625 0.9184675828125 0.047409040624999996 0.92436149375 0.0507166484375 0.94891945 0.0507166484375 0.9724950890624999 0.045755237500000004 0.9921414531250001 0.045755237500000004 0.99901768125 0.054575523437499995 0.99901768125 0.0573318640625 0.9675834968749999 0.06174200625 0.9567779953125 0.064498346875 0.9557956781250001 0.072216096875 0.9273084484374999 0.07056229375 0.9204322203125 0.06504961406250001 0.917485265625 0.06504961406250001 0.902750490625 0.072216096875 0.8654223968749999 0.072767365625 0.8536345781250001 0.0815876515625 0.8388998031250001 0.08213891875 0.826129665625 0.0738699 0.8084479375000001 0.06560088124999999 0.8035363453125001 0.06339581093749999 0.7986247546875 0.062293275 0.789783890625 0.063947078125 0.776031434375 0.062293275 0.7711198421875001 0.052370451562499996 0.7711198421875001 0.0490628453125 0.7907662078125 0.0501653796875 0.7996070734375 0.043550165625 0.8084479375000001 0.034729878125 0.840864440625 0.0336273421875 0.85756385 0.0358324140625 0.8595284875000001 0.039140021875 0.8555992140625 0.0424476296875 0.8565815328124999
1 0.6642778390624999 0.5874263265625 0.6598676953125 0.6051080546875001 0.6692392500000001 0.608055009375 0.6725468578125 0.6041257375 0.6747519296875 0.5913555984375 0.6692392500000001 0.5815324171875 0.6681367140625001 0.571709234375 0.6703417859374999 0.5216110015625001 0.6681367140625001 0.479371315625 0.66482910625 0.47544204375000004 0.658765159375 0.479371315625 0.6543550171875 0.48821218125000004 0.6527012125 0.5039292734374999 0.6527012125 0.5275049109375 0.6560088203125 0.545186640625 0.6560088203125 0.5677799609374999 0.6642778390624999 0.5874263265625
1 0.5126791625 0.4901768171875 0.5126791625 0.507858546875 0.5110253578124999 0.5343811390625001 0.5088202859375001 0.5383104125 0.50826901875 0.546168959375 0.5126791625 0.546168959375 0.5159867703125001 0.5412573671875001 0.5165380374999999 0.505893909375 0.5214994484375 0.50098231875 0.52866593125 0.5166994109374999 0.5347298781250001 0.5491159140625 0.539140021875 0.55009823125 0.53748621875 0.530451865625 0.5303197359375 0.4901768171875 0.5292171999999999 0.46561886093749993 0.5159867703125001 0.4332023578125 0.5115766265625 0.4361493125 0.5110253578124999 0.4440078578125 0.50826901875 0.45088408593749996 0.50826901875 0.46561886093749993 0.5126791625 0.4901768171875
1 0.5777287765625 0.99901768125 0.5915104734375001 0.99901768125 0.59481808125 0.994106090625 0.5986769562500001 0.97347740625 0.5997794921875 0.9420432218749999 0.6052921718750001 0.9312377203125 0.6025358328125 0.9017681734374999 0.5920617421875 0.8821218078124999 0.599228225 0.8634577609375 0.597023153125 0.852652259375 0.5882028671875 0.8506876234374999 0.5859977953125 0.8536345781250001 0.5837927234375 0.8595284875000001 0.5815876515625 0.88408644375 0.5777287765625 0.8889980359375 0.5755237046875 0.8978389 0.5733186328125 0.9302554031250001 0.5771775078125 0.9361493125000001 0.5788313125 0.94990176875 0.5777287765625 0.99901768125
1 0.1957001109375 0.5805500984374999 0.1951488421875 0.58840864375 0.1874310921875 0.5943025546875 0.1868798234375 0.5992141453125 0.18963616249999998 0.610019646875 0.1934950390625 0.609037328125 0.1957001109375 0.5982318265625 0.200661521875 0.6041257375 0.2039691296875 0.6041257375 0.20782800468749998 0.60117878125 0.21003307656249998 0.5943025546875 0.20562293281250002 0.5874263265625 0.208930540625 0.5667976421875001 0.20948180781249998 0.546168959375 0.20782800468749998 0.48919449843749996 0.200661521875 0.48821218125000004 0.194597575 0.5098231828124999 0.19404630625 0.55009823125 0.19845645 0.5638506875 0.19900771718750002 0.5726915515625 0.1957001109375 0.5805500984374999