2 0.64002205 0.6660117875 0.6389195156249999 0.6581532421875 0.630099228125 0.6561886046875001 0.630099228125 0.667976425 0.6328555671875 0.671905696875 0.638368246875 0.671905696875 0.64002205 0.6660117875
2 0.9994487328125 0.79469548125 0.9972436609375 0.79469548125 0.9939360531249999 0.7848722984375 0.9889746421875 0.7858546171875 0.98787210625 0.7996070734375 0.9911797140624999 0.80746561875 0.9994487328125 0.8094302546875 0.9994487328125 0.79469548125
2 0.4035281140625 0.5559921421875 0.39966923906249996 0.53732809375 0.39525909531250003 0.531434184375 0.39581036406250003 0.517681728125 0.3936052921875 0.5166994109374999 0.3919514890625 0.52455795625 0.3914002203125 0.533398821875 0.39525909531250003 0.5422396859374999 0.39636163125 0.5559921421875 0.4035281140625 0.5559921421875
2 0.6130099234374999 0.711198428125 0.6119073875 0.7043222 0.597023153125 0.7013752453125 0.57828004375 0.6905697453124999 0.5738699 0.6895874265625 0.5716648296875 0.6935167 0.5689084890625 0.6895874265625 0.570011025 0.6935167 0.59095920625 0.7062868375 0.601433296875 0.711198428125 0.6130099234374999 0.711198428125
2 0.6686879828125 0.621807465625 0.6703417859374999 0.6188605109374999 0.673098125 0.622789784375 0.6769570015624999 0.61394891875 0.6747519296875 0.610019646875 0.6517822484375 0.6440736734375 0.6515986765624999 0.6502946953125 0.66482910625 0.635559921875 0.6604189640625 0.6326129671875 0.6659316421875 0.6237721015625 0.6686879828125 0.6296660125 0.6686879828125 0.621807465625
1 0.6780595375 0.6001964640625 0.67364939375 0.610019646875 0.6742006609375 0.6149312375 0.6780595375 0.6149312375 0.6808158765625001 0.609037328125 0.683572215625 0.5933202359374999 0.6857772875 0.5913555984375 0.6874310921875 0.5943025546875 0.68632855625 0.6129666015625 0.6780595375 0.6404715125 0.6780595375 0.6561886046875001 0.6896361625 0.6827111984374999 0.6879823593750001 0.7062868375 0.6912899671875 0.7062868375 0.6995589859375 0.6905697453124999 0.6995589859375 0.6827111984374999 0.691841234375 0.667976425 0.6879823593750001 0.6493123765625 0.6934950390625 0.6453831046875 0.6973539140625 0.6326129671875 0.7034178609375 0.6306483296875001 0.7083792718749999 0.6404715125 0.7122381484375 0.6571709234374999 0.7155457546874999 0.69253438125 0.717199559375 0.697445971875 0.7199558984375 0.698428290625 0.7216097015625 0.6944990171875001 0.7216097015625 0.678781925 0.7188533625 0.6640471515625 0.717199559375 0.6365422390625 0.7155457546874999 0.633595284375 0.7155457546874999 0.6188605109374999 0.7342888640624999 0.610019646875 0.7320837921875001 0.609037328125 0.7342888640624999 0.6041257375 0.7298787203125 0.596267190625 0.725468578125 0.57563850625 0.717199559375 0.5559921421875 0.700110253125 0.5353634578124999 0.6990077171875 0.520628684375 0.6907386984375 0.517681728125 0.6868798234375 0.52455795625 0.6868798234375 0.5422396859374999 0.6824696796875 0.5550098234374999 0.6824696796875 0.570726915625 0.6780595375 0.6001964640625
1 0.9250275640625001 0.9646365421875001 0.9211686875 0.9577603140625 0.90904079375 0.94793713125 0.9079382578124999 0.9400785859375 0.911245865625 0.9204322203125 0.9035281140625001 0.9066797640625 0.8941565593749999 0.9066797640625 0.8914002203125 0.91159135625 0.8919514890625001 0.9449901765625001 0.8792723265625 0.96070726875 0.8754134515625 0.974459725 0.8737596468750001 0.99901768125 0.93439911875 0.99901768125 0.93384785 0.9911591359375 0.9250275640625001 0.9646365421875001
1 0.386438809375 0.7062868375 0.3853362734375 0.7288801578124999 0.38974641718749997 0.7328094296875001 0.3980154359375 0.7318271125 0.40407938281250005 0.7210216109375 0.4084895265625 0.7043222 0.4084895265625 0.6640471515625 0.40793825781250004 0.661100196875 0.40132304375 0.660117878125 0.39581036406250003 0.6552062875 0.393054025 0.647347740625 0.386438809375 0.6493123765625 0.386438809375 0.659135559375 0.382579934375 0.6709233796875 0.382579934375 0.6886051078125 0.386438809375 0.7062868375
1 0.4084895265625 0.6149312375 0.40463065 0.5933202359374999 0.40793825781250004 0.58840864375 0.4101433296875 0.576620825 0.40793825781250004 0.56286836875 0.40132304375 0.5559921421875 0.3936052921875 0.5618860515625 0.3914002203125 0.5687622796875 0.39250275625 0.584479371875 0.3880926125 0.5933202359374999 0.3869900765625 0.6051080546875001 0.3919514890625 0.6149312375 0.394707828125 0.633595284375 0.4049522234375 0.6518500328125 0.4084895265625 0.647347740625 0.4084895265625 0.6149312375
1 0.35170893125 0.74361493125 0.3472987875 0.762278978125 0.34840132343749997 0.7721021609375 0.3621830203125 0.7652259328125 0.36383682500000003 0.750491159375 0.36659316406250003 0.74361493125 0.3704520390625 0.737721021875 0.3770672546875 0.736738703125 0.38478500625 0.7288801578124999 0.3875413453125 0.7200392921875001 0.3869900765625 0.712180746875 0.382579934375 0.712180746875 0.38037486249999997 0.7023575640625 0.382579934375 0.6748526515625 0.38864388125 0.65422396875 0.394156559375 0.65225933125 0.40463065 0.667976425 0.4084895265625 0.667976425 0.40738699062499995 0.6561886046875001 0.39525909531250003 0.633595284375 0.3936052921875 0.620825146875 0.3880926125 0.608055009375 0.38919514843749997 0.5874263265625 0.38478500625 0.5795677796875001 0.3787210578125 0.5815324171875 0.37651598750000004 0.58840864375 0.37651598750000004 0.6021611 0.365490628125 0.61394891875 0.36328555625000003 0.6296660125 0.35611907343750004 0.65324165 0.35611907343750004 0.7023575640625 0.3588754140625 0.7082514734375 0.353362734375 0.723968565625 0.35170893125 0.74361493125
1 0.36769569999999996 0.58840864375 0.365490628125 0.5874263265625 0.3621830203125 0.5913555984375 0.3621830203125 0.5982318265625 0.365490628125 0.60117878125 0.36824696874999996 0.597249509375 0.36769569999999996 0.58840864375
1 0.3726571109375 0.5687622796875 0.3726571109375 0.5785854609375 0.3831312015625 0.5746561890625 0.38919514843749997 0.5540275046875001 0.38919514843749997 0.53929273125 0.394707828125 0.53732809375 0.39856670312500003 0.5530451859375 0.4035281140625 0.5550098234374999 0.4084895265625 0.5638506875 0.41124586562500004 0.5726915515625 0.41289966875 0.5913555984375 0.4173098125 0.596267190625 0.42171995625 0.5943025546875 0.42116868749999997 0.5854616890625 0.4162072765625 0.57760314375 0.41565600937499997 0.56286836875 0.40959206249999996 0.5412573671875001 0.40793825781250004 0.52455795625 0.40518191875 0.5157170921875001 0.4057331859375 0.4901768171875 0.40407938281250005 0.479371315625 0.40132304375 0.47053045156250006 0.394707828125 0.46267190625000004 0.390848953125 0.4459724953125 0.386438809375 0.44499017656250006 0.3836824703125 0.44891945 0.382028665625 0.469548134375 0.377618521875 0.47544204375000004 0.3754134515625 0.4901768171875 0.37651598750000004 0.5166994109374999 0.378169790625 0.5216110015625001 0.378169790625 0.558939096875 0.3726571109375 0.5687622796875
1 0.506615215625 0.749508840625 0.5154355015625 0.7396856578125 0.527012128125 0.7170923375 0.5336273421875 0.7141453828125 0.5385887546875 0.7072691546875001 0.5424476296875 0.7072691546875001 0.5446527015625 0.7151277015625 0.5501653796875 0.7200392921875001 0.551267915625 0.723968565625 0.5413450937500001 0.749508840625 0.535281146875 0.7593320234375 0.535281146875 0.7662082515625 0.542998896875 0.775049115625 0.5485115765625 0.770137525 0.5468577734375 0.7524557953125 0.5606394703124999 0.7328094296875001 0.562293275 0.7072691546875001 0.559536934375 0.69253438125 0.564498346875 0.6905697453124999 0.56560088125 0.685658153125 0.5650496140625 0.6660117875 0.5678059531249999 0.6552062875 0.568357221875 0.63948919375 0.563947078125 0.621807465625 0.563947078125 0.5923379171875001 0.5534729875 0.5933202359374999 0.551819184375 0.597249509375 0.551267915625 0.616895875 0.539140021875 0.622789784375 0.5319735390625 0.635559921875 0.5303197359375 0.6434184671875001 0.5303197359375 0.65324165 0.5319735390625 0.6571709234374999 0.5303197359375 0.6768172890625 0.5214994484375 0.7082514734375 0.5093715546875 0.7269155203125 0.5027563390625 0.7455795671875001 0.49503858906250003 0.7544204328124999 0.493936053125 0.7583497046875001 0.49558985624999996 0.7652259328125 0.502205071875 0.764243615625 0.506615215625 0.749508840625