2 0.43329658281250005 0.6895874265625 0.436052921875 0.6817288796875001 0.436052921875 0.6777996078124999 0.4327453140625 0.6817288796875001 0.4244762953125 0.678781925 0.4228224921875 0.6827111984374999 0.42613009999999996 0.6944990171875001 0.42943770625 0.6944990171875001 0.43329658281250005 0.6895874265625
2 0.8291069453125001 0.7210216109375 0.824696803125 0.7210216109375 0.8004410140625 0.7465618859375 0.799889746875 0.750491159375 0.8042998890625 0.7524557953125 0.8274531421875 0.7278978390625 0.8291069453125001 0.7210216109375
2 0.49117971406249994 0.63948919375 0.4873208375 0.6444007859374999 0.4867695703125 0.6512770140625 0.4823594265625 0.660117878125 0.481808159375 0.6689587421875001 0.4834619625 0.6689587421875001 0.489525909375 0.659135559375 0.49117971406249994 0.63948919375
2 0.49724366093750005 0.6178781921875001 0.4944873203125 0.6237721015625 0.4944873203125 0.6316306484374999 0.4988974640625 0.622789784375 0.4988974640625 0.6188605109374999 0.49724366093750005 0.6178781921875001
2 0.2116868796875 0.65324165 0.21664829062500002 0.6444007859374999 0.2205071671875 0.6493123765625 0.22877618593750002 0.6296660125 0.22601984531250002 0.62671905625 0.204520396875 0.6620825140625 0.20507166406250002 0.6660117875 0.208379271875 0.6650294703124999 0.21664829062500002 0.6561886046875001 0.2116868796875 0.65324165
1 0.828555678125 0.6886051078125 0.8357221609375 0.6954813359375 0.836273428125 0.7072691546875001 0.8252480703125 0.76915520625 0.8153252484375001 0.7711198421875001 0.8153252484375001 0.775049115625 0.8213891953125 0.7868369359375 0.8291069453125001 0.787819253125 0.8379272328124999 0.7465618859375 0.8417861078125 0.7416502953124999 0.8517089312499999 0.7573673875 0.8550165375000001 0.7583497046875001 0.861080484375 0.76915520625 0.8676957 0.775049115625 0.8765159875 0.79469548125 0.8809261296875001 0.775049115625 0.8748621828124999 0.770137525 0.8561190734374999 0.74459725 0.8555678062500001 0.6650294703124999 0.8472987875 0.648330059375 0.8434399125 0.6453831046875 0.8417861078125 0.6316306484374999 0.8395810359375 0.62671905625 0.834619625 0.6237721015625 0.8291069453125001 0.6306483296875001 0.8296582140625001 0.646365421875 0.8318632859375 0.65324165 0.8318632859375 0.6807465625 0.828555678125 0.6886051078125
1 0.9283351703125 0.9056974453125 0.923925028125 0.9194499015625001 0.9167585453125 0.9273084484374999 0.9167585453125 0.9322200390625 0.9173098124999999 0.93516699375 0.9217199562499999 0.93516699375 0.9266813671874999 0.9273084484374999 0.9327453140624999 0.928290765625 0.9332965828124999 0.93516699375 0.9266813671874999 0.9577603140625 0.9266813671874999 0.9891944984375 0.929988975 0.99901768125 0.9465270125 0.99901768125 0.9470782796874999 0.9911591359375 0.9437706718750001 0.9842829078124999 0.944321940625 0.979371315625 0.9553472984375 0.9557956781250001 0.9581036390625 0.9390962671875001 0.9592061734374999 0.8850687625000001 0.952590959375 0.8654223968749999 0.9437706718750001 0.852652259375 0.9426681359375 0.8300589390625 0.9366041890625001 0.8241650296874999 0.9305402421875 0.8241650296874999 0.9283351703125 0.8280943031250001 0.9283351703125 0.8428290765625001 0.9310915109375 0.85854616875 0.9266813671874999 0.877210215625 0.9283351703125 0.9056974453125
1 0.4994487328125 0.6817288796875001 0.5011025359375 0.6777996078124999 0.4988974640625 0.659135559375 0.4988974640625 0.64145383125 0.5011025359375 0.6365422390625 0.50826901875 0.6365422390625 0.5115766265625 0.6404715125 0.5170893046875 0.65225933125 0.5170893046875 0.6650294703124999 0.5242557890625 0.667976425 0.5275633953125001 0.6640471515625 0.5165380374999999 0.6296660125 0.5170893046875 0.6060903734374999 0.51212789375 0.584479371875 0.5038588749999999 0.5677799609374999 0.5027563390625 0.5599214140625 0.5 0.5550098234374999 0.49558985624999996 0.5550098234374999 0.4928335171875 0.558939096875 0.4928335171875 0.570726915625 0.49558985624999996 0.57563850625 0.5 0.6051080546875001 0.4906284453125 0.6365422390625 0.4928335171875 0.6620825140625 0.489525909375 0.6777996078124999 0.4906284453125 0.6817288796875001 0.4994487328125 0.6817288796875001
1 0.068357221875 0.7151277015625 0.0738699 0.7072691546875001 0.0777287765625 0.6944990171875001 0.0755237046875 0.6768172890625 0.0755237046875 0.65324165 0.0777287765625 0.6434184671875001 0.076626240625 0.6178781921875001 0.0788313125 0.6051080546875001 0.07828004375 0.5943025546875 0.0749724359375 0.5893909625 0.070011025 0.58840864375 0.06504961406250001 0.5933202359374999 0.063947078125 0.609037328125 0.0567805953125 0.6247544203125 0.056229328125 0.646365421875 0.052370451562499996 0.6768172890625 0.039140021875 0.6905697453124999 0.0358324140625 0.699410609375 0.0336273421875 0.7092337921875 0.035281146875 0.719056975 0.043550165625 0.7151277015625 0.068357221875 0.7151277015625
1 0.22601984531250002 0.627701375 0.2326350609375 0.6365422390625 0.23098125625 0.6444007859374999 0.224917309375 0.65324165 0.224917309375 0.660117878125 0.22712238125 0.6650294703124999 0.2342888640625 0.667976425 0.23814773906250003 0.672888015625 0.24366041875 0.672888015625 0.2469680265625 0.6689587421875001 0.250275634375 0.672888015625 0.254134509375 0.672888015625 0.2546857765625 0.6660117875 0.25192943749999996 0.661100196875 0.2480705625 0.660117878125 0.2469680265625 0.6561886046875001 0.250275634375 0.6365422390625 0.2480705625 0.6188605109374999 0.23759647187500002 0.5982318265625 0.22987872031249998 0.5893909625 0.2227122375 0.5854616890625 0.221058434375 0.58840864375 0.22216097031249998 0.6070726921875 0.22601984531250002 0.6188605109374999 0.22601984531250002 0.627701375
1 0.15600882031250002 0.6060903734374999 0.1604189640625 0.6178781921875001 0.18191841250000002 0.622789784375 0.191841234375 0.63948919375 0.1957001109375 0.63948919375 0.19845645 0.634577603125 0.1973539140625 0.627701375 0.1890848953125 0.6178781921875001 0.17916207343749999 0.61394891875 0.1747519296875 0.6051080546875001 0.1708930546875 0.5864440078125 0.16923925 0.56286836875 0.163726571875 0.5530451859375 0.15325248125 0.5432220046875 0.151047409375 0.53732809375 0.1433296578125 0.5383104125 0.1433296578125 0.57563850625 0.1527012125 0.5933202359374999 0.15325248125 0.6041257375 0.15600882031250002 0.6060903734374999
1 0.44211686875 0.65324165 0.44211686875 0.661100196875 0.43770672499999996 0.6768172890625 0.44266813593750004 0.6777996078124999 0.44432194062499997 0.6817288796875001 0.44432194062499997 0.7062868375 0.4476295484375 0.7220039296875 0.45644983437500003 0.736738703125 0.457001103125 0.7573673875 0.46085997812499996 0.7583497046875001 0.468577728125 0.7465618859375 0.465270121875 0.7328094296875001 0.46471885312500005 0.7151277015625 0.46085997812499996 0.7033398828124999 0.46085997812499996 0.6660117875 0.457001103125 0.6552062875 0.45203969062500005 0.6296660125 0.44707827968749997 0.620825146875 0.44597574375000004 0.6060903734374999 0.4393605296875 0.6051080546875001 0.436052921875 0.610019646875 0.436052921875 0.620825146875 0.43825799375 0.6237721015625 0.439911796875 0.647347740625 0.44211686875 0.65324165
1 0.200661521875 0.9921414531250001 0.202315325 0.99901768125 0.23042998906249998 0.99901768125 0.2342888640625 0.9715127703125 0.2403528109375 0.9616895875000001 0.24145534687499998 0.94891945 0.23869900781250003 0.93516699375 0.23759647187500002 0.9145383109375 0.231532525 0.9106090375000001 0.22601984531250002 0.8998035359375001 0.22712238125 0.877210215625 0.225468578125 0.8683693515625001 0.221058434375 0.8654223968749999 0.2155457546875 0.8683693515625001 0.21389195156250002 0.8742632609375001 0.21334068281250002 0.89685658125 0.19955898593750002 0.9155206281250001 0.1912899671875 0.9400785859375 0.191841234375 0.953831040625 0.19845645 0.9587426328124999 0.202315325 0.969548134375 0.200661521875 0.9921414531250001