2 0.7205071671875001 0.6552062875 0.7530319734375001 0.616895875 0.7596471890625 0.6051080546875001 0.7546857765625 0.6051080546875001 0.731532525 0.635559921875 0.7138919515625 0.6512770140625 0.716648290625 0.6561886046875001 0.7205071671875001 0.6552062875
2 0.599228225 0.56286836875 0.6025358328125 0.5599214140625 0.600882028125 0.558939096875 0.5959206171875 0.5667976421875001 0.59536935 0.571709234375 0.600882028125 0.571709234375 0.6025358328125 0.5677799609374999 0.599228225 0.56286836875
2 0.6047409046875 0.4901768171875 0.6030871 0.48526522656250004 0.6003307609374999 0.48919449843749996 0.5997794921875 0.52455795625 0.6019845640625 0.53732809375 0.6041896359375001 0.5294695484374999 0.6047409046875 0.4901768171875
2 0.5132304296875 0.5943025546875 0.52094818125 0.584479371875 0.518191840625 0.5785854609375 0.52480705625 0.5785854609375 0.526460859375 0.5687622796875 0.518743109375 0.576620825 0.5110253578124999 0.59037328125 0.5027563390625 0.5943025546875 0.5011025359375 0.5982318265625 0.50441014375 0.6021611 0.51212789375 0.6001964640625 0.5132304296875 0.5943025546875
2 0.11135611875 0.8546168953125 0.114112459375 0.85854616875 0.12127894218749999 0.8555992140625 0.121830209375 0.851669940625 0.113561190625 0.8379174859375 0.10529217187499999 0.8133595281250001 0.10363836875000002 0.8104125734375 0.101433296875 0.8104125734375 0.100882028125 0.8133595281250001 0.100882028125 0.82023575625 0.106945975 0.8310412578124999 0.11135611875 0.84774066875 0.11135611875 0.8546168953125
2 0.3787210578125 0.5147347734375 0.378169790625 0.5225933203124999 0.38037486249999997 0.55108055 0.3831312015625 0.55009823125 0.38478500625 0.5422396859374999 0.3831312015625 0.531434184375 0.38478500625 0.5039292734374999 0.3831312015625 0.49115913593749994 0.3792723265625 0.49115913593749994 0.3787210578125 0.495088409375 0.3787210578125 0.5039292734374999 0.3831312015625 0.5098231828124999 0.3831312015625 0.5152259328125 0.3787210578125 0.5147347734375
2 0.291620728125 0.7838899796875001 0.28555678125 0.788801571875 0.28390297656249996 0.7956778 0.2861080484375 0.7996070734375 0.29272326406250004 0.7956778 0.3014359859375 0.7738272078125 0.29933847812500003 0.76915520625 0.3004410140625 0.764243615625 0.291620728125 0.7838899796875001
2 0.636163175 0.9312377203125 0.64002205 0.9361493125000001 0.6389195156249999 0.9106090375000001 0.634509371875 0.8880157171875 0.6334068359375 0.8555992140625 0.6289966921875 0.852652259375 0.6273428890625 0.8555992140625 0.6273428890625 0.8683693515625001 0.6328555671875 0.89685658125 0.636163175 0.9312377203125
2 0.630650496875 0.9332023578124999 0.633958103125 0.9390962671875001 0.625689084375 0.9214145390624999 0.6240352812500001 0.9066797640625 0.6201764062499999 0.902750490625 0.617971334375 0.903732809375 0.617420065625 0.917485265625 0.6207276734375 0.929273084375 0.628445425 0.9361493125000001 0.630650496875 0.9332023578124999
0 0.29272326406250004 0.7956778 0.29217199531250004 0.787819253125 0.2850055125 0.789783890625 0.283351709375 0.7956778 0.2861080484375 0.800589390625 0.2899669234375 0.800589390625 0.29272326406250004 0.7956778
1 0.8373759640625 0.507858546875 0.8384785000000001 0.51178781875 0.8417861078125 0.5108055015625 0.844542446875 0.5 0.8517089312499999 0.5 0.8522601984374999 0.4901768171875 0.848952590625 0.47053045156250006 0.8522601984374999 0.45972495156250004 0.8561190734374999 0.455795678125 0.857772878125 0.43713163125000004 0.8561190734374999 0.415520628125 0.8522601984374999 0.40962671874999995 0.8500551265625 0.39882121875 0.8472987875 0.3978389 0.8439911796875 0.40176817343750004 0.8379272328124999 0.4204322203125 0.8373759640625 0.44891945 0.8401323046875 0.479371315625 0.8401323046875 0.49115913593749994 0.8373759640625 0.507858546875
1 0.039691290625 0.55009823125 0.047409040624999996 0.5638506875 0.0485115765625 0.5795677796875001 0.052370451562499996 0.5805500984374999 0.0534729875 0.584479371875 0.060088203124999996 0.584479371875 0.0589856671875 0.557956778125 0.056229328125 0.5481335953124999 0.055126792187499996 0.5284872296875001 0.056229328125 0.5216110015625001 0.0606394703125 0.517681728125 0.062293275 0.51178781875 0.060088203124999996 0.4872298625 0.0507166484375 0.47347740624999995 0.0501653796875 0.46070726874999995 0.047409040624999996 0.4567779953125 0.0441014328125 0.4567779953125 0.0418963609375 0.4616895875 0.04134509375 0.47249508906250004 0.0358324140625 0.480353634375 0.0336273421875 0.49115913593749994 0.0336273421875 0.507858546875 0.035281146875 0.5147347734375 0.0385887546875 0.517681728125 0.039691290625 0.55009823125
1 0.7574421171875 0.60314341875 0.762403528125 0.6060903734374999 0.7657111359375001 0.61394891875 0.762403528125 0.6444007859374999 0.768467475 0.6620825140625 0.7695700109375 0.673870334375 0.7657111359375001 0.686640471875 0.770672546875 0.698428290625 0.7783902984375 0.698428290625 0.7822491734375 0.6935167 0.78059536875 0.6434184671875001 0.783351709375 0.6237721015625 0.783351709375 0.5893909625 0.78059536875 0.5805500984374999 0.76901874375 0.5618860515625 0.7679162078124999 0.55108055 0.7651598671875 0.546168959375 0.7574421171875 0.55009823125 0.7568908484375 0.5550098234374999 0.7607497249999999 0.570726915625 0.7607497249999999 0.5893909625 0.7574421171875 0.60314341875
1 0.6163175296875 0.5471512765625001 0.6168687984375001 0.5599214140625 0.6196251375 0.56286836875 0.6240352812500001 0.5559921421875 0.625689084375 0.546168959375 0.625689084375 0.532416503125 0.6212789421875 0.52455795625 0.622381478125 0.5 0.626240353125 0.48624754374999996 0.625689084375 0.474459725 0.6168687984375001 0.45972495156250004 0.6163175296875 0.4518664046875 0.6124586546875 0.44793713124999995 0.6085997796875 0.44990176875000004 0.606945975 0.4646365421875 0.6041896359375001 0.469548134375 0.60363836875 0.482318271875 0.606945975 0.49607072656250006 0.609702315625 0.533398821875 0.6163175296875 0.5471512765625001
1 0.386438809375 0.5491159140625 0.390297684375 0.5559921421875 0.390848953125 0.576620825 0.39636163125 0.57563850625 0.40022050781249996 0.584479371875 0.402425578125 0.583497053125 0.4035281140625 0.57563850625 0.40077177500000005 0.5658153234375 0.39856670312500003 0.5402750484375 0.40022050781249996 0.495088409375 0.39856670312500003 0.474459725 0.39636163125 0.466601178125 0.38864388125 0.4567779953125 0.3853362734375 0.4587426328125 0.3836824703125 0.468565815625 0.382028665625 0.48330058906250006 0.3836824703125 0.5363457765625 0.3853362734375 0.5383104125 0.386438809375 0.5491159140625
1 0.6664829109375 0.9390962671875001 0.6664829109375 0.94891945 0.6703417859374999 0.969548134375 0.6708930546875 0.995088409375 0.6764057328125 0.9960707265625001 0.67750826875 0.99901768125 0.704520396875 0.99901768125 0.7056229328125 0.9911591359375 0.7039691296874999 0.9528487234374999 0.700110253125 0.9312377203125 0.692392503125 0.9302554031250001 0.6890848953125001 0.9253438109375001 0.6868798234375 0.9066797640625 0.683572215625 0.902750490625 0.6786108046875 0.902750490625 0.6769570015624999 0.9066797640625 0.6769570015624999 0.9273084484374999 0.6747519296875 0.9312377203125 0.6692392500000001 0.9332023578124999 0.6664829109375 0.9390962671875001
1 0.0788313125 0.8349705296875 0.0793825796875 0.8428290765625001 0.070011025 0.87328094375 0.070011025 0.883104125 0.07828004375 0.88408644375 0.07828004375 0.866404715625 0.088754134375 0.84577603125 0.09371554531250001 0.8565815328124999 0.09867695625 0.8889980359375 0.1124586546875 0.8889980359375 0.114112459375 0.8821218078124999 0.1124586546875 0.878192534375 0.1041896359375 0.8742632609375001 0.1025358328125 0.8624754421875 0.1025358328125 0.8300589390625 0.0959206171875 0.8163064828125 0.097023153125 0.8104125734375 0.10308710000000001 0.8143418468749999 0.10363836875000002 0.80746561875 0.1003307609375 0.7986247546875 0.0959206171875 0.76915520625 0.09536934999999999 0.7465618859375 0.09371554531250001 0.7406679765625 0.09536934999999999 0.7200392921875001 0.0876515984375 0.7170923375 0.08324145468750001 0.723968565625 0.0826901875 0.7406679765625 0.0711135609375 0.7789783890625 0.0694597578125 0.8113948921875 0.0738699 0.82023575625 0.0755237046875 0.8300589390625 0.0788313125 0.8349705296875
1 0.31587651562499997 0.7141453828125 0.30981256875 0.724950884375 0.3087100328125 0.7328094296875001 0.308158765625 0.7534381140625 0.3114663734375 0.76915520625 0.3109151046875 0.775049115625 0.3048511578125 0.78192534375 0.3042998890625 0.7858546171875 0.31642778437499997 0.787819253125 0.31863285625 0.7848722984375 0.3169790515625 0.7711198421875001 0.3169790515625 0.7396856578125 0.3208379265625 0.7328094296875001 0.3291069453125 0.748526521875 0.33131201718750003 0.7583497046875001 0.341234840625 0.762278978125 0.34840132343749997 0.774066796875 0.3511576625 0.7868369359375 0.353362734375 0.7868369359375 0.35611907343750004 0.7789783890625 0.35556780625 0.763261296875 0.344542446875 0.75638506875 0.33517089375000003 0.74361493125 0.33517089375000003 0.725933203125 0.3373759640625 0.711198428125 0.33020948125 0.6660117875 0.32249173125 0.6512770140625 0.3208379265625 0.64243615 0.3169790515625 0.6404715125 0.3125689078125 0.647347740625 0.3131201765625 0.660117878125 0.31587651562499997 0.6699410609374999 0.3175303203125 0.7043222 0.31587651562499997 0.7141453828125
1 0.7486218296875 0.6512770140625 0.74751929375 0.6434184671875001 0.742006615625 0.64243615 0.73980154375 0.6434184671875001 0.7403528109375 0.648330059375 0.7442116875 0.65225933125 0.7486218296875 0.6512770140625
1 0.717199559375 0.65324165 0.7188533625 0.6178781921875001 0.731532525 0.5943025546875 0.7364939359375 0.5933202359374999 0.74366041875 0.616895875 0.745865490625 0.6149312375 0.74751929375 0.610019646875 0.74751929375 0.5943025546875 0.7431091515625 0.5785854609375 0.7425578828125 0.569744596875 0.750275634375 0.5550098234374999 0.7519294375000001 0.5422396859374999 0.7469680265624999 0.5284872296875001 0.7453142234375 0.5108055015625 0.73980154375 0.51178781875 0.7381477390625 0.5235756390625 0.7304299890625 0.532416503125 0.724917309375 0.5432220046875 0.72326350625 0.55108055 0.725468578125 0.5726915515625 0.7221609703125 0.5815324171875 0.721058434375 0.5923379171875001 0.704520396875 0.6316306484374999 0.7050716640625 0.646365421875 0.712789415625 0.65324165 0.7149944875 0.648330059375 0.717199559375 0.65324165
1 0.9906284453125 0.63948919375 0.9944873203125001 0.6365422390625 0.9972436609375 0.6296660125 0.9994487328125 0.6296660125 0.9994487328125 0.6188605109374999 0.9972436609375 0.616895875 0.9944873203125001 0.58840864375 0.9840132296874999 0.5726915515625 0.9823594265625 0.5638506875 0.97905181875 0.558939096875 0.9740904078125 0.558939096875 0.9696802640625 0.56483300625 0.96306505 0.5982318265625 0.9570011031250001 0.6060903734374999 0.956449834375 0.6149312375 0.9597574421875 0.621807465625 0.9829106953125001 0.6306483296875001 0.9906284453125 0.63948919375
1 0.861080484375 0.9469548140624999 0.8649393609375 0.9557956781250001 0.865490628125 0.9911591359375 0.8704520390624999 0.99901768125 0.8897464171875 0.99901768125 0.890297684375 0.96267190625 0.8941565593749999 0.928290765625 0.8891951484374999 0.917485265625 0.882579934375 0.9135559921875 0.8781697906250001 0.9066797640625 0.8770672546875 0.8948919453125 0.8726571109375 0.88605108125 0.865490628125 0.88605108125 0.8616317531250001 0.8958742624999999 0.8621830203125 0.9155206281250001 0.8594266812500001 0.9204322203125 0.8588754140624999 0.9312377203125 0.861080484375 0.9469548140624999
1 0.66482910625 0.9960707265625001 0.6692392500000001 0.994106090625 0.6692392500000001 0.9656188609375 0.667585446875 0.953831040625 0.66097023125 0.93516699375 0.658765159375 0.9214145390624999 0.6488423375 0.9194499015625001 0.6444321937499999 0.9400785859375 0.634509371875 0.9400785859375 0.634509371875 0.9842829078124999 0.636163175 0.99901768125 0.6642778390624999 0.99901768125 0.66482910625 0.9960707265625001
1 0.5303197359375 0.58840864375 0.5303197359375 0.5933202359374999 0.542998896875 0.597249509375 0.5457552375 0.5913555984375 0.5474090406250001 0.5667976421875001 0.5545755234375 0.55009823125 0.5551267921874999 0.5383104125 0.5501653796875 0.5166994109374999 0.5424476296875 0.505893909375 0.5385887546875 0.494106090625 0.5347298781250001 0.492141453125 0.530871003125 0.4970530453125 0.5319735390625 0.5363457765625 0.5303197359375 0.5658153234375 0.5336273421875 0.5805500984374999 0.5303197359375 0.58840864375
1 0.5049614109375 0.469548134375 0.5071664828125 0.48624754374999996 0.5038588749999999 0.5039292734374999 0.5115766265625 0.5029469546875001 0.5126791625 0.48821218125000004 0.514332965625 0.48526522656250004 0.5198456453125 0.4872298625 0.5226019843749999 0.49901768124999996 0.5259095921875 0.50098231875 0.5275633953125001 0.48821218125000004 0.5165380374999999 0.467583496875 0.5170893046875 0.453831040625 0.5198456453125 0.44891945 0.5214994484375 0.4390962671875 0.52094818125 0.415520628125 0.5137816984375 0.40864440156250004 0.51212789375 0.39882121875 0.50826901875 0.3939096265625 0.50441014375 0.39882121875 0.5027563390625 0.41453831093750004 0.502205071875 0.4312377203125 0.5077177515625 0.44499017656250006 0.5077177515625 0.455795678125 0.5049614109375 0.469548134375
1 0.75633958125 0.5471512765625001 0.7646086000000001 0.546168959375 0.7668136718749999 0.5284872296875001 0.7668136718749999 0.505893909375 0.768467475 0.5 0.7679162078124999 0.4872298625 0.7613009921875 0.474459725 0.7596471890625 0.4587426328125 0.7519294375000001 0.45776031406250006 0.7508269015625 0.5127701375 0.75248070625 0.53929273125 0.7535832421875 0.545186640625 0.75633958125 0.5471512765625001