2 0.9178610812500001 0.7573673875 0.9228224921875 0.7475442046875 0.923925028125 0.7544204328124999 0.93439911875 0.736738703125 0.935501653125 0.7278978390625 0.9316427781250001 0.7288801578124999 0.9134509375000001 0.762278978125 0.9134509375000001 0.770137525 0.918963615625 0.7652259328125 0.9206174203125 0.7603143421875 0.9178610812500001 0.7573673875
2 0.047409040624999996 0.8546168953125 0.0463065046875 0.8644400781250001 0.07056229375 0.91159135625 0.0777287765625 0.9145383109375 0.084895259375 0.90962671875 0.0854465265625 0.9047151281250001 0.08379272343750001 0.9017681734374999 0.070011025 0.89685658125 0.063947078125 0.8821218078124999 0.03846625 0.8393363890625001 0.03693495 0.8447937124999999 0.034729878125 0.8418467578125 0.0380374859375 0.84675835 0.0385887546875 0.851669940625 0.0418963609375 0.85756385 0.047409040624999996 0.8546168953125
2 0.570011025 0.6110019640625 0.5738699 0.6129666015625 0.5771775078125 0.609037328125 0.57056229375 0.610019646875 0.5650496140625 0.6051080546875001 0.5600882031250001 0.6060903734374999 0.5589856671875 0.622789784375 0.563947078125 0.62671905625 0.570011025 0.6178781921875001 0.570011025 0.6110019640625
2 0.504811065625 0.5351848546875 0.49558985624999996 0.5216110015625001 0.4834619625 0.51375245625 0.48070562343749995 0.5 0.47519294375000004 0.5 0.4746416765625 0.51178781875 0.4823594265625 0.5166994109374999 0.4944873203125 0.532416503125 0.49834619687500004 0.533398821875 0.5038588749999999 0.5402750484375 0.504811065625 0.5351848546875
2 0.50441014375 0.7288801578124999 0.50826901875 0.7151277015625 0.50826901875 0.7043222 0.5115766265625 0.686640471875 0.5159867703125001 0.673870334375 0.5154355015625 0.6689587421875001 0.5115766265625 0.673870334375 0.5137816984375 0.6768172890625 0.5126791625 0.6817288796875001 0.5093715546875 0.678781925 0.50826901875 0.6817288796875001 0.5011025359375 0.723968565625 0.4988974640625 0.748526521875 0.4966923921875 0.7534381140625 0.496141125 0.7583497046875001 0.49834619687500004 0.762278978125 0.5033076078125001 0.7465618859375 0.50441014375 0.7288801578124999
2 0.6047409046875 0.5943025546875 0.601433296875 0.5923379171875001 0.5986769562500001 0.6041257375 0.592613009375 0.61394891875 0.5898566703125 0.6149312375 0.5904079375 0.6188605109374999 0.5997794921875 0.616895875 0.6052921718750001 0.6041257375 0.6047409046875 0.5943025546875
0 0.09371554531250001 0.8850687625000001 0.0865490625 0.8889980359375 0.08710033125 0.9017681734374999 0.09151047343749999 0.9017681734374999 0.0959206171875 0.8909626718749999 0.09371554531250001 0.8850687625000001
1 0.9178610812500001 0.8693516703125 0.915656009375 0.8752455796874999 0.9079382578124999 0.878192534375 0.907386990625 0.8821218078124999 0.9151047406249999 0.8850687625000001 0.9162072765625 0.8929273078125 0.9101433296874999 0.9066797640625 0.9068357218750001 0.923379175 0.9002205078125 0.9332023578124999 0.890848953125 0.9636542234375 0.874310915625 0.9656188609375 0.869349503125 0.9705304515625001 0.869349503125 0.979371315625 0.8770672546875 0.9911591359375 0.890297684375 0.9911591359375 0.8952590953125 0.9783889984374999 0.9035281140625001 0.9656188609375 0.9079382578124999 0.94891945 0.9134509375000001 0.9410609031250001 0.9217199562499999 0.93516699375 0.9266813671874999 0.9410609031250001 0.927232634375 0.9557956781250001 0.9399117968749999 0.994106090625 0.94211686875 0.99901768125 0.9476295484374999 0.99901768125 0.9476295484374999 0.9872298625000001 0.9432194046875001 0.9783889984374999 0.9415656015625 0.9587426328124999 0.937706725 0.9508840859375001 0.9399117968749999 0.9273084484374999 0.9448732078125 0.9056974453125 0.9432194046875001 0.8850687625000001 0.9448732078125 0.8428290765625001 0.9432194046875001 0.8290766203125 0.9371554578125 0.8143418468749999 0.929988975 0.80746561875 0.9305402421875 0.7917485265625 0.9288864390624999 0.7838899796875001 0.918963615625 0.7799607078124999 0.9145534734374999 0.787819253125 0.9162072765625 0.7986247546875 0.9211686875 0.8123772109375 0.9173098124999999 0.832023575 0.9178610812500001 0.8693516703125
1 0.3880926125 0.6640471515625 0.40077177500000005 0.667976425 0.4140022046875 0.6561886046875001 0.42171995625 0.6561886046875001 0.4288864390625 0.6512770140625 0.429988975 0.635559921875 0.42116868749999997 0.6198428296875 0.42171995625 0.5746561890625 0.41675854531249995 0.56483300625 0.4123484015625 0.5471512765625001 0.40793825781250004 0.546168959375 0.40463065 0.55009823125 0.402425578125 0.5667976421875001 0.39636163125 0.576620825 0.39250275625 0.58840864375 0.3914002203125 0.622789784375 0.3836824703125 0.6444007859374999 0.3836824703125 0.65225933125 0.3880926125 0.6640471515625
1 0.49724366093750005 0.5294695484374999 0.5027563390625 0.5294695484374999 0.50441014375 0.52455795625 0.50826901875 0.53732809375 0.5077177515625 0.545186640625 0.5038588749999999 0.55108055 0.5 0.5677799609374999 0.5 0.6060903734374999 0.49724366093750005 0.6110019640625 0.49724366093750005 0.6188605109374999 0.5038588749999999 0.616895875 0.5088202859375001 0.5992141453125 0.5126791625 0.5943025546875 0.5170893046875 0.57760314375 0.5259095921875 0.558939096875 0.526460859375 0.53929273125 0.5297684671875 0.5294695484374999 0.5292171999999999 0.5088408640625001 0.5203969125000001 0.48919449843749996 0.5198456453125 0.482318271875 0.5159867703125001 0.4774066796875 0.5115766265625 0.479371315625 0.5049614109375 0.51178781875 0.502205071875 0.5166994109374999 0.49558985624999996 0.520628684375 0.49724366093750005 0.5294695484374999
1 0.4173098125 0.5658153234375 0.42171995625 0.5658153234375 0.4222712234375 0.56286836875 0.4266813671875 0.5609037328124999 0.42557883125 0.5795677796875001 0.427232634375 0.584479371875 0.4327453140625 0.584479371875 0.4349503859375 0.531434184375 0.43770672499999996 0.5108055015625 0.4371554578125 0.48330058906250006 0.43164277812499996 0.47053045156250006 0.4266813671875 0.468565815625 0.42392502812500005 0.4587426328125 0.42171995625 0.4567779953125 0.4173098125 0.4567779953125 0.41455347343750004 0.4616895875 0.4101433296875 0.47838899843749993 0.40959206249999996 0.494106090625 0.41565600937499997 0.530451865625 0.4162072765625 0.5618860515625 0.4173098125 0.5658153234375
1 0.9371554578125 0.7328094296875001 0.9388092609375001 0.75540275 0.94211686875 0.7671905703124999 0.9404630656249999 0.7838899796875001 0.9448732078125 0.7927308453124999 0.96306505 0.7956778 0.9641675859375001 0.787819253125 0.960859978125 0.780943025 0.9592061734374999 0.7671905703124999 0.9536934953125 0.751473478125 0.952590959375 0.738703340625 0.9536934953125 0.7328094296875001 0.960308709375 0.722986246875 0.964718853125 0.711198428125 0.9680264609375 0.6699410609374999 0.9652701218749999 0.660117878125 0.96306505 0.63948919375 0.9575523703125001 0.627701375 0.9553472984375 0.610019646875 0.9514884234375 0.60117878125 0.944321940625 0.6021611 0.94211686875 0.610019646875 0.94211686875 0.622789784375 0.94597574375 0.634577603125 0.9448732078125 0.660117878125 0.9476295484374999 0.673870334375 0.9388092609375001 0.6817288796875001 0.9388092609375001 0.685658153125 0.9426681359375 0.6915520625 0.9388092609375001 0.711198428125 0.9371554578125 0.7328094296875001
1 0.5115766265625 0.67976424375 0.5220507171875 0.6689587421875001 0.5253583234375 0.6620825140625 0.5336273421875 0.6660117875 0.5385887546875 0.6748526515625 0.5402425578125001 0.7082514734375 0.5441014328125 0.722986246875 0.5562293281249999 0.736738703125 0.555678059375 0.7406679765625 0.5529217203125001 0.7426326125 0.5523704515625 0.748526521875 0.563947078125 0.7465618859375 0.5667034171875 0.75638506875 0.570011025 0.75638506875 0.5727673656250001 0.749508840625 0.572216096875 0.729862475 0.5678059531249999 0.724950884375 0.5611907390625 0.722986246875 0.5551267921874999 0.7131630640625 0.55788313125 0.6777996078124999 0.551819184375 0.6493123765625 0.5358324140625 0.6316306484374999 0.5303197359375 0.6306483296875001 0.52866593125 0.622789784375 0.5242557890625 0.6149312375 0.5170893046875 0.6178781921875001 0.5165380374999999 0.622789784375 0.5176405734375 0.635559921875 0.5198456453125 0.6404715125 0.5198456453125 0.6571709234374999 0.5115766265625 0.67976424375
1 0.601433296875 0.610019646875 0.6041896359375001 0.6149312375 0.6041896359375001 0.6434184671875001 0.6080485109375 0.65324165 0.6041896359375001 0.6620825140625 0.6041896359375001 0.667976425 0.6157662625 0.6650294703124999 0.6212789421875 0.672888015625 0.622381478125 0.686640471875 0.6251378171875001 0.6905697453124999 0.628445425 0.6895874265625 0.630650496875 0.6817288796875001 0.630099228125 0.672888015625 0.625689084375 0.6660117875 0.6240352812500001 0.6561886046875001 0.6196251375 0.646365421875 0.6212789421875 0.6306483296875001 0.6251378171875001 0.622789784375 0.628445425 0.5893909625 0.6245865484374999 0.57563850625 0.6146637265625 0.556974459375 0.6130099234374999 0.546168959375 0.6102535828125 0.5432220046875 0.605843440625 0.5471512765625001 0.6041896359375001 0.5638506875 0.601433296875 0.571709234375 0.600882028125 0.596267190625 0.59536935 0.6149312375 0.599228225 0.6149312375 0.601433296875 0.610019646875