2 0.7342888640624999 0.7033398828124999 0.7392502750000001 0.697445971875 0.7480705624999999 0.667976425 0.7442116875 0.667976425 0.7381477390625 0.686640471875 0.7276736500000001 0.6954813359375 0.729327453125 0.7023575640625 0.7342888640624999 0.7033398828124999
2 0.7635060640625 0.6257367390625 0.762403528125 0.6178781921875001 0.757993384375 0.6257367390625 0.75248070625 0.6444007859374999 0.7519294375000001 0.6552062875 0.7557883125 0.65225933125 0.7613009921875 0.634577603125 0.7635060640625 0.6257367390625
2 0.5071664828125 0.5550098234374999 0.5055126796875 0.5491159140625 0.509922821875 0.55009823125 0.5110253578124999 0.545186640625 0.50826901875 0.5432220046875 0.5038588749999999 0.55108055 0.5027563390625 0.5638506875 0.4994487328125 0.5599214140625 0.496141125 0.5667976421875001 0.49724366093750005 0.571709234375 0.5 0.570726915625 0.5071664828125 0.5550098234374999
2 0.14443219375 0.923379175 0.1477398015625 0.9145383109375 0.14718853437499999 0.8978389 0.142778390625 0.9017681734374999 0.1378169796875 0.9194499015625001 0.1047409046875 0.9459724953125 0.1041896359375 0.9528487234374999 0.10859977968750001 0.9518664046875 0.13065049687500002 0.9312377203125 0.14443219375 0.923379175
2 0.056229328125 0.943025540625 0.0567805953125 0.9528487234374999 0.059536934374999996 0.9636542234375 0.062293275 0.9666011781250001 0.062293275 0.9774066796875 0.06615214999999999 0.9931237718749999 0.067805953125 0.994106090625 0.067805953125 0.974459725 0.063947078125 0.9646365421875001 0.056229328125 0.9204322203125 0.047409040624999996 0.8889980359375 0.047409040624999996 0.8821218078124999 0.055678059375 0.8624754421875 0.056229328125 0.8555992140625 0.0507166484375 0.851669940625 0.0402425578125 0.872298625 0.0402425578125 0.8821218078124999 0.045755237500000004 0.8978389 0.047960309374999996 0.9135559921875 0.056229328125 0.943025540625
2 0.19018743124999998 0.494106090625 0.1929437703125 0.49901768124999996 0.191841234375 0.5039292734374999 0.1934950390625 0.5029469546875001 0.19404630625 0.5 0.1868798234375 0.4872298625 0.1824696796875 0.48624754374999996 0.1808158765625 0.4901768171875 0.1830209484375 0.495088409375 0.18963616249999998 0.5 0.19018743124999998 0.494106090625
0 0.208379271875 0.52652259375 0.208930540625 0.5363457765625 0.2116868796875 0.5363457765625 0.212789415625 0.5284872296875001 0.208379271875 0.52652259375
1 0.35777287812499997 0.775049115625 0.3605292171875 0.788801571875 0.3605292171875 0.7996070734375 0.35611907343750004 0.8172888015625001 0.35170893125 0.852652259375 0.34840132343749997 0.8624754421875 0.344542446875 0.8644400781250001 0.3417861078125 0.8703339874999999 0.3417861078125 0.8752455796874999 0.34399117968750004 0.878192534375 0.35556780625 0.8683693515625001 0.35611907343750004 0.86051080625 0.36328555625000003 0.8398821218749999 0.3649393609375 0.826129665625 0.3704520390625 0.8104125734375 0.3842337375 0.8104125734375 0.394707828125 0.8163064828125 0.3980154359375 0.8084479375000001 0.3980154359375 0.8055009828124999 0.3936052921875 0.800589390625 0.373759646875 0.7996070734375 0.374310915625 0.788801571875 0.3770672546875 0.7789783890625 0.3754134515625 0.7475442046875 0.377618521875 0.737721021875 0.3842337375 0.7318271125 0.3853362734375 0.7278978390625 0.3809261296875 0.7141453828125 0.369349503125 0.7023575640625 0.369349503125 0.686640471875 0.3605292171875 0.685658153125 0.3588754140625 0.699410609375 0.35170893125 0.712180746875 0.34840132343749997 0.723968565625 0.34840132343749997 0.735756384375 0.35611907343750004 0.7465618859375 0.35777287812499997 0.7534381140625 0.35777287812499997 0.775049115625
1 0.757993384375 0.684675834375 0.7607497249999999 0.6886051078125 0.7701212796875 0.684675834375 0.7717750828125001 0.6886051078125 0.7695700109375 0.6944990171875001 0.7695700109375 0.7023575640625 0.77673649375 0.7043222 0.778941565625 0.6915520625 0.7778390296875 0.6699410609374999 0.78941565625 0.6149312375 0.7866593171875 0.60117878125 0.7778390296875 0.57760314375 0.77673649375 0.56286836875 0.774531421875 0.558939096875 0.7701212796875 0.558939096875 0.768467475 0.56286836875 0.762403528125 0.622789784375 0.7651598671875 0.63948919375 0.7646086000000001 0.6620825140625 0.7635060640625 0.671905696875 0.757993384375 0.684675834375
1 0.526460859375 0.5530451859375 0.5303197359375 0.570726915625 0.5253583234375 0.584479371875 0.5292171999999999 0.58840864375 0.53693495 0.58840864375 0.5385887546875 0.5913555984375 0.5341786109375 0.6051080546875001 0.5413450937500001 0.608055009375 0.5468577734375 0.6051080546875001 0.5474090406250001 0.5982318265625 0.5380374859375 0.5609037328124999 0.5385887546875 0.48330058906250006 0.533076075 0.46561886093749993 0.5297684671875 0.4616895875 0.52480705625 0.4616895875 0.5220507171875 0.46561886093749993 0.523153253125 0.49901768124999996 0.5176405734375 0.507858546875 0.5242557890625 0.517681728125 0.526460859375 0.5530451859375
1 0.0694597578125 0.9312377203125 0.072767365625 0.93713163125 0.07331863281249999 0.94793713125 0.0777287765625 0.9646365421875001 0.0777287765625 0.99901768125 0.10363836875000002 0.99901768125 0.105843440625 0.995088409375 0.1041896359375 0.9557956781250001 0.0959206171875 0.9204322203125 0.0876515984375 0.9135559921875 0.08324145468750001 0.903732809375 0.08324145468750001 0.8909626718749999 0.081036384375 0.8850687625000001 0.070011025 0.8850687625000001 0.06560088124999999 0.8909626718749999 0.063947078125 0.8948919453125 0.06504961406250001 0.9066797640625 0.0711135609375 0.9204322203125 0.0694597578125 0.9312377203125
1 0.16482910625 0.53732809375 0.1659316421875 0.5402750484375 0.171995590625 0.5422396859374999 0.175303196875 0.5383104125 0.1725468578125 0.5284872296875001 0.17364939375 0.52455795625 0.1830209484375 0.52455795625 0.1824696796875 0.517681728125 0.179713340625 0.5166994109374999 0.175303196875 0.506876228125 0.17750826875 0.48919449843749996 0.1852260203125 0.48624754374999996 0.18632855625 0.454813359375 0.1907386984375 0.4312377203125 0.19018743124999998 0.4204322203125 0.1868798234375 0.417485265625 0.1830209484375 0.4184675828125 0.1808158765625 0.42730844843750004 0.1703417859375 0.43811394843749996 0.1642778390625 0.453831040625 0.163175303125 0.4646365421875 0.16758544687500002 0.494106090625 0.165380375 0.507858546875 0.16482910625 0.53732809375
1 0.5738699 0.6817288796875001 0.5755237046875 0.6886051078125 0.581036384375 0.6915520625 0.5865490624999999 0.685658153125 0.5942668140625 0.685658153125 0.6003307609374999 0.6944990171875001 0.60363836875 0.6944990171875001 0.6041896359375001 0.6768172890625 0.599228225 0.660117878125 0.5865490624999999 0.6512770140625 0.5815876515625 0.635559921875 0.5777287765625 0.633595284375 0.5733186328125 0.6365422390625 0.5711135609375 0.6404715125 0.5711135609375 0.65225933125 0.5738699 0.6640471515625 0.5738699 0.6817288796875001
1 0.581036384375 0.7711198421875001 0.581036384375 0.8035363453125001 0.5755237046875 0.8172888015625001 0.576626240625 0.8241650296874999 0.5815876515625 0.8251473484374999 0.5920617421875 0.8133595281250001 0.5959206171875 0.789783890625 0.6052921718750001 0.775049115625 0.6119073875 0.7583497046875001 0.6130099234374999 0.7406679765625 0.6052921718750001 0.7131630640625 0.60363836875 0.699410609375 0.59536935 0.685658153125 0.5854465265625 0.6876227890625 0.5837927234375 0.6954813359375 0.5865490624999999 0.7033398828124999 0.5865490624999999 0.722986246875 0.576626240625 0.7288801578124999 0.5777287765625 0.735756384375 0.5854465265625 0.737721021875 0.58710033125 0.7426326125 0.581036384375 0.7711198421875001