2 0.6286030874999999 0.672888015625 0.6314382578125 0.672888015625 0.6313120171875 0.6689587421875001 0.6341786109374999 0.6689587421875001 0.634272878125 0.672888015625 0.6370452046875 0.6689587421875001 0.6371080484375 0.672888015625 0.6438809265625001 0.671905696875 0.642778390625 0.6689587421875001 0.625689084375 0.6640471515625 0.6234840125 0.6552062875 0.6201764062499999 0.6571709234374999 0.6201764062499999 0.667976425 0.6229327453125 0.672888015625 0.628445425 0.6689587421875001 0.6286030874999999 0.672888015625
2 0.694597575 0.6365422390625 0.696251378125 0.634577603125 0.6995589859375 0.6385068765625 0.7006615218750001 0.6316306484374999 0.7078280046875001 0.621807465625 0.7122381484375 0.609037328125 0.708930540625 0.608055009375 0.6929437703125 0.63948919375 0.6819184125 0.6561886046875001 0.6780595375 0.6581532421875 0.6780595375 0.6650294703124999 0.6912899671875 0.65225933125 0.69643495 0.64309135625 0.694597575 0.6365422390625
2 0.10859977968750001 0.8595284875000001 0.10915104687499999 0.8555992140625 0.10859977968750001 0.826129665625 0.10529217187499999 0.826129665625 0.10529217187499999 0.8555992140625 0.106945975 0.8595284875000001 0.10859977968750001 0.8595284875000001
2 0.19900771718750002 0.49901768124999996 0.19790518125 0.5039292734374999 0.200110253125 0.51178781875 0.2037913 0.5177767921875 0.20286659375 0.5157170921875001 0.20782800468749998 0.5147347734375 0.19900771718750002 0.49901768124999996
2 0.2111356125 0.520628684375 0.2055441796875 0.520628684375 0.212789415625 0.532416503125 0.212789415625 0.52455795625 0.2111356125 0.520628684375
2 0.1168687984375 0.8163064828125 0.11962513749999999 0.8084479375000001 0.11962513749999999 0.801571709375 0.11135611875 0.800589390625 0.10529217187499999 0.8084479375000001 0.10529217187499999 0.8536345781250001 0.10859977968750001 0.8595284875000001 0.10859977968750001 0.8310412578124999 0.1168687984375 0.8163064828125
2 0.5071664828125 0.56286836875 0.5038588749999999 0.5638506875 0.4944873203125 0.5874263265625 0.493936053125 0.5923379171875001 0.49834619687500004 0.5913555984375 0.506615215625 0.570726915625 0.5071664828125 0.56286836875
2 0 0.9911591359375 0.0071664828125 0.995088409375 0.0088202859375 0.97544204375 0.0132304296875 0.9616895875000001 0.0132304296875 0.9400785859375 0.0088202859375 0.9332023578124999 0.003858875 0.9361493125000001 0.0027563390625 0.9400785859375 0.0033076078124999997 0.969548134375 0.002205071875 0.9813359531250001 0 0.9833005890625 0 0.9911591359375
2 0.518191840625 0.7573673875 0.5259095921875 0.711198428125 0.5242557890625 0.7043222 0.5259095921875 0.7013752453125 0.5214994484375 0.7082514734375 0.5165380374999999 0.7455795671875001 0.51212789375 0.7534381140625 0.5132304296875 0.7583497046875001 0.518191840625 0.7573673875
1 0.5137816984375 0.5913555984375 0.5132304296875 0.6051080546875001 0.509922821875 0.6110019640625 0.5093715546875 0.6178781921875001 0.51212789375 0.621807465625 0.5170893046875 0.621807465625 0.5226019843749999 0.610019646875 0.5226019843749999 0.56483300625 0.5259095921875 0.557956778125 0.52866593125 0.5108055015625 0.5259095921875 0.50098231875 0.5203969125000001 0.49115913593749994 0.5198456453125 0.482318271875 0.5170893046875 0.474459725 0.510474090625 0.474459725 0.50826901875 0.47838899843749993 0.509922821875 0.49901768124999996 0.5077177515625 0.5284872296875001 0.5110253578124999 0.5432220046875 0.5137816984375 0.5913555984375
1 0.647188534375 0.672888015625 0.6515986765624999 0.6640471515625 0.6527012125 0.6571709234374999 0.6576626234375 0.65225933125 0.6604189640625 0.6561886046875001 0.6615215 0.6689587421875001 0.6637265718750001 0.673870334375 0.6565600875000001 0.6944990171875001 0.65711135625 0.7072691546875001 0.6598676953125 0.711198428125 0.663175303125 0.723968565625 0.6598676953125 0.7337917484375 0.6598676953125 0.7396856578125 0.6642778390624999 0.7406679765625 0.66979051875 0.7328094296875001 0.6659316421875 0.7033398828124999 0.6681367140625001 0.698428290625 0.6819184125 0.7033398828124999 0.691841234375 0.719056975 0.6912899671875 0.7170923375 0.69404630625 0.7151277015625 0.694597575 0.699410609375 0.6874310921875 0.697445971875 0.6753031968750001 0.685658153125 0.6753031968750001 0.673870334375 0.6780595375 0.6640471515625 0.6747519296875 0.63948919375 0.663175303125 0.6237721015625 0.6576626234375 0.621807465625 0.6543550171875 0.6060903734374999 0.6482910687500001 0.6051080546875001 0.6438809265625001 0.6110019640625 0.6477398015625 0.627701375 0.6482910687500001 0.646365421875 0.6433296578125 0.6709233796875 0.647188534375 0.672888015625
1 0.712789415625 0.64243615 0.7144432187499999 0.6571709234374999 0.712789415625 0.673870334375 0.7160970234375 0.6817288796875001 0.7116868796875 0.6905697453124999 0.7116868796875 0.6944990171875001 0.716648290625 0.698428290625 0.725468578125 0.6905697453124999 0.72326350625 0.64243615 0.7260198453125 0.6306483296875001 0.729327453125 0.5795677796875001 0.7287761859375 0.5677799609374999 0.7260198453125 0.556974459375 0.725468578125 0.53732809375 0.72326350625 0.533398821875 0.716648290625 0.533398821875 0.7138919515625 0.5412573671875001 0.7155457546874999 0.5667976421875001 0.7100330765625 0.58840864375 0.712789415625 0.5933202359374999 0.712789415625 0.64243615
1 0.5303197359375 0.7416502953124999 0.5292171999999999 0.78192534375 0.523153253125 0.7907662078125 0.5275633953125001 0.7956778 0.5347298781250001 0.7956778 0.5363836828124999 0.7907662078125 0.5363836828124999 0.775049115625 0.5463065046875 0.7829076625 0.5545755234375 0.7829076625 0.5562293281249999 0.7789783890625 0.5534729875 0.764243615625 0.5523704515625 0.7406679765625 0.5529217203125001 0.7220039296875 0.5545755234375 0.7200392921875001 0.555678059375 0.7062868375 0.5545755234375 0.671905696875 0.5523704515625 0.660117878125 0.5463065046875 0.6493123765625 0.5418963609375 0.646365421875 0.5385887546875 0.6296660125 0.5358324140625 0.62671905625 0.5303197359375 0.634577603125 0.5303197359375 0.6453831046875 0.533076075 0.65324165 0.533076075 0.659135559375 0.5303197359375 0.6758349703125 0.530871003125 0.6886051078125 0.5259095921875 0.7013752453125 0.526460859375 0.7043222 0.533076075 0.7033398828124999 0.5341786109375 0.710216109375 0.5303197359375 0.7416502953124999
1 0.122381478125 0.872298625 0.12624035312499998 0.87328094375 0.12568908437499998 0.9312377203125 0.1328555671875 0.9410609031250001 0.1460859984375 0.99901768125 0.15711135625 0.99901768125 0.158765159375 0.9911591359375 0.14939360468750001 0.954813359375 0.1488423375 0.9400785859375 0.151047409375 0.9263261296874999 0.1543550171875 0.9263261296874999 0.15711135625 0.9312377203125 0.1604189640625 0.9263261296874999 0.16482910625 0.89882121875 0.165380375 0.8821218078124999 0.1642778390625 0.8683693515625001 0.1604189640625 0.852652259375 0.1477398015625 0.8339882125000001 0.14718853437499999 0.8172888015625001 0.1394707828125 0.8143418468749999 0.134509371875 0.8182711203125 0.13175303124999999 0.8251473484374999 0.1328555671875 0.83300589375 0.12127894218749999 0.851669940625 0.12017640624999999 0.85756385 0.106945975 0.8850687625000001 0.105843440625 0.8889980359375 0.10859977968750001 0.8939096265625001 0.1102535828125 0.8929273078125 0.122381478125 0.872298625
1 0.18632855625 0.5363457765625 0.18963616249999998 0.5402750484375 0.1912899671875 0.55009823125 0.1934950390625 0.55009823125 0.1968026453125 0.545186640625 0.19790518125 0.5383104125 0.191841234375 0.5284872296875001 0.1885336265625 0.506876228125 0.191841234375 0.5 0.19790518125 0.5 0.196251378125 0.480353634375 0.1973539140625 0.4312377203125 0.1934950390625 0.42730844843750004 0.18798235937500002 0.4312377203125 0.1868798234375 0.441060903125 0.18357221562499998 0.4440078578125 0.1780595375 0.4567779953125 0.1764057328125 0.47053045156250006 0.179713340625 0.5088408640625001 0.17364939375 0.532416503125 0.1769570015625 0.5363457765625 0.18632855625 0.5363457765625
1 0.48291069531249997 0.63948919375 0.48566703437500003 0.6434184671875001 0.4867695703125 0.685658153125 0.48291069531249997 0.698428290625 0.4834619625 0.729862475 0.47739801562500006 0.7426326125 0.47905181875 0.7465618859375 0.48566703437500003 0.7465618859375 0.489525909375 0.7406679765625 0.4884233734375 0.7288801578124999 0.49173098125000003 0.710216109375 0.49117971406249994 0.6915520625 0.493936053125 0.686640471875 0.497794928125 0.685658153125 0.5005512671875 0.6905697453124999 0.5165380374999999 0.697445971875 0.518191840625 0.7072691546875001 0.5220507171875 0.7062868375 0.523153253125 0.6944990171875001 0.518191840625 0.686640471875 0.5038588749999999 0.6807465625 0.502205071875 0.6758349703125 0.5038588749999999 0.6561886046875001 0.5027563390625 0.62868369375 0.5038588749999999 0.6237721015625 0.5071664828125 0.620825146875 0.5071664828125 0.6149312375 0.49228224843749996 0.6051080546875001 0.4906284453125 0.5933202359374999 0.4873208375 0.58840864375 0.48291069531249997 0.5874263265625 0.47905181875 0.5923379171875001 0.47739801562500006 0.616895875 0.4724366046875 0.635559921875 0.47353914062499997 0.6385068765625 0.48291069531249997 0.63948919375