2 0.8638368249999999 0.8123772109375 0.8643880921875 0.8094302546875 0.85997795 0.8045186640624999 0.8439911796875 0.7966601171875001 0.83902976875 0.7838899796875001 0.8357221609375 0.7858546171875 0.834619625 0.800589390625 0.8605292171875 0.8123772109375 0.8616317531250001 0.8084479375000001 0.8638368249999999 0.8123772109375
0 0.1824696796875 0.65225933125 0.1780595375 0.65225933125 0.1780595375 0.6571709234374999 0.18191841250000002 0.6571709234374999 0.1824696796875 0.65225933125
1 0.2160970234375 0.7210216109375 0.21389195156250002 0.735756384375 0.2205071671875 0.736738703125 0.22160970156249998 0.7200392921875001 0.21719955937500002 0.6935167 0.21719955937500002 0.6836935171875 0.22657111406250002 0.6807465625 0.22712238125 0.6620825140625 0.22326350625 0.6493123765625 0.22326350625 0.6404715125 0.22712238125 0.627701375 0.22657111406250002 0.622789784375 0.2205071671875 0.6110019640625 0.21334068281250002 0.6041257375 0.21003307656249998 0.596267190625 0.20782800468749998 0.5795677796875001 0.204520396875 0.5795677796875001 0.2012127890625 0.584479371875 0.19955898593750002 0.609037328125 0.1968026453125 0.6188605109374999 0.1968026453125 0.65225933125 0.2034178609375 0.6571709234374999 0.21003307656249998 0.697445971875 0.2160970234375 0.7210216109375
1 0.9332965828124999 0.7288801578124999 0.915656009375 0.7671905703124999 0.9178610812500001 0.775049115625 0.9217199562499999 0.774066796875 0.92557883125 0.7662082515625 0.92557883125 0.762278978125 0.929988975 0.7583497046875001 0.9448732078125 0.7278978390625 0.9509371546875001 0.729862475 0.9536934953125 0.7406679765625 0.952590959375 0.751473478125 0.9597574421875 0.7711198421875001 0.9586549062499999 0.7662082515625 0.960308709375 0.763261296875 0.9597574421875 0.749508840625 0.9614112453124999 0.7406679765625 0.960859978125 0.6935167 0.973539140625 0.6886051078125 0.9696802640625 0.6895874265625 0.9680264609375 0.685658153125 0.9713340687500001 0.6827111984374999 0.9685777281249999 0.6768172890625 0.9658213890624999 0.6561886046875001 0.9581036390625 0.64243615 0.9581036390625 0.62671905625 0.956449834375 0.622789784375 0.948180815625 0.622789784375 0.94597574375 0.64243615 0.935501653125 0.6561886046875001 0.93439911875 0.672888015625 0.9371554578125 0.6895874265625 0.9316427781250001 0.7210216109375 0.9332965828124999 0.7288801578124999
1 0 0.98821218125 0.0033076078124999997 0.99901768125 0.0132304296875 0.99901768125 0.014332965625 0.9872298625000001 0.025909592187500004 0.9724950890624999 0.026460859375 0.9459724953125 0.03748621875 0.9361493125000001 0.0385887546875 0.9312377203125 0.0336273421875 0.9017681734374999 0.0220507171875 0.891944990625 0.0192943765625 0.8703339874999999 0.011576626562500001 0.8683693515625001 0.0049614109375 0.877210215625 0.0049614109375 0.89685658125 0 0.9066797640625 0 0.98821218125
1 0.09040793750000001 0.995088409375 0.101433296875 0.99901768125 0.10915104687499999 0.9901768171875001 0.11135611875 0.9823182718749999 0.1102535828125 0.9636542234375 0.1130099234375 0.9518664046875 0.1108048515625 0.9420432218749999 0.1124586546875 0.9273084484374999 0.10970231562499999 0.8998035359375001 0.11466372656249998 0.88605108125 0.113561190625 0.877210215625 0.10804851093750001 0.8693516703125 0.101433296875 0.87131630625 0.09867695625 0.878192534375 0.09867695625 0.8948919453125 0.09095920625000001 0.9076620828124999 0.09095920625000001 0.9577603140625 0.0876515984375 0.9705304515625001 0.0876515984375 0.9872298625000001 0.09040793750000001 0.995088409375
1 0.1251378171875 0.6493123765625 0.128445425 0.64243615 0.138919515625 0.633595284375 0.14057331875 0.610019646875 0.142778390625 0.60117878125 0.142227121875 0.5471512765625001 0.1394707828125 0.5432220046875 0.13561190781250002 0.5432220046875 0.1328555671875 0.5550098234374999 0.12458654843750001 0.5677799609374999 0.12458654843750001 0.6257367390625 0.11852260156250001 0.64243615 0.117420065625 0.660117878125 0.12017640624999999 0.6620825140625 0.1251378171875 0.6571709234374999 0.1251378171875 0.6493123765625
1 0.8555678062500001 0.8447937124999999 0.8561190734374999 0.8683693515625001 0.869900771875 0.8762278984374999 0.874310915625 0.88408644375 0.8770672546875 0.8850687625000001 0.8787210578125 0.8811394890625 0.8776185218749999 0.8644400781250001 0.8809261296875001 0.8654223968749999 0.8952590953125 0.8939096265625001 0.8952590953125 0.9263261296874999 0.902425578125 0.9273084484374999 0.9068357218750001 0.9145383109375 0.9068357218750001 0.9076620828124999 0.898566703125 0.8811394890625 0.890848953125 0.8634577609375 0.890297684375 0.83300589375 0.886438809375 0.8094302546875 0.8831312015625 0.7996070734375 0.882579934375 0.774066796875 0.8792723265625 0.7652259328125 0.87982359375 0.7583497046875001 0.8847850062499999 0.748526521875 0.882579934375 0.736738703125 0.8765159875 0.7337917484375 0.869349503125 0.7406679765625 0.8605292171875 0.7838899796875001 0.8605292171875 0.8055009828124999 0.8649393609375 0.8133595281250001 0.8649393609375 0.82023575625 0.8555678062500001 0.8447937124999999
1 0.7447629546875 0.5854616890625 0.74366041875 0.597249509375 0.7491730984375 0.6001964640625 0.7546857765625 0.5923379171875001 0.7557883125 0.5746561890625 0.7519294375000001 0.56483300625 0.7530319734375001 0.52455795625 0.7513781703125 0.5039292734374999 0.74751929375 0.49803536406250004 0.7442116875 0.482318271875 0.7386990078125 0.482318271875 0.7353913999999999 0.5039292734374999 0.7342888640624999 0.5294695484374999 0.737596471875 0.5363457765625 0.7386990078125 0.5618860515625 0.7447629546875 0.5854616890625
1 0.9740904078125 0.6375245578125 0.9740904078125 0.6640471515625 0.9762954796875001 0.6827111984374999 0.9729878718749999 0.6935167 0.9823594265625 0.6954813359375 0.9834619625000001 0.6758349703125 0.9906284453125 0.678781925 0.99558985625 0.686640471875 0.99558985625 0.698428290625 0.9994487328125 0.699410609375 0.9994487328125 0.6768172890625 0.9972436609375 0.6768172890625 0.9944873203125001 0.6699410609374999 0.9873208375000001 0.6620825140625 0.99558985625 0.6178781921875001 0.99558985625 0.5815324171875 0.9922822484375 0.570726915625 0.9911797140624999 0.5550098234374999 0.9823594265625 0.5550098234374999 0.981808159375 0.5815324171875 0.977398015625 0.597249509375 0.9746416765625 0.60117878125 0.9746416765625 0.6051080546875001 0.9779492828125 0.610019646875 0.9779492828125 0.6188605109374999 0.9740904078125 0.6375245578125
1 0.6615215 0.775049115625 0.66482910625 0.787819253125 0.6681367140625001 0.7927308453124999 0.66979051875 0.7917485265625 0.6742006609375 0.7681728875 0.683572215625 0.7583497046875001 0.6890848953125001 0.7573673875 0.6912899671875 0.7662082515625 0.6912899671875 0.7799607078124999 0.6879823593750001 0.789783890625 0.6841234843749999 0.7927308453124999 0.683572215625 0.7986247546875 0.6896361625 0.8133595281250001 0.6957001109375 0.8163064828125 0.6990077171875 0.8133595281250001 0.6951488421875001 0.7917485265625 0.7006615218750001 0.762278978125 0.6995589859375 0.749508840625 0.696251378125 0.7406679765625 0.6968026453125 0.7210216109375 0.6995589859375 0.712180746875 0.7072767359375 0.7023575640625 0.7078280046875001 0.686640471875 0.7012127890625 0.6709233796875 0.6990077171875 0.6571709234374999 0.696251378125 0.6552062875 0.6896361625 0.6561886046875001 0.6868798234375 0.673870334375 0.67364939375 0.685658153125 0.6791620734375 0.7406679765625 0.667585446875 0.7652259328125 0.6615215 0.770137525 0.6615215 0.775049115625
1 0.5600882031250001 0.51178781875 0.56560088125 0.50098231875 0.5716648296875 0.5 0.57442116875 0.5029469546875001 0.576626240625 0.5127701375 0.576626240625 0.5284872296875001 0.5815876515625 0.5284872296875001 0.58213891875 0.5039292734374999 0.581036384375 0.495088409375 0.5771775078125 0.48919449843749996 0.5755237046875 0.481335953125 0.576626240625 0.44891945 0.5738699 0.43418467656250004 0.5738699 0.42730844843750004 0.5777287765625 0.423379175 0.5777287765625 0.415520628125 0.5738699 0.4106090375 0.5711135609375 0.40176817343750004 0.5667034171875 0.40176817343750004 0.56174200625 0.41453831093750004 0.5589856671875 0.4567779953125 0.555678059375 0.4774066796875 0.5523704515625 0.482318271875 0.5490628453124999 0.495088409375 0.5485115765625 0.520628684375 0.551819184375 0.520628684375 0.5573318640625 0.51178781875 0.5600882031250001 0.51178781875