2 0.67171995625 0.6478389 0.6692392500000001 0.6444007859374999 0.66979051875 0.64145383125 0.67364939375 0.6385068765625 0.6747519296875 0.6434184671875001 0.6786108046875 0.6385068765625 0.6907386984375 0.6188605109374999 0.692392503125 0.609037328125 0.6885336265625 0.610019646875 0.6753031968750001 0.635559921875 0.6482910687500001 0.660117878125 0.6477398015625 0.66699410625 0.6493936046875 0.6689587421875001 0.6598676953125 0.6689587421875001 0.67171995625 0.6478389
2 0.6990077171875 0.531434184375 0.702315325 0.5284872296875001 0.7028665937499999 0.520628684375 0.6990077171875 0.520628684375 0.691841234375 0.5343811390625001 0.6879823593750001 0.55009823125 0.6951488421875001 0.55009823125 0.6951488421875001 0.5432220046875 0.6990077171875 0.531434184375
2 0.291620728125 0.800589390625 0.29603087031249997 0.7996070734375 0.29658213906249997 0.788801571875 0.3114663734375 0.75638506875 0.31201764062500004 0.750491159375 0.3087100328125 0.750491159375 0.295479603125 0.78192534375 0.2850055125 0.787819253125 0.28555678125 0.7956778 0.291620728125 0.800589390625
2 0.0898566703125 0.8654223968749999 0.089305403125 0.86051080625 0.0876515984375 0.8595284875000001 0.0755237046875 0.878192534375 0.06504961406250001 0.88605108125 0.06560088124999999 0.9007858546874999 0.070011025 0.9017681734374999 0.0826901875 0.8742632609375001 0.0898566703125 0.8654223968749999
2 0.3169790515625 0.4901768171875 0.3087100328125 0.5039292734374999 0.3070562296875 0.5108055015625 0.3142227125 0.505893909375 0.31863285625 0.49115913593749994 0.3169790515625 0.4901768171875
0 0.0777287765625 0.8801571703125 0.0749724359375 0.883104125 0.0738699 0.8889980359375 0.0788313125 0.8889980359375 0.081036384375 0.8821218078124999 0.0777287765625 0.8801571703125
1 0.32249173125 0.7426326125 0.32414553437500004 0.76915520625 0.32249173125 0.78192534375 0.31642778437499997 0.7917485265625 0.31642778437499997 0.7956778 0.32469680312500004 0.7976424359375 0.33020948125 0.79469548125 0.33076075 0.750491159375 0.33572216093749996 0.737721021875 0.34288864375 0.736738703125 0.34840132343749997 0.7416502953124999 0.3511576625 0.7455795671875001 0.35170893125 0.7534381140625 0.35556780625 0.7534381140625 0.35611907343750004 0.748526521875 0.352811465625 0.74459725 0.3472987875 0.723968565625 0.3472987875 0.698428290625 0.3379272328125 0.6689587421875001 0.332965821875 0.6581532421875 0.32469680312500004 0.647347740625 0.32414553437500004 0.63948919375 0.3213891953125 0.635559921875 0.3131201765625 0.6404715125 0.3125689078125 0.6552062875 0.319735390625 0.6699410609374999 0.32579933906249997 0.7023575640625 0.32249173125 0.7426326125
1 0.6990077171875 0.61394891875 0.6968026453125 0.6257367390625 0.69790518125 0.64243615 0.6951488421875001 0.647347740625 0.69404630625 0.6561886046875001 0.6990077171875 0.6561886046875001 0.7056229328125 0.646365421875 0.7072767359375 0.647347740625 0.7100330765625 0.6699410609374999 0.7072767359375 0.685658153125 0.708930540625 0.6905697453124999 0.7133406828125 0.6905697453124999 0.7160970234375 0.685658153125 0.7160970234375 0.6552062875 0.7138919515625 0.646365421875 0.7138919515625 0.635559921875 0.717199559375 0.622789784375 0.717199559375 0.5933202359374999 0.7078280046875001 0.571709234375 0.7050716640625 0.571709234375 0.6995589859375 0.56286836875 0.6968026453125 0.5530451859375 0.691841234375 0.55009823125 0.6885336265625 0.5550098234374999 0.6879823593750001 0.5658153234375 0.6951488421875001 0.5913555984375 0.6951488421875001 0.608055009375 0.6990077171875 0.61394891875
1 0.0876515984375 0.923379175 0.0876515984375 0.928290765625 0.09536934999999999 0.9312377203125 0.0964718859375 0.9263261296874999 0.1003307609375 0.8614931234375 0.1025358328125 0.8555992140625 0.10749724375 0.8555992140625 0.10859977968750001 0.8595284875000001 0.1163175296875 0.866404715625 0.12403528125 0.88408644375 0.13009922812500002 0.9106090375000001 0.133958103125 0.9135559921875 0.142227121875 0.9007858546874999 0.1433296578125 0.8899803531250001 0.1328555671875 0.8870333984375 0.1289966921875 0.8683693515625001 0.12127894218749999 0.851669940625 0.12072767343749999 0.8438113953125 0.117420065625 0.8379174859375 0.1163175296875 0.82023575625 0.122381478125 0.8133595281250001 0.12072767343749999 0.7848722984375 0.1157662625 0.7721021609375 0.10859977968750001 0.7681728875 0.10859977968750001 0.749508840625 0.106945975 0.7465618859375 0.099228225 0.7465618859375 0.09536934999999999 0.750491159375 0.0959206171875 0.770137525 0.08710033125 0.788801571875 0.08710033125 0.8418467578125 0.09095920625000001 0.8673870328125 0.09095920625000001 0.9184675828125 0.0876515984375 0.923379175
1 0.7056229328125 0.5383104125 0.712789415625 0.583497053125 0.717199559375 0.597249509375 0.7216097015625 0.60117878125 0.7205071671875001 0.5677799609374999 0.7183020953125 0.5618860515625 0.7183020953125 0.55206286875 0.7216097015625 0.5412573671875001 0.724917309375 0.5 0.7188533625 0.468565815625 0.7199558984375 0.45776031406250006 0.7183020953125 0.45284872343749993 0.7160970234375 0.44990176875000004 0.7100330765625 0.453831040625 0.7072767359375 0.4616895875 0.7083792718749999 0.4774066796875 0.704520396875 0.5127701375 0.70672546875 0.52455795625 0.7056229328125 0.5383104125
1 0.6124586546875 0.52652259375 0.6168687984375001 0.532416503125 0.6163175296875 0.55206286875 0.6240352812500001 0.5726915515625 0.6207276734375 0.584479371875 0.6312017640625001 0.584479371875 0.633958103125 0.5805500984374999 0.630099228125 0.5667976421875001 0.630650496875 0.5559921421875 0.6477398015625 0.56286836875 0.651047409375 0.571709234375 0.6543550171875 0.571709234375 0.6543550171875 0.5530451859375 0.6460859984375 0.5530451859375 0.638368246875 0.5471512765625001 0.636163175 0.51375245625 0.630099228125 0.492141453125 0.621830209375 0.482318271875 0.6146637265625 0.482318271875 0.6130099234374999 0.48624754374999996 0.6130099234374999 0.5108055015625 0.6074972437499999 0.5284872296875001 0.6108048515625 0.5294695484374999 0.6124586546875 0.52652259375
1 0.8616317531250001 0.507858546875 0.8632855562499999 0.51178781875 0.8665931640625001 0.51178781875 0.8687982359375 0.507858546875 0.869349503125 0.5 0.8726571109375 0.495088409375 0.8754134515625 0.5029469546875001 0.8792723265625 0.5 0.8792723265625 0.4901768171875 0.8776185218749999 0.48330058906250006 0.8748621828124999 0.480353634375 0.8737596468750001 0.47053045156250006 0.8787210578125 0.4567779953125 0.8853362734375001 0.4518664046875 0.886438809375 0.443025540625 0.882579934375 0.429273084375 0.8814773984375 0.41159135625000004 0.8748621828124999 0.4007858546875 0.8726571109375 0.38605108125 0.8687982359375 0.3850687625 0.8660418968749999 0.389980353125 0.8621830203125 0.415520628125 0.8605292171875 0.4646365421875 0.8649393609375 0.474459725 0.8649393609375 0.49901768124999996 0.8616317531250001 0.507858546875
1 0.5793825796875 0.5805500984374999 0.5749724359374999 0.6070726921875 0.5738699 0.6306483296875001 0.5694597578125 0.6434184671875001 0.570011025 0.647347740625 0.5738699 0.647347740625 0.576626240625 0.6434184671875001 0.57828004375 0.6316306484374999 0.581036384375 0.6257367390625 0.5876515984374999 0.62671905625 0.5898566703125 0.622789784375 0.592613009375 0.5982318265625 0.5997794921875 0.5726915515625 0.5997794921875 0.532416503125 0.59481808125 0.5225933203124999 0.59095920625 0.5039292734374999 0.5859977953125 0.504911590625 0.5694597578125 0.5550098234374999 0.5689084890625 0.56286836875 0.5755237046875 0.5599214140625 0.5793825796875 0.5677799609374999 0.5793825796875 0.5805500984374999
1 0.551267915625 0.44891945 0.551819184375 0.492141453125 0.5600882031250001 0.5039292734374999 0.5573318640625 0.5157170921875001 0.5667034171875 0.5166994109374999 0.5689084890625 0.51375245625 0.5689084890625 0.506876228125 0.5733186328125 0.5 0.572216096875 0.48330058906250006 0.56560088125 0.4646365421875 0.5678059531249999 0.428290765625 0.564498346875 0.41944990156250006 0.5534729875 0.41257367343749995 0.5507166484375 0.4007858546875 0.5457552375 0.40176817343750004 0.5446527015625 0.40667976406250006 0.5457552375 0.430255403125 0.5441014328125 0.4390962671875 0.5468577734375 0.44007858593750004 0.551267915625 0.44891945
1 0.6146637265625 0.48330058906250006 0.6212789421875 0.48330058906250006 0.630099228125 0.4901768171875 0.630099228125 0.4587426328125 0.6168687984375001 0.43222003906250006 0.6163175296875 0.4263261296875 0.6119073875 0.423379175 0.6080485109375 0.429273084375 0.6085997796875 0.46561886093749993 0.6052921718750001 0.482318271875 0.6124586546875 0.48821218125000004 0.6146637265625 0.48330058906250006
1 0.3169790515625 0.49803536406250004 0.32579933906249997 0.50098231875 0.3274531421875 0.5088408640625001 0.32579933906249997 0.532416503125 0.31863285625 0.5559921421875 0.31863285625 0.5618860515625 0.3208379265625 0.5658153234375 0.32414553437500004 0.5658153234375 0.3274531421875 0.546168959375 0.3340683578125 0.546168959375 0.3373759640625 0.53732809375 0.3384785 0.5098231828124999 0.3434399125 0.5 0.344542446875 0.48330058906250006 0.3511576625 0.47347740624999995 0.33902976875 0.45088408593749996 0.3384785 0.4440078578125 0.33572216093749996 0.44007858593750004 0.33076075 0.441060903125 0.3291069453125 0.45088408593749996 0.3230429984375 0.4616895875 0.3169790515625 0.48330058906250006 0.3169790515625 0.493123771875 0.319735390625 0.495088409375 0.3169790515625 0.49803536406250004