2 0.6881601875000001 0.6276063125 0.69018743125 0.6247544203125 0.691841234375 0.6316306484374999 0.6995589859375 0.620825146875 0.7012127890625 0.6129666015625 0.700110253125 0.6070726921875 0.6881601875000001 0.6276063125
2 0.659316428125 0.6650294703124999 0.6604189640625 0.671905696875 0.6692392500000001 0.671905696875 0.6879823593750001 0.6385068765625 0.6834343984375 0.6358055015625 0.6846747515625 0.633595284375 0.6692392500000001 0.660117878125 0.659316428125 0.6650294703124999
2 0.5815876515625 0.5402750484375 0.57828004375 0.5432220046875 0.5777287765625 0.5530451859375 0.5738699 0.5599214140625 0.5727673656250001 0.570726915625 0.5771775078125 0.570726915625 0.5837927234375 0.5471512765625001 0.5815876515625 0.5402750484375
2 0.704520396875 0.531434184375 0.708930540625 0.520628684375 0.7039691296874999 0.5216110015625001 0.6957001109375 0.5422396859374999 0.6951488421875001 0.5491159140625 0.6990077171875 0.5491159140625 0.7034178609375 0.5402750484375 0.704520396875 0.531434184375
2 0.0826901875 0.88408644375 0.0859977953125 0.8703339874999999 0.09206174218749999 0.8595284875000001 0.09151047343749999 0.8565815328124999 0.0865490625 0.86051080625 0.0788313125 0.8752455796874999 0.0738699 0.8791748531250001 0.072767365625 0.8899803531250001 0.0738699 0.8939096265625001 0.076626240625 0.8939096265625001 0.0826901875 0.88408644375
2 0.29603087031249997 0.787819253125 0.3004410140625 0.7829076625 0.30374862187499996 0.7730844796875 0.3004410140625 0.7681728875 0.3042998890625 0.761296659375 0.3070562296875 0.7662082515625 0.31367144375 0.74459725 0.3125689078125 0.7426326125 0.3087100328125 0.7475442046875 0.297684675 0.7730844796875 0.291069459375 0.7799607078124999 0.29217199531250004 0.7868369359375 0.29603087031249997 0.787819253125
1 0.8665931640625001 0.507858546875 0.869349503125 0.5108055015625 0.8726571109375 0.506876228125 0.8765159875 0.495088409375 0.8748621828124999 0.469548134375 0.8781697906250001 0.45776031406250006 0.882579934375 0.45284872343749993 0.8831312015625 0.417485265625 0.8814773984375 0.40667976406250006 0.8770672546875 0.39882121875 0.8732083796874999 0.3821218078125 0.8676957 0.38605108125 0.8649393609375 0.403732809375 0.8605292171875 0.46365422343749996 0.8687982359375 0.4872298625 0.8687982359375 0.49803536406250004 0.8665931640625001 0.507858546875
1 0.609151046875 0.47347740624999995 0.6119073875 0.47838899843749993 0.6240352812500001 0.48330058906250006 0.62789415625 0.48919449843749996 0.6328555671875 0.50098231875 0.6356119078125 0.519646365625 0.6372657109375 0.5216110015625001 0.6394707828125 0.51178781875 0.6389195156249999 0.504911590625 0.634509371875 0.48919449843749996 0.6334068359375 0.468565815625 0.630099228125 0.45284872343749993 0.6201764062499999 0.43222003906250006 0.6168687984375001 0.4204322203125 0.609702315625 0.423379175 0.6085997796875 0.4312377203125 0.6119073875 0.441060903125 0.6119073875 0.453831040625 0.609151046875 0.47347740624999995
1 0.32579933906249997 0.6915520625 0.32579933906249997 0.7573673875 0.33020948125 0.775049115625 0.32249173125 0.7907662078125 0.33461962500000003 0.7917485265625 0.3384785 0.7848722984375 0.33461962500000003 0.7711198421875001 0.3340683578125 0.7426326125 0.33572216093749996 0.736738703125 0.33902976875 0.735756384375 0.3434399125 0.7426326125 0.3472987875 0.7544204328124999 0.34840132343749997 0.7652259328125 0.3522601984375 0.761296659375 0.35170893125 0.7455795671875001 0.344542446875 0.7220039296875 0.3472987875 0.7072691546875001 0.34674751875 0.6944990171875001 0.3340683578125 0.65324165 0.32579933906249997 0.6434184671875001 0.32469680312500004 0.6316306484374999 0.3175303203125 0.6306483296875001 0.3147739796875 0.633595284375 0.31367144375 0.648330059375 0.320286659375 0.6620825140625 0.3219404625 0.6817288796875001 0.32579933906249997 0.6915520625
1 0.7028665937499999 0.608055009375 0.700110253125 0.6149312375 0.702315325 0.6365422390625 0.702315325 0.660117878125 0.7072767359375 0.659135559375 0.7094818078125 0.65225933125 0.7111356125 0.65422396875 0.7133406828125 0.6620825140625 0.7122381484375 0.685658153125 0.717199559375 0.686640471875 0.7205071671875001 0.6817288796875001 0.7177508265625 0.63948919375 0.7227122375 0.6178781921875001 0.7216097015625 0.58840864375 0.716648290625 0.576620825 0.7072767359375 0.5658153234375 0.7034178609375 0.55108055 0.6951488421875001 0.55108055 0.6951488421875001 0.5677799609374999 0.6990077171875 0.576620825 0.7034178609375 0.5982318265625 0.7028665937499999 0.608055009375
1 0.584895259375 0.5933202359374999 0.5793825796875 0.6149312375 0.5771775078125 0.634577603125 0.5738699 0.6434184671875001 0.5749724359374999 0.65225933125 0.57828004375 0.65225933125 0.5804851156249999 0.647347740625 0.5832414546875 0.62868369375 0.5876515984374999 0.6188605109374999 0.59095920625 0.622789784375 0.59536935 0.6178781921875001 0.5997794921875 0.595284871875 0.606945975 0.5785854609375 0.606945975 0.5432220046875 0.6052921718750001 0.5343811390625001 0.5997794921875 0.5294695484374999 0.5986769562500001 0.507858546875 0.59536935 0.50098231875 0.59095920625 0.507858546875 0.58710033125 0.52455795625 0.5815876515625 0.5343811390625001 0.5777287765625 0.5363457765625 0.5793825796875 0.546168959375 0.576626240625 0.5599214140625 0.5777287765625 0.5638506875 0.5854465265625 0.5491159140625 0.5876515984374999 0.56286836875 0.584895259375 0.5933202359374999
1 0.10308710000000001 0.923379175 0.10529217187499999 0.9194499015625001 0.106945975 0.8899803531250001 0.10529217187499999 0.8555992140625 0.10749724375 0.852652259375 0.11521499375 0.8565815328124999 0.11962513749999999 0.8654223968749999 0.12127894218749999 0.9184675828125 0.128445425 0.9194499015625001 0.133958103125 0.9145383109375 0.136163175 0.9066797640625 0.133958103125 0.9017681734374999 0.13009922812500002 0.9017681734374999 0.1273428890625 0.8929273078125 0.12568908437499998 0.8546168953125 0.12072767343749999 0.8339882125000001 0.1168687984375 0.8280943031250001 0.117420065625 0.8182711203125 0.12017640624999999 0.8172888015625001 0.12127894218749999 0.8133595281250001 0.12072767343749999 0.7799607078124999 0.1157662625 0.7671905703124999 0.10970231562499999 0.762278978125 0.10970231562499999 0.7455795671875001 0.099228225 0.7465618859375 0.09867695625 0.7671905703124999 0.0898566703125 0.7838899796875001 0.0882028671875 0.800589390625 0.0882028671875 0.8379174859375 0.09867695625 0.872298625 0.09867695625 0.92239685625 0.10308710000000001 0.923379175
1 0.6168687984375001 0.533398821875 0.6185226015625 0.5559921421875 0.626240353125 0.5638506875 0.6273428890625 0.5746561890625 0.625689084375 0.5815324171875 0.6328555671875 0.583497053125 0.6389195156249999 0.576620825 0.6356119078125 0.5658153234375 0.64002205 0.5599214140625 0.642778390625 0.5677799609374999 0.6449834625 0.5677799609374999 0.646637265625 0.5658153234375 0.646637265625 0.5559921421875 0.6444321937499999 0.55009823125 0.6372657109375 0.5530451859375 0.633958103125 0.55009823125 0.636163175 0.5157170921875001 0.633958103125 0.5039292734374999 0.6295479609375 0.494106090625 0.621830209375 0.482318271875 0.613561190625 0.481335953125 0.6085997796875 0.4774066796875 0.6074972437499999 0.482318271875 0.6102535828125 0.4901768171875 0.6102535828125 0.5157170921875001 0.6168687984375001 0.533398821875
1 0.551267915625 0.44793713124999995 0.551267915625 0.45776031406250006 0.5463065046875 0.474459725 0.5474090406250001 0.482318271875 0.5573318640625 0.5 0.5573318640625 0.51178781875 0.5716648296875 0.51178781875 0.5727673656250001 0.5039292734374999 0.5667034171875 0.49803536406250004 0.5606394703124999 0.469548134375 0.5650496140625 0.4440078578125 0.56560088125 0.42436149375000004 0.5534729875 0.4076620828125 0.5501653796875 0.3948919453125 0.5441014328125 0.40176817343750004 0.542998896875 0.4312377203125 0.5446527015625 0.4361493125 0.547960309375 0.43811394843749996 0.551267915625 0.44793713124999995
1 0.33020948125 0.525540275 0.3274531421875 0.545186640625 0.3230429984375 0.5599214140625 0.32414553437500004 0.5677799609374999 0.328555678125 0.5677799609374999 0.33020948125 0.55206286875 0.3423373765625 0.52455795625 0.3472987875 0.48919449843749996 0.3522601984375 0.474459725 0.3506063953125 0.46267190625000004 0.344542446875 0.453831040625 0.3417861078125 0.441060903125 0.336273428125 0.441060903125 0.332965821875 0.4518664046875 0.32635060625 0.4616895875 0.3208379265625 0.48624754374999996 0.320286659375 0.494106090625 0.328004409375 0.49901768124999996 0.33020948125 0.5088408640625001 0.33020948125 0.525540275
1 0.717199559375 0.5795677796875001 0.7205071671875001 0.5854616890625 0.7221609703125 0.596267190625 0.724917309375 0.597249509375 0.7265711140625 0.5943025546875 0.7265711140625 0.5874263265625 0.7243660421875 0.5432220046875 0.7276736500000001 0.52455795625 0.7298787203125 0.492141453125 0.721058434375 0.44891945 0.716648290625 0.44990176875000004 0.7122381484375 0.45776031406250006 0.712789415625 0.481335953125 0.7100330765625 0.5 0.7116868796875 0.544204321875 0.717199559375 0.5795677796875001