2 0.721058434375 0.6512770140625 0.72326350625 0.634577603125 0.7188533625 0.6365422390625 0.7144432187499999 0.6552062875 0.7116868796875 0.660117878125 0.7039691296874999 0.6640471515625 0.704520396875 0.671905696875 0.712789415625 0.671905696875 0.7144432187499999 0.6620825140625 0.721058434375 0.6512770140625
2 0.081036384375 0.87328094375 0.08213891875 0.8939096265625001 0.0882028671875 0.9312377203125 0.09151047343749999 0.92436149375 0.09040793750000001 0.91159135625 0.07828004375 0.8339882125000001 0.07828004375 0.826129665625 0.0865490625 0.8035363453125001 0.0859977953125 0.7976424359375 0.0815876515625 0.7956778 0.0738699 0.8094302546875 0.072767365625 0.8241650296874999 0.0777287765625 0.851669940625 0.0777287765625 0.8614931234375 0.081036384375 0.87328094375
2 0.49503858906250003 0.584479371875 0.49834619687500004 0.5795677796875001 0.5071664828125 0.557956778125 0.50826901875 0.546168959375 0.50441014375 0.5491159140625 0.4988974640625 0.5658153234375 0.489525909375 0.576620825 0.49117971406249994 0.584479371875 0.49503858906250003 0.584479371875
2 0.5303197359375 0.7711198421875001 0.5358324140625 0.7789783890625 0.542998896875 0.7711198421875001 0.5468577734375 0.762278978125 0.5490628453124999 0.74459725 0.5562293281249999 0.7200392921875001 0.5529217203125001 0.719056975 0.5534729875 0.7269155203125 0.5501653796875 0.723968565625 0.5380374859375 0.7662082515625 0.535281146875 0.76915520625 0.5303197359375 0.7671905703124999 0.5303197359375 0.7711198421875001
2 0.1951488421875 0.504911590625 0.1951488421875 0.5127701375 0.20672546875000003 0.530451865625 0.208379271875 0.5412573671875001 0.212789415625 0.5412573671875001 0.21334068281250002 0.5343811390625001 0.21058434374999999 0.5275049109375 0.18798235937500002 0.4901768171875 0.1830209484375 0.48821218125000004 0.1830209484375 0.494106090625 0.18798235937500002 0.5029469546875001 0.191841234375 0.507858546875 0.1951488421875 0.504911590625
2 0.737596471875 0.5933202359374999 0.7331863281250001 0.5982318265625 0.7298787203125 0.610019646875 0.7265711140625 0.6149312375 0.7260198453125 0.6296660125 0.729327453125 0.6257367390625 0.737596471875 0.60117878125 0.737596471875 0.5933202359374999
0 0.208379271875 0.530451865625 0.208379271875 0.5402750484375 0.212789415625 0.5422396859374999 0.212789415625 0.530451865625 0.208379271875 0.530451865625
1 0.6003307609374999 0.6434184671875001 0.5986769562500001 0.65225933125 0.6025358328125 0.648330059375 0.6025358328125 0.6434184671875001 0.6003307609374999 0.6434184671875001
1 0.622381478125 0.6640471515625 0.617420065625 0.6699410609374999 0.6157662625 0.6758349703125 0.6201764062499999 0.6777996078124999 0.622381478125 0.672888015625 0.626240353125 0.672888015625 0.630650496875 0.6827111984374999 0.625689084375 0.7200392921875001 0.6389195156249999 0.7544204328124999 0.638368246875 0.762278978125 0.634509371875 0.770137525 0.6477398015625 0.7711198421875001 0.6504961406249999 0.762278978125 0.6438809265625001 0.7475442046875 0.642227121875 0.7396856578125 0.6433296578125 0.7328094296875001 0.665380375 0.7328094296875001 0.6714443218749999 0.736738703125 0.671995590625 0.7288801578124999 0.6681367140625001 0.7170923375 0.6604189640625 0.7200392921875001 0.6488423375 0.719056975 0.6493936046875 0.6895874265625 0.638368246875 0.6434184671875001 0.6328555671875 0.6365422390625 0.6289966921875 0.635559921875 0.621830209375 0.6178781921875001 0.617420065625 0.6178781921875001 0.614112459375 0.622789784375 0.614112459375 0.634577603125 0.6201764062499999 0.6444007859374999 0.622381478125 0.65324165 0.622381478125 0.6640471515625
1 0.41675854531249995 0.7779960703125 0.41345093750000006 0.789783890625 0.41289966875 0.7996070734375 0.4101433296875 0.8045186640624999 0.41124586562500004 0.8123772109375 0.4140022046875 0.8123772109375 0.41675854531249995 0.80746561875 0.42392502812500005 0.7829076625 0.427232634375 0.7426326125 0.43164277812499996 0.737721021875 0.44211686875 0.749508840625 0.45479603125 0.749508840625 0.45755237031249996 0.7534381140625 0.460308709375 0.7534381140625 0.46085997812499996 0.750491159375 0.460308709375 0.736738703125 0.45644983437500003 0.729862475 0.45038588749999997 0.736738703125 0.4476295484375 0.736738703125 0.443770671875 0.7269155203125 0.44211686875 0.6748526515625 0.43880926093749995 0.6650294703124999 0.429988975 0.65225933125 0.42833517031249996 0.6385068765625 0.42557883125 0.633595284375 0.42171995625 0.633595284375 0.4184123484375 0.6375245578125 0.4184123484375 0.672888015625 0.4140022046875 0.6807465625 0.4200661515625 0.6905697453124999 0.42171995625 0.7082514734375 0.4173098125 0.7455795671875001 0.41675854531249995 0.7779960703125
1 0 0.923379175 0.008269018749999999 0.93713163125 0.008269018749999999 0.96070726875 0.00441014375 0.9783889984374999 0.003858875 0.9911591359375 0.003858875 0.994106090625 0.0077177515625 0.9960707265625001 0.008269018749999999 0.99901768125 0.035281146875 0.99901768125 0.03748621875 0.9833005890625 0.0418963609375 0.968565815625 0.0418963609375 0.94990176875 0.0441014328125 0.93516699375 0.0490628453125 0.928290765625 0.05788313125 0.9361493125000001 0.063947078125 0.93516699375 0.052370451562499996 0.9076620828124999 0.0468577734375 0.89882121875 0.03748621875 0.891944990625 0.0380374859375 0.8693516703125 0.034729878125 0.8634577609375 0.02866593125 0.8634577609375 0.022601984375000002 0.8703339874999999 0.02094818125 0.8762278984374999 0.0214994484375 0.8909626718749999 0.0198456453125 0.8958742624999999 0.0066152156249999995 0.902750490625 0 0.90962671875 0 0.923379175
1 0.733737596875 0.6777996078124999 0.733737596875 0.6817288796875001 0.737596471875 0.685658153125 0.7442116875 0.685658153125 0.745865490625 0.6886051078125 0.7431091515625 0.6944990171875001 0.74366041875 0.698428290625 0.7508269015625 0.699410609375 0.7574421171875 0.6905697453124999 0.750275634375 0.647347740625 0.7546857765625 0.60117878125 0.7519294375000001 0.571709234375 0.74751929375 0.556974459375 0.7469680265624999 0.5343811390625001 0.7442116875 0.5294695484374999 0.7386990078125 0.5294695484374999 0.73594266875 0.5383104125 0.737596471875 0.5785854609375 0.7348401328125 0.584479371875 0.737596471875 0.6021611 0.7403528109375 0.6561886046875001 0.7386990078125 0.667976425 0.733737596875 0.6777996078124999
1 0.5573318640625 0.6935167 0.559536934375 0.7033398828124999 0.5529217203125001 0.719056975 0.5545755234375 0.7170923375 0.555678059375 0.7200392921875001 0.5529217203125001 0.723968565625 0.559536934375 0.7278978390625 0.5562293281249999 0.7455795671875001 0.5551267921874999 0.7662082515625 0.5606394703124999 0.775049115625 0.5611907390625 0.78192534375 0.5562293281249999 0.789783890625 0.5606394703124999 0.7956778 0.5667034171875 0.7976424359375 0.5678059531249999 0.7996070734375 0.5650496140625 0.8055009828124999 0.5650496140625 0.8123772109375 0.57056229375 0.8133595281250001 0.576626240625 0.80746561875 0.5788313125 0.800589390625 0.5777287765625 0.7917485265625 0.5711135609375 0.774066796875 0.5694597578125 0.7583497046875001 0.57056229375 0.7475442046875 0.5788313125 0.7269155203125 0.5777287765625 0.6777996078124999 0.5755237046875 0.6699410609374999 0.5667034171875 0.6581532421875 0.563947078125 0.6444007859374999 0.5562293281249999 0.6444007859374999 0.5534729875 0.6493123765625 0.555678059375 0.6640471515625 0.559536934375 0.6699410609374999 0.5573318640625 0.67976424375 0.5573318640625 0.6935167
1 0.1659316421875 0.5098231828124999 0.163175303125 0.5363457765625 0.16482910625 0.5412573671875001 0.1725468578125 0.5412573671875001 0.175303196875 0.5294695484374999 0.18191841250000002 0.5284872296875001 0.18191841250000002 0.52455795625 0.1764057328125 0.5147347734375 0.179713340625 0.495088409375 0.18798235937500002 0.4872298625 0.1868798234375 0.45776031406250006 0.18963616249999998 0.43222003906250006 0.1885336265625 0.42436149375000004 0.1852260203125 0.4204322203125 0.1808158765625 0.423379175 0.17750826875 0.43516699374999995 0.1708930546875 0.441060903125 0.1642778390625 0.45776031406250006 0.163726571875 0.4774066796875 0.1681367140625 0.495088409375 0.1681367140625 0.5029469546875001 0.1659316421875 0.5098231828124999
1 0.09536934999999999 0.9263261296874999 0.0882028671875 0.9273084484374999 0.08710033125 0.93516699375 0.080485115625 0.9440078578125 0.080485115625 0.94891945 0.0876515984375 0.9440078578125 0.09151047343749999 0.9361493125000001 0.101433296875 0.9302554031250001 0.1041896359375 0.9312377203125 0.105843440625 0.9361493125000001 0.105843440625 0.94793713125 0.1025358328125 0.969548134375 0.1025358328125 0.9901768171875001 0.1003307609375 0.994106090625 0.101433296875 0.99901768125 0.1130099234375 0.99901768125 0.1163175296875 0.995088409375 0.12072767343749999 0.995088409375 0.122381478125 0.99901768125 0.133958103125 0.99901768125 0.134509371875 0.92436149375 0.1295479609375 0.8939096265625001 0.114112459375 0.8762278984374999 0.1124586546875 0.86051080625 0.100882028125 0.8595284875000001 0.097023153125 0.8654223968749999 0.0964718859375 0.8703339874999999 0.0997794921875 0.8811394890625 0.099228225 0.9184675828125 0.09536934999999999 0.9263261296874999
1 0.5154355015625 0.507858546875 0.5176405734375 0.5166994109374999 0.5170893046875 0.557956778125 0.5220507171875 0.5913555984375 0.5214994484375 0.6001964640625 0.5176405734375 0.6070726921875 0.5176405734375 0.61394891875 0.5253583234375 0.6129666015625 0.5303197359375 0.6060903734374999 0.5292171999999999 0.5559921421875 0.5341786109375 0.52652259375 0.533076075 0.48330058906250006 0.5303197359375 0.47544204375000004 0.5259095921875 0.47347740624999995 0.5214994484375 0.46561886093749993 0.5154355015625 0.46561886093749993 0.518191840625 0.48821218125000004 0.5176405734375 0.5039292734374999 0.5154355015625 0.507858546875