2 0.5650496140625 0.5864440078125 0.562293275 0.5815324171875 0.5567805953125 0.5815324171875 0.5562293281249999 0.584479371875 0.559536934375 0.5923379171875001 0.5650496140625 0.5923379171875001 0.5650496140625 0.5864440078125
2 0.8357221609375 0.6051080546875001 0.8357221609375 0.610019646875 0.8434399125 0.616895875 0.8522601984374999 0.61394891875 0.865490628125 0.596267190625 0.865490628125 0.5893909625 0.8643880921875 0.5923379171875001 0.857221609375 0.5943025546875 0.8478500546875001 0.6051080546875001 0.8357221609375 0.6051080546875001
2 0.87982359375 0.6689587421875001 0.8788496875 0.6776358874999999 0.886438809375 0.667976425 0.886438809375 0.6650294703124999 0.882579934375 0.6650294703124999 0.87982359375 0.6689587421875001
2 0.8517089312499999 0.7033398828124999 0.8638368249999999 0.7023575640625 0.8665931640625001 0.6944990171875001 0.869349503125 0.6935167 0.8748621828124999 0.6827111984374999 0.8782670734375 0.678377440625 0.8754134515625 0.6758349703125 0.874310915625 0.6836935171875 0.869900771875 0.6827111984374999 0.8621830203125 0.6944990171875001 0.8484013234375001 0.6944990171875001 0.8484013234375001 0.697445971875 0.8517089312499999 0.7033398828124999
2 0.5777287765625 0.5638506875 0.5738699 0.5638506875 0.570011025 0.569744596875 0.5694597578125 0.576620825 0.57442116875 0.57563850625 0.5771775078125 0.570726915625 0.5777287765625 0.5638506875
2 0.27232635 0.620825146875 0.27177508281249996 0.6129666015625 0.2651598671875 0.6129666015625 0.26405733124999997 0.610019646875 0.257993384375 0.608055009375 0.257993384375 0.6129666015625 0.2651598671875 0.622789784375 0.26901874375 0.6237721015625 0.27232635 0.620825146875
1 0.8787210578125 0.5677799609374999 0.8765159875 0.5795677796875001 0.882579934375 0.576620825 0.8836824703125 0.5785854609375 0.8836824703125 0.5943025546875 0.886438809375 0.6051080546875001 0.8936052921875 0.6129666015625 0.8952590953125 0.610019646875 0.8952590953125 0.5943025546875 0.9035281140625001 0.582514734375 0.9068357218750001 0.5746561890625 0.907386990625 0.5667976421875001 0.9040793828125 0.546168959375 0.8914002203125 0.5147347734375 0.890848953125 0.507858546875 0.886438809375 0.5029469546875001 0.8814773984375 0.5039292734374999 0.87982359375 0.507858546875 0.87982359375 0.520628684375 0.8853362734375001 0.532416503125 0.885887540625 0.5540275046875001 0.8787210578125 0.5677799609374999
1 0.5733186328125 0.57563850625 0.584895259375 0.5667976421875001 0.5865490624999999 0.5726915515625 0.5876515984374999 0.6129666015625 0.5981256890625 0.622789784375 0.600882028125 0.6326129671875 0.6030871 0.633595284375 0.6052921718750001 0.6296660125 0.605843440625 0.6149312375 0.6003307609374999 0.6041257375 0.5981256890625 0.58840864375 0.5981256890625 0.5795677796875001 0.601433296875 0.56286836875 0.599228225 0.533398821875 0.5904079375 0.520628684375 0.5837927234375 0.5166994109374999 0.581036384375 0.5039292734374999 0.5777287765625 0.50098231875 0.5727673656250001 0.5039292734374999 0.5777287765625 0.5540275046875001 0.570011025 0.570726915625 0.570011025 0.5746561890625 0.5733186328125 0.57563850625
1 0.8875413453125001 0.648330059375 0.8875413453125001 0.6512770140625 0.8809261296875001 0.661100196875 0.882579934375 0.6650294703124999 0.890848953125 0.6620825140625 0.8936052921875 0.667976425 0.886438809375 0.684675834375 0.886438809375 0.6905697453124999 0.890297684375 0.699410609375 0.8919514890625001 0.711198428125 0.898566703125 0.7210216109375 0.8958103640624999 0.736738703125 0.8996692390625001 0.7406679765625 0.9040793828125 0.7396856578125 0.9079382578124999 0.735756384375 0.911245865625 0.723968565625 0.90463065 0.7003929265625 0.9035281140625001 0.686640471875 0.9123484015625 0.672888015625 0.9145534734374999 0.65324165 0.902425578125 0.622789784375 0.8941565593749999 0.6110019640625 0.8886438812499999 0.609037328125 0.885887540625 0.597249509375 0.8748621828124999 0.5982318265625 0.8748621828124999 0.609037328125 0.8820286656249999 0.6188605109374999 0.882579934375 0.633595284375 0.8875413453125001 0.648330059375
1 0.2205071671875 0.686640471875 0.22216097031249998 0.684675834375 0.22326350625 0.672888015625 0.23042998906249998 0.6768172890625 0.23098125625 0.6660117875 0.2342888640625 0.65324165 0.24145534687499998 0.63948919375 0.23980154374999998 0.5933202359374999 0.24145534687499998 0.5893909625 0.2453142234375 0.5893909625 0.2464167578125 0.584479371875 0.24200661562499998 0.5559921421875 0.2353914 0.546168959375 0.2342888640625 0.532416503125 0.22657111406250002 0.533398821875 0.22601984531250002 0.5471512765625001 0.21830209531250003 0.56286836875 0.21664829062500002 0.571709234375 0.21885336249999998 0.6110019640625 0.2227122375 0.635559921875 0.2155457546875 0.685658153125 0.2205071671875 0.686640471875
1 0.51212789375 0.8555992140625 0.5137816984375 0.85854616875 0.5137816984375 0.877210215625 0.5226019843749999 0.8762278984374999 0.5253583234375 0.872298625 0.523153253125 0.86051080625 0.5297684671875 0.84675835 0.5336273421875 0.83300589375 0.535281146875 0.8104125734375 0.539140021875 0.7996070734375 0.5435501656249999 0.8035363453125001 0.5474090406250001 0.7917485265625 0.5490628453124999 0.7583497046875001 0.5441014328125 0.7416502953124999 0.5463065046875 0.722986246875 0.5435501656249999 0.7170923375 0.539140021875 0.7161100203124999 0.5347298781250001 0.7210216109375 0.5341786109375 0.7328094296875001 0.5253583234375 0.7426326125 0.5170893046875 0.7721021609375 0.514332965625 0.7917485265625 0.514332965625 0.8055009828124999 0.5198456453125 0.8222003921875001 0.518743109375 0.8379174859375 0.5165380374999999 0.8428290765625001 0.50441014375 0.84774066875 0.5 0.8555992140625 0.49834619687500004 0.8644400781250001 0.5005512671875 0.8683693515625001 0.5071664828125 0.8565815328124999 0.51212789375 0.8555992140625
1 0.651047409375 0.92436149375 0.6527012125 0.9302554031250001 0.6521499453125 0.9528487234374999 0.6493936046875 0.9616895875000001 0.6504961406249999 0.9656188609375 0.6565600875000001 0.97347740625 0.658765159375 0.9705304515625001 0.658765159375 0.9656188609375 0.667585446875 0.9656188609375 0.6703417859374999 0.9823182718749999 0.67364939375 0.9911591359375 0.675854465625 0.9901768171875001 0.67750826875 0.9872298625000001 0.6764057328125 0.9656188609375 0.6786108046875 0.9508840859375001 0.6824696796875 0.9410609031250001 0.683572215625 0.9155206281250001 0.6808158765625001 0.9066797640625 0.6753031968750001 0.9047151281250001 0.665380375 0.8929273078125 0.671995590625 0.8801571703125 0.671995590625 0.87131630625 0.6686879828125 0.84774066875 0.65711135625 0.8300589390625 0.6565600875000001 0.8045186640624999 0.6504961406249999 0.801571709375 0.6444321937499999 0.8055009828124999 0.6444321937499999 0.8192534374999999 0.646637265625 0.8290766203125 0.634509371875 0.84675835 0.633958103125 0.872298625 0.64002205 0.90962671875 0.6438809265625001 0.9194499015625001 0.651047409375 0.92436149375
1 0.3687982359375 0.5157170921875001 0.371554575 0.517681728125 0.3710033078125 0.525540275 0.374310915625 0.532416503125 0.3787210578125 0.532416503125 0.378169790625 0.5225933203124999 0.38478500625 0.5166994109374999 0.390297684375 0.5039292734374999 0.390848953125 0.4872298625 0.3980154359375 0.455795678125 0.3969129 0.44499017656250006 0.390297684375 0.4361493125 0.3831312015625 0.4361493125 0.3792723265625 0.44499017656250006 0.3748621828125 0.49115913593749994 0.3726571109375 0.495088409375 0.3588754140625 0.49803536406250004 0.3566703421875 0.50098231875 0.35611907343750004 0.507858546875 0.35611907343750004 0.525540275 0.35942668125 0.52652259375 0.36383682500000003 0.5166994109374999 0.3687982359375 0.5157170921875001
1 0.7657111359375001 0.67976424375 0.768467475 0.686640471875 0.768467475 0.7033398828124999 0.7723263499999999 0.7033398828124999 0.775082690625 0.697445971875 0.7794928328124999 0.7033398828124999 0.7811466375 0.710216109375 0.7866593171875 0.711198428125 0.7877618515625 0.6316306484374999 0.7905181921875 0.6178781921875001 0.791069459375 0.60117878125 0.78941565625 0.5933202359374999 0.782800440625 0.5815324171875 0.7822491734375 0.5677799609374999 0.78059536875 0.5638506875 0.7723263499999999 0.5638506875 0.770672546875 0.5687622796875 0.770672546875 0.5815324171875 0.7651598671875 0.597249509375 0.766262403125 0.635559921875 0.7646086000000001 0.6453831046875 0.7646086000000001 0.6689587421875001 0.7657111359375001 0.67976424375
0 0.38139415625 0.55025245625 0.38281973593749996 0.5514076625000001 0.38320893125 0.5488664046875 0.382041896875 0.5458634578125 0.3803566703125 0.54540176875 0.3794492828125 0.546556975 0.3799680265625 0.548404715625 0.38139415625 0.55025245625