2 0.4834619625 0.6257367390625 0.49117971406249994 0.61394891875 0.4886990078125 0.60854616875 0.49117971406249994 0.6041257375 0.49503858906250003 0.608055009375 0.502205071875 0.597249509375 0.5049614109375 0.5913555984375 0.50441014375 0.584479371875 0.47850055156250004 0.622789784375 0.4779492828125 0.6296660125 0.48070562343749995 0.6306483296875001 0.48070562343749995 0.621807465625 0.4834619625 0.6257367390625
2 0.190922271875 0.8634577609375 0.18357221562499998 0.8644400781250001 0.18136714375000001 0.8762278984374999 0.165380375 0.8909626718749999 0.16207276718750002 0.8978389 0.16923925 0.8978389 0.1852260203125 0.8801571703125 0.1874310921875 0.87328094375 0.191760828125 0.8679396031250001 0.190922271875 0.8634577609375
2 0.33131201718750003 0.698428290625 0.33076075 0.6954813359375 0.32635060625 0.698428290625 0.3213891953125 0.7161100203124999 0.3219404625 0.719056975 0.32469680312500004 0.71807465625 0.33131201718750003 0.698428290625
2 0.21003307656249998 0.6001964640625 0.23042998906249998 0.6051080546875001 0.22987872031249998 0.5992141453125 0.2238147734375 0.5933202359374999 0.21830209531250003 0.5923379171875001 0.208930540625 0.584479371875 0.2039691296875 0.584479371875 0.200110253125 0.58840864375 0.200661521875 0.5913555984375 0.204520396875 0.5923379171875001 0.21003307656249998 0.6001964640625
2 0.43825799375 0.5491159140625 0.43439911875000004 0.546168959375 0.427232634375 0.5540275046875001 0.42613009999999996 0.5559921421875 0.4288864390625 0.557956778125 0.43770672499999996 0.5530451859375 0.43825799375 0.5491159140625
2 0.9018743109375 0.5098231828124999 0.9035281140625001 0.5039292734374999 0.9002205078125 0.492141453125 0.8914002203125 0.4872298625 0.885887540625 0.4872298625 0.886438809375 0.5039292734374999 0.8936052921875 0.51178781875 0.9018743109375 0.5098231828124999
2 0.49173098125000003 0.723968565625 0.49558985624999996 0.7170923375 0.5055126796875 0.710216109375 0.51212789375 0.698428290625 0.509922821875 0.7013752453125 0.50826901875 0.698428290625 0.4944873203125 0.712180746875 0.48787210625000005 0.711198428125 0.4834619625 0.7033398828124999 0.47905181875 0.70530451875 0.47905181875 0.7141453828125 0.4823594265625 0.7200392921875001 0.4867695703125 0.723968565625 0.49173098125000003 0.723968565625
2 0.8004410140625 0.6905697453124999 0.799889746875 0.6817288796875001 0.7943770671875 0.672888015625 0.7883131203125 0.673870334375 0.7883131203125 0.686640471875 0.7916207281250001 0.6935167 0.7987872109375 0.6935167 0.8004410140625 0.6905697453124999
0 0.3969129 0.5383104125 0.3936052921875 0.5402750484375 0.39250275625 0.546168959375 0.39911797187500003 0.546168959375 0.39966923906249996 0.5422396859374999 0.3969129 0.5383104125
1 0.8936052921875 0.4970530453125 0.8925027562500001 0.5039292734374999 0.898566703125 0.5039292734374999 0.8963616312499999 0.49803536406250004 0.8936052921875 0.4970530453125
1 0.8517089312499999 0.49901768124999996 0.8522601984374999 0.520628684375 0.8594266812500001 0.5294695484374999 0.8616317531250001 0.55009823125 0.8638368249999999 0.55009823125 0.8665931640625001 0.53732809375 0.8616317531250001 0.5098231828124999 0.8616317531250001 0.4970530453125 0.8643880921875 0.481335953125 0.8726571109375 0.48624754374999996 0.87982359375 0.5 0.885887540625 0.50098231875 0.885887540625 0.49115913593749994 0.8792723265625 0.47838899843749993 0.8737596468750001 0.46070726874999995 0.874310915625 0.4390962671875 0.8726571109375 0.42730844843750004 0.8676957 0.41453831093750004 0.8594266812500001 0.404715128125 0.857221609375 0.3889980359375 0.8500551265625 0.38605108125 0.84674751875 0.389980353125 0.844542446875 0.3958742625 0.8434399125 0.4106090375 0.8401323046875 0.41453831093750004 0.83902976875 0.423379175 0.8395810359375 0.4518664046875 0.8500551265625 0.466601178125 0.8484013234375001 0.481335953125 0.8517089312499999 0.49901768124999996
1 0.43880926093749995 0.495088409375 0.45148842343749995 0.5039292734374999 0.452590959375 0.518664046875 0.45755237031249996 0.5294695484374999 0.472987871875 0.5412573671875001 0.4873208375 0.558939096875 0.49117971406249994 0.557956778125 0.49173098125000003 0.55206286875 0.4867695703125 0.5422396859374999 0.4779492828125 0.5363457765625 0.472987871875 0.50098231875 0.4663726578125 0.48821218125000004 0.452590959375 0.47544204375000004 0.443770671875 0.47249508906250004 0.43880926093749995 0.4567779953125 0.4349503859375 0.453831040625 0.4327453140625 0.4567779953125 0.4305402421875 0.46070726874999995 0.43109151093750003 0.47347740624999995 0.43770672499999996 0.48526522656250004 0.43880926093749995 0.495088409375
1 0.80981256875 0.671905696875 0.807607496875 0.6777996078124999 0.8009922828124999 0.6827111984374999 0.8004410140625 0.6886051078125 0.8042998890625 0.6935167 0.8114663734375 0.6954813359375 0.8142227125 0.699410609375 0.8142227125 0.7062868375 0.8031973546875 0.724950884375 0.8026460859375 0.736738703125 0.8081587656250001 0.74459725 0.81863285625 0.749508840625 0.8395810359375 0.749508840625 0.8478500546875001 0.7337917484375 0.8555678062500001 0.7278978390625 0.8555678062500001 0.723968565625 0.8484013234375001 0.719056975 0.84674751875 0.7131630640625 0.8472987875 0.678781925 0.844542446875 0.671905696875 0.8417861078125 0.65225933125 0.8357221609375 0.634577603125 0.8263506062499999 0.622789784375 0.8257993390625 0.6110019640625 0.8208379265625 0.60117878125 0.8114663734375 0.60117878125 0.8081587656250001 0.609037328125 0.8087100328125001 0.620825146875 0.8120176406249999 0.627701375 0.8087100328125001 0.6493123765625 0.80981256875 0.671905696875
1 0.22767365 0.7799607078124999 0.2243660421875 0.80746561875 0.21664829062500002 0.826129665625 0.208379271875 0.8369351671875 0.20727673593749998 0.8447937124999999 0.21058434374999999 0.84675835 0.21775082656250003 0.8349705296875 0.225468578125 0.8290766203125 0.2326350609375 0.8172888015625001 0.23759647187500002 0.8035363453125001 0.24200661562499998 0.8094302546875 0.24751929375 0.8241650296874999 0.24751929375 0.8339882125000001 0.2442116875 0.8398821218749999 0.2442116875 0.84774066875 0.23925027499999998 0.8614931234375 0.23869900781250003 0.877210215625 0.2568908484375 0.9145383109375 0.257993384375 0.923379175 0.2546857765625 0.93516699375 0.2574421171875 0.9390962671875001 0.26130099218749997 0.9390962671875001 0.26901874375 0.9312377203125 0.26074972500000004 0.903732809375 0.2590959203125 0.88605108125 0.2557883125 0.878192534375 0.250275634375 0.8752455796874999 0.26130099218749997 0.85854616875 0.26736493906250003 0.8595284875000001 0.2811466375 0.8801571703125 0.29713340625 0.8909626718749999 0.3042998890625 0.902750490625 0.3092613015625 0.917485265625 0.3114663734375 0.917485265625 0.3142227125 0.90962671875 0.31367144375 0.8978389 0.30981256875 0.8909626718749999 0.305402425 0.8889980359375 0.291069459375 0.8634577609375 0.2822491734375 0.85756385 0.2778390296875 0.8369351671875 0.2761852265625 0.8133595281250001 0.26460859999999997 0.7858546171875 0.26460859999999997 0.776031434375 0.26791620781250003 0.7711198421875001 0.2657111359375 0.7652259328125 0.2552370453125 0.750491159375 0.24366041875 0.748526521875 0.2403528109375 0.7406679765625 0.23869900781250003 0.7288801578124999 0.2342888640625 0.723968565625 0.22987872031249998 0.723968565625 0.22601984531250002 0.729862475 0.22657111406250002 0.7455795671875001 0.231532525 0.7573673875 0.231532525 0.7652259328125 0.22767365 0.7799607078124999
1 0.3042998890625 0.71807465625 0.29933847812500003 0.748526521875 0.2949283359375 0.7583497046875001 0.2949283359375 0.7652259328125 0.29988974687500003 0.7671905703124999 0.30264608593750003 0.763261296875 0.307607496875 0.738703340625 0.3169790515625 0.7072691546875001 0.3213891953125 0.7023575640625 0.32579933906249997 0.7023575640625 0.33186328593750003 0.6905697453124999 0.348952590625 0.699410609375 0.3605292171875 0.737721021875 0.3643880921875 0.7603143421875 0.369349503125 0.761296659375 0.3732083796875 0.7583497046875001 0.374310915625 0.749508840625 0.36659316406250003 0.7337917484375 0.35997795 0.699410609375 0.3472987875 0.6640471515625 0.34840132343749997 0.6493123765625 0.35170893125 0.6404715125 0.353362734375 0.6188605109374999 0.3511576625 0.6021611 0.3423373765625 0.59037328125 0.3434399125 0.571709234375 0.3417861078125 0.5677799609374999 0.33461962500000003 0.5677799609374999 0.33186328593750003 0.571709234375 0.33076075 0.5923379171875001 0.3230429984375 0.60117878125 0.3213891953125 0.6070726921875 0.3208379265625 0.6444007859374999 0.31367144375 0.67976424375 0.3125689078125 0.697445971875 0.3042998890625 0.71807465625
1 0.13175303124999999 0.6110019640625 0.12568908437499998 0.634577603125 0.11962513749999999 0.647347740625 0.121830209375 0.6561886046875001 0.1295479609375 0.6561886046875001 0.1312017640625 0.64145383125 0.1438809265625 0.610019646875 0.1598676953125 0.596267190625 0.165380375 0.596267190625 0.1708930546875 0.6041257375 0.1780595375 0.6060903734374999 0.1934950390625 0.6385068765625 0.19955898593750002 0.6561886046875001 0.20672546875000003 0.6561886046875001 0.20948180781249998 0.65225933125 0.20782800468749998 0.6444007859374999 0.200661521875 0.6375245578125 0.19404630625 0.6149312375 0.17861080468749999 0.58840864375 0.1769570015625 0.576620825 0.17750826875 0.5726915515625 0.18136714375000001 0.5687622796875 0.1907386984375 0.57563850625 0.200661521875 0.58840864375 0.20562293281250002 0.5874263265625 0.204520396875 0.5805500984374999 0.1830209484375 0.55009823125 0.1808158765625 0.5383104125 0.1708930546875 0.5284872296875001 0.1708930546875 0.519646365625 0.1681367140625 0.51178781875 0.16097023125 0.51178781875 0.1565600875 0.5275049109375 0.15214994531249998 0.5294695484374999 0.1433296578125 0.5432220046875 0.1416758546875 0.5559921421875 0.1433296578125 0.570726915625 0.142227121875 0.5913555984375 0.13175303124999999 0.6110019640625
1 0.5033076078125001 0.6886051078125 0.5055126796875 0.6296660125 0.5110253578124999 0.6178781921875001 0.5055126796875 0.6119842828125 0.5071664828125 0.60117878125 0.5049614109375 0.5982318265625 0.5005512671875 0.6021611 0.49724366093750005 0.61394891875 0.49834619687500004 0.667976425 0.4906284453125 0.684675834375 0.493936053125 0.6886051078125 0.5033076078125001 0.6886051078125
1 0.493936053125 0.5609037328124999 0.496141125 0.5638506875 0.506615215625 0.5658153234375 0.50826901875 0.5746561890625 0.5049614109375 0.5923379171875001 0.5071664828125 0.597249509375 0.51212789375 0.5923379171875001 0.5165380374999999 0.5982318265625 0.5165380374999999 0.6051080546875001 0.5259095921875 0.6129666015625 0.5292171999999999 0.6021611 0.530871003125 0.5795677796875001 0.5292171999999999 0.5294695484374999 0.526460859375 0.517681728125 0.5226019843749999 0.5108055015625 0.5203969125000001 0.49115913593749994 0.50826901875 0.492141453125 0.5077177515625 0.517681728125 0.5038588749999999 0.52652259375 0.502205071875 0.546168959375 0.493936053125 0.5609037328124999
1 0.40022050781249996 0.507858546875 0.40022050781249996 0.51178781875 0.40738699062499995 0.517681728125 0.4084895265625 0.525540275 0.4084895265625 0.5530451859375 0.406835721875 0.557956778125 0.40132304375 0.56286836875 0.40407938281250005 0.5677799609374999 0.41786108125 0.5658153234375 0.4173098125 0.5343811390625001 0.41896361562499995 0.52455795625 0.4228224921875 0.5166994109374999 0.4349503859375 0.520628684375 0.4371554578125 0.5166994109374999 0.43880926093749995 0.5 0.4371554578125 0.4872298625 0.429988975 0.469548134375 0.43109151093750003 0.4587426328125 0.4349503859375 0.455795678125 0.43329658281250005 0.44793713124999995 0.4288864390625 0.44007858593750004 0.4266813671875 0.44007858593750004 0.42171995625 0.42730844843750004 0.41289966875 0.42730844843750004 0.4123484015625 0.430255403125 0.41289966875 0.443025540625 0.4162072765625 0.44891945 0.41675854531249995 0.455795678125 0.40022050781249996 0.507858546875
1 0.43880926093749995 0.5481335953124999 0.4432194046875 0.576620825 0.4432194046875 0.596267190625 0.43439911875000004 0.609037328125 0.4305402421875 0.6198428296875 0.4288864390625 0.6512770140625 0.4244762953125 0.661100196875 0.4140022046875 0.6650294703124999 0.4140022046875 0.671905696875 0.42392502812500005 0.6807465625 0.429988975 0.6807465625 0.43439911875000004 0.6640471515625 0.436052921875 0.6444007859374999 0.439911796875 0.6257367390625 0.44487320781250006 0.6188605109374999 0.45203969062500005 0.6178781921875001 0.4558985671875 0.6129666015625 0.460308709375 0.6149312375 0.47188533593750004 0.6434184671875001 0.4762954796875 0.6493123765625 0.47905181875 0.667976425 0.4823594265625 0.671905696875 0.48787210625000005 0.671905696875 0.489525909375 0.667976425 0.485115765625 0.6493123765625 0.47739801562500006 0.62868369375 0.47023153281249996 0.6178781921875001 0.47188533593750004 0.576620825 0.46802646093750006 0.56483300625 0.46471885312500005 0.5383104125 0.452590959375 0.5225933203124999 0.4498346203125 0.5019646359375 0.43880926093749995 0.5019646359375 0.43880926093749995 0.5147347734375 0.44266813593750004 0.52455795625 0.43880926093749995 0.53732809375 0.43880926093749995 0.5481335953124999
1 0.5115766265625 0.6453831046875 0.514332965625 0.6561886046875001 0.51212789375 0.685658153125 0.514332965625 0.6915520625 0.50826901875 0.7033398828124999 0.50826901875 0.71807465625 0.5165380374999999 0.750491159375 0.5165380374999999 0.7583497046875001 0.5088202859375001 0.7681728875 0.5077177515625 0.775049115625 0.5159867703125001 0.7789783890625 0.52480705625 0.775049115625 0.527012128125 0.7711198421875001 0.5242557890625 0.7475442046875 0.5325248078125 0.7455795671875001 0.5347298781250001 0.7406679765625 0.52866593125 0.712180746875 0.5424476296875 0.6944990171875001 0.5463065046875 0.685658153125 0.5463065046875 0.6699410609374999 0.5380374859375 0.635559921875 0.5259095921875 0.610019646875 0.518743109375 0.6060903734374999 0.514884234375 0.5923379171875001 0.50826901875 0.5913555984375 0.50441014375 0.595284871875 0.5055126796875 0.610019646875 0.50826901875 0.616895875 0.51212789375 0.6188605109374999 0.5115766265625 0.6453831046875