2 0.4597574421875 0.58840864375 0.46306505 0.5815324171875 0.46306505 0.576620825 0.4581036390625 0.5687622796875 0.45479603125 0.55009823125 0.45203969062500005 0.5471512765625001 0.45038588749999997 0.55009823125 0.4509371546875 0.5736738703125 0.457001103125 0.58840864375 0.4597574421875 0.58840864375
2 0.69404630625 0.7573673875 0.694597575 0.748526521875 0.69790518125 0.737721021875 0.694597575 0.736738703125 0.6885336265625 0.748526521875 0.6780595375 0.74459725 0.67750826875 0.751473478125 0.6824696796875 0.7583497046875001 0.6912899671875 0.7593320234375 0.69404630625 0.7573673875
2 0.7116868796875 0.7062868375 0.708930540625 0.7062868375 0.7050716640625 0.7151277015625 0.704520396875 0.723968565625 0.7094818078125 0.723968565625 0.7138919515625 0.710216109375 0.7116868796875 0.7062868375
2 0.4084895265625 0.7151277015625 0.41675854531249995 0.698428290625 0.4200661515625 0.686640471875 0.41786108125 0.6827111984374999 0.41786108125 0.6915520625 0.4147370453125 0.6892603140625 0.40738699062499995 0.7023575640625 0.394707828125 0.7013752453125 0.39250275625 0.7033398828124999 0.394156559375 0.710216109375 0.40077177500000005 0.7151277015625 0.4084895265625 0.7151277015625
2 0.22932745312499997 0.8889980359375 0.2342888640625 0.8899803531250001 0.2348401328125 0.8762278984374999 0.23869900781250003 0.86051080625 0.2342888640625 0.8624754421875 0.2342888640625 0.85756385 0.23759647187500002 0.8506876234374999 0.23869900781250003 0.852652259375 0.23925027499999998 0.84675835 0.24200661562499998 0.84675835 0.2403528109375 0.8428290765625001 0.2431091515625 0.8339882125000001 0.24366041875 0.82023575625 0.2425578828125 0.8172888015625001 0.23759647187500002 0.8182711203125 0.23980154374999998 0.8418467578125 0.224917309375 0.877210215625 0.22601984531250002 0.88605108125 0.22932745312499997 0.8889980359375
2 0.5170893046875 0.6954813359375 0.5203969125000001 0.685658153125 0.518743109375 0.6777996078124999 0.514332965625 0.6777996078124999 0.5115766265625 0.685658153125 0.4867695703125 0.685658153125 0.47960308749999997 0.697445971875 0.4740904078125 0.698428290625 0.4740904078125 0.7033398828124999 0.47905181875 0.7062868375 0.493936053125 0.7062868375 0.5170893046875 0.6954813359375
0 0.3880926125 0.558939096875 0.3853362734375 0.5599214140625 0.3853362734375 0.5677799609374999 0.390297684375 0.5677799609374999 0.390297684375 0.56286836875 0.3880926125 0.558939096875
1 0.8114663734375 0.46561886093749993 0.8004410140625 0.466601178125 0.797684675 0.474459725 0.7938258 0.469548134375 0.795479603125 0.474459725 0.799889746875 0.4774066796875 0.8175303203125001 0.479371315625 0.8153252484375001 0.493123771875 0.8153252484375001 0.507858546875 0.8087100328125001 0.533398821875 0.8153252484375001 0.5726915515625 0.8114663734375 0.5854616890625 0.8114663734375 0.5913555984375 0.8175303203125001 0.5923379171875001 0.8219404625 0.58840864375 0.8213891953125 0.55009823125 0.8197353906249999 0.5383104125 0.8213891953125 0.533398821875 0.828004409375 0.533398821875 0.8340683578125001 0.5422396859374999 0.8373759640625 0.5540275046875001 0.8406835718749999 0.576620825 0.8395810359375 0.5913555984375 0.8461962515625 0.5933202359374999 0.8484013234375001 0.5923379171875001 0.848952590625 0.58840864375 0.8428886437499999 0.5383104125 0.8401323046875 0.531434184375 0.8384785000000001 0.4361493125 0.834619625 0.4263261296875 0.8335170890624999 0.4076620828125 0.8291069453125001 0.40176817343750004 0.8213891953125 0.403732809375 0.8169790515625 0.416502946875 0.8219404625 0.43516699374999995 0.8169790515625 0.455795678125 0.8114663734375 0.46561886093749993
1 0.7056229328125 0.667976425 0.7111356125 0.684675834375 0.7078280046875001 0.6944990171875001 0.7006615218750001 0.698428290625 0.700110253125 0.7023575640625 0.7056229328125 0.7072691546875001 0.7116868796875 0.7023575640625 0.7160970234375 0.7062868375 0.7133406828125 0.71807465625 0.7050716640625 0.737721021875 0.7056229328125 0.749508840625 0.7111356125 0.7671905703124999 0.7144432187499999 0.788801571875 0.712789415625 0.7996070734375 0.7083792718749999 0.8094302546875 0.708930540625 0.8133595281250001 0.7160970234375 0.8163064828125 0.7260198453125 0.80746561875 0.7260198453125 0.801571709375 0.7216097015625 0.789783890625 0.7227122375 0.7789783890625 0.742006615625 0.7789783890625 0.742006615625 0.7711198421875001 0.7353913999999999 0.7583497046875001 0.7342888640624999 0.749508840625 0.72712238125 0.7347740671875 0.7386990078125 0.711198428125 0.7381477390625 0.685658153125 0.7348401328125 0.6748526515625 0.7304299890625 0.667976425 0.7216097015625 0.6365422390625 0.7094818078125 0.622789784375 0.7083792718749999 0.6051080546875001 0.7039691296874999 0.60117878125 0.696251378125 0.60314341875 0.696251378125 0.61591355625 0.7012127890625 0.633595284375 0.7034178609375 0.635559921875 0.7056229328125 0.667976425
1 0.5424476296875 0.5982318265625 0.5418963609375 0.6178781921875001 0.5474090406250001 0.622789784375 0.5545755234375 0.635559921875 0.5600882031250001 0.660117878125 0.5589856671875 0.6758349703125 0.5727673656250001 0.7170923375 0.57442116875 0.7328094296875001 0.576626240625 0.736738703125 0.5815876515625 0.736738703125 0.5826901875 0.729862475 0.5788313125 0.719056975 0.5738699 0.6817288796875001 0.5650496140625 0.6581532421875 0.564498346875 0.6404715125 0.5606394703124999 0.621807465625 0.5606394703124999 0.60314341875 0.563947078125 0.597249509375 0.564498346875 0.5913555984375 0.5633958109375 0.571709234375 0.5611907390625 0.56286836875 0.5490628453124999 0.545186640625 0.5468577734375 0.52652259375 0.542998896875 0.525540275 0.5380374859375 0.5294695484374999 0.535281146875 0.53732809375 0.5358324140625 0.5540275046875001 0.5319735390625 0.570726915625 0.5336273421875 0.584479371875 0.5424476296875 0.5982318265625
1 0 0.9911591359375 0.003858875 0.99901768125 0.0336273421875 0.99901768125 0.03748621875 0.9872298625000001 0.034729878125 0.97347740625 0.0336273421875 0.94891945 0.030319735937499998 0.9322200390625 0.015986770312500002 0.917485265625 0.0170893046875 0.8821218078124999 0.0154355015625 0.878192534375 0.00441014375 0.878192534375 0 0.8821218078124999 0 0.9911591359375
1 0.8015435500000001 0.719056975 0.8026460859375 0.7288801578124999 0.7987872109375 0.7455795671875001 0.799889746875 0.762278978125 0.80595369375 0.7711198421875001 0.834619625 0.7779960703125 0.8484013234375001 0.7544204328124999 0.8517089312499999 0.7544204328124999 0.8484013234375001 0.7406679765625 0.8506063953125 0.7082514734375 0.8478500546875001 0.7013752453125 0.8472987875 0.6915520625 0.83902976875 0.65324165 0.8313120171874999 0.646365421875 0.828555678125 0.627701375 0.8252480703125 0.6198428296875 0.8208379265625 0.6149312375 0.816427784375 0.6149312375 0.8125689078124999 0.6178781921875001 0.80981256875 0.627701375 0.8142227125 0.6512770140625 0.8087100328125001 0.66699410625 0.8070562296875 0.6935167 0.8015435500000001 0.719056975
1 0.2480705625 0.7829076625 0.24862182968750002 0.7917485265625 0.2431091515625 0.7937131625 0.2480705625 0.7927308453124999 0.2447629546875 0.80746561875 0.2425578828125 0.8084479375000001 0.2431091515625 0.801571709375 0.23869900781250003 0.79469548125 0.23759647187500002 0.7976424359375 0.23759647187500002 0.8104125734375 0.2447629546875 0.8130324171875 0.2431091515625 0.8388998031250001 0.23925027499999998 0.84675835 0.2342888640625 0.8703339874999999 0.233186328125 0.9007858546874999 0.22932745312499997 0.90962671875 0.22326350625 0.9135559921875 0.2227122375 0.9184675828125 0.22712238125 0.923379175 0.23925027499999998 0.92239685625 0.23980154374999998 0.8948919453125 0.2480705625 0.85756385 0.2635060640625 0.826129665625 0.266262403125 0.827111984375 0.2761852265625 0.8506876234374999 0.2822491734375 0.8821218078124999 0.2861080484375 0.8889980359375 0.2877618515625 0.90962671875 0.291620728125 0.9145383109375 0.2949283359375 0.9135559921875 0.29658213906249997 0.9066797640625 0.291069459375 0.88408644375 0.28941565625 0.8595284875000001 0.2822491734375 0.8339882125000001 0.2811466375 0.7996070734375 0.2822491734375 0.75638506875 0.287210584375 0.7593320234375 0.2905181921875 0.7711198421875001 0.29217199531250004 0.787819253125 0.29658213906249997 0.7907662078125 0.2982359421875 0.7848722984375 0.2982359421875 0.7711198421875001 0.2949283359375 0.7544204328124999 0.2861080484375 0.7288801578124999 0.2778390296875 0.7161100203124999 0.26901874375 0.7092337921875 0.26791620781250003 0.6886051078125 0.2590959203125 0.6817288796875001 0.2530319734375 0.6876227890625 0.2530319734375 0.6964636546875 0.2557883125 0.7082514734375 0.2546857765625 0.7151277015625 0.250275634375 0.723968565625 0.24751929375 0.724950884375 0.2431091515625 0.738703340625 0.2425578828125 0.763261296875 0.23869900781250003 0.7858546171875 0.2464167578125 0.7858546171875 0.2480705625 0.7829076625
1 0.40407938281250005 0.5530451859375 0.40407938281250005 0.558939096875 0.41786108125 0.5923379171875001 0.4222712234375 0.5893909625 0.4200661515625 0.570726915625 0.4222712234375 0.5638506875 0.4266813671875 0.558939096875 0.432194046875 0.558939096875 0.43770672499999996 0.5687622796875 0.43880926093749995 0.5795677796875001 0.4465270125 0.584479371875 0.4492833515625 0.5913555984375 0.4536934953125 0.595284871875 0.4597574421875 0.61394891875 0.4636163171875 0.6149312375 0.4674751921875 0.6110019640625 0.46085997812499996 0.597249509375 0.45644983437500003 0.5805500984374999 0.452590959375 0.5795677796875001 0.4465270125 0.5687622796875 0.45203969062500005 0.5618860515625 0.45203969062500005 0.5559921421875 0.4536934953125 0.5540275046875001 0.45038588749999997 0.55108055 0.4536934953125 0.546168959375 0.44707827968749997 0.5216110015625001 0.43770672499999996 0.5039292734374999 0.42613009999999996 0.493123771875 0.42557883125 0.481335953125 0.4228224921875 0.474459725 0.4173098125 0.47347740624999995 0.41345093750000006 0.47838899843749993 0.41289966875 0.494106090625 0.4084895265625 0.50098231875 0.4035281140625 0.5216110015625001 0.402976846875 0.5294695484374999 0.40793825781250004 0.5422396859374999 0.40738699062499995 0.55009823125 0.40407938281250005 0.5530451859375
1 0.36383682500000003 0.58840864375 0.366041896875 0.571709234375 0.3732083796875 0.558939096875 0.3792723265625 0.5422396859374999 0.38919514843749997 0.5422396859374999 0.39911797187500003 0.5363457765625 0.39966923906249996 0.5275049109375 0.40407938281250005 0.5166994109374999 0.4057331859375 0.5 0.39911797187500003 0.47838899843749993 0.3914002203125 0.467583496875 0.385887540625 0.4518664046875 0.382028665625 0.44990176875000004 0.378169790625 0.45284872343749993 0.377618521875 0.46561886093749993 0.37210584375 0.480353634375 0.3748621828125 0.505893909375 0.3770672546875 0.51178781875 0.37651598750000004 0.519646365625 0.3704520390625 0.530451865625 0.3605292171875 0.5677799609374999 0.353362734375 0.5805500984374999 0.352811465625 0.584479371875 0.3550165375 0.58840864375 0.35942668125 0.5913555984375 0.36383682500000003 0.58840864375
1 0.084895259375 0.65225933125 0.1003307609375 0.66699410625 0.101433296875 0.6827111984374999 0.1047409046875 0.6954813359375 0.10529217187499999 0.7200392921875001 0.106945975 0.723968565625 0.11466372656249998 0.7220039296875 0.1168687984375 0.712180746875 0.1157662625 0.7082514734375 0.12017640624999999 0.7062868375 0.12127894218749999 0.719056975 0.12624035312499998 0.7269155203125 0.14002205 0.7269155203125 0.14002205 0.7210216109375 0.13009922812500002 0.7072691546875001 0.128445425 0.673870334375 0.12624035312499998 0.6650294703124999 0.12458654843750001 0.660117878125 0.117420065625 0.65324165 0.11135611875 0.62671905625 0.10859977968750001 0.621807465625 0.10915104687499999 0.6129666015625 0.1163175296875 0.6129666015625 0.1157662625 0.597249509375 0.10804851093750001 0.584479371875 0.10529217187499999 0.57563850625 0.09481808124999999 0.5618860515625 0.0898566703125 0.546168959375 0.0815876515625 0.546168959375 0.0788313125 0.55009823125 0.0777287765625 0.5609037328124999 0.072767365625 0.571709234375 0.07331863281249999 0.5874263265625 0.0689084890625 0.60314341875 0.0694597578125 0.621807465625 0.07828004375 0.627701375 0.08213891875 0.647347740625 0.084895259375 0.65225933125
1 0.42171995625 0.5982318265625 0.42116868749999997 0.6129666015625 0.42557883125 0.627701375 0.4266813671875 0.63948919375 0.43164277812499996 0.65225933125 0.43550165312500005 0.6512770140625 0.43825799375 0.661100196875 0.4349503859375 0.6876227890625 0.43550165312500005 0.6964636546875 0.4393605296875 0.722986246875 0.44707827968749997 0.7465618859375 0.44707827968749997 0.7573673875 0.44046306562500004 0.763261296875 0.43825799375 0.76915520625 0.4432194046875 0.774066796875 0.45644983437500003 0.774066796875 0.4581036390625 0.76915520625 0.45479603125 0.7406679765625 0.4476295484375 0.710216109375 0.44818081562499995 0.7003929265625 0.45479603125 0.6895874265625 0.46085997812499996 0.6944990171875001 0.4619625140625 0.7062868375 0.47353914062499997 0.7426326125 0.47519294375000004 0.7583497046875001 0.476846746875 0.762278978125 0.48070562343749995 0.761296659375 0.481808159375 0.749508840625 0.47960308749999997 0.7426326125 0.47905181875 0.729862475 0.47353914062499997 0.7131630640625 0.4724366046875 0.7033398828124999 0.4663726578125 0.6876227890625 0.46471885312500005 0.648330059375 0.4581036390625 0.627701375 0.45479603125 0.6051080546875001 0.4498346203125 0.5913555984375 0.43825799375 0.576620825 0.4371554578125 0.5667976421875001 0.43384785 0.5599214140625 0.4266813671875 0.558939096875 0.4222712234375 0.56483300625 0.4228224921875 0.57563850625 0.42557883125 0.5815324171875 0.42557883125 0.5913555984375 0.42171995625 0.5982318265625
1 0.518191840625 0.7072691546875001 0.5165380374999999 0.7200392921875001 0.5088202859375001 0.7455795671875001 0.506615215625 0.7848722984375 0.5038588749999999 0.800589390625 0.4966923921875 0.8094302546875 0.49503858906250003 0.8172888015625001 0.5033076078125001 0.8241650296874999 0.51212789375 0.821218075 0.5126791625 0.7966601171875001 0.5170893046875 0.774066796875 0.5176405734375 0.7544204328124999 0.5220507171875 0.7455795671875001 0.5292171999999999 0.74459725 0.5347298781250001 0.7337917484375 0.5413450937500001 0.7416502953124999 0.5485115765625 0.7583497046875001 0.572216096875 0.7966601171875001 0.5738699 0.80746561875 0.5777287765625 0.8104125734375 0.581036384375 0.8045186640624999 0.5804851156249999 0.7956778 0.5567805953125 0.750491159375 0.5529217203125001 0.735756384375 0.5507166484375 0.7141453828125 0.551819184375 0.6817288796875001 0.5529217203125001 0.673870334375 0.559536934375 0.6640471515625 0.5606394703124999 0.6561886046875001 0.555678059375 0.646365421875 0.5545755234375 0.6365422390625 0.551267915625 0.6296660125 0.5418963609375 0.6198428296875 0.542998896875 0.597249509375 0.53748621875 0.58840864375 0.5319735390625 0.58840864375 0.527012128125 0.5943025546875 0.527012128125 0.6188605109374999 0.5214994484375 0.627701375 0.518743109375 0.63948919375 0.5176405734375 0.667976425 0.5203969125000001 0.6827111984374999 0.52094818125 0.7023575640625 0.518191840625 0.7072691546875001