2 0.51212789375 0.533398821875 0.5165380374999999 0.520628684375 0.5126791625 0.5216110015625001 0.49834619687500004 0.545186640625 0.4906284453125 0.546168959375 0.49117971406249994 0.5540275046875001 0.4994487328125 0.5550098234374999 0.5055126796875 0.5412573671875001 0.51212789375 0.533398821875
2 0.212789415625 0.52455795625 0.2155457546875 0.520628684375 0.200110253125 0.49607072656250006 0.191841234375 0.47838899843749993 0.1885336265625 0.47838899843749993 0.1874310921875 0.48624754374999996 0.1890848953125 0.48919449843749996 0.20948180781249998 0.520628684375 0.212789415625 0.52455795625
0 0.2199558984375 0.519646365625 0.21389195156250002 0.520628684375 0.21444321875 0.5284872296875001 0.2199558984375 0.5294695484374999 0.22160970156249998 0.525540275 0.2199558984375 0.519646365625
1 0.28941565625 0.8811394890625 0.291069459375 0.923379175 0.2861080484375 0.9341846765625 0.287210584375 0.9440078578125 0.29382579999999997 0.943025540625 0.29658213906249997 0.93516699375 0.29658213906249997 0.8821218078124999 0.29988974687500003 0.8634577609375 0.3048511578125 0.8555992140625 0.307607496875 0.8555992140625 0.31642778437499997 0.8752455796874999 0.32414553437500004 0.88605108125 0.3230429984375 0.9145383109375 0.3274531421875 0.9145383109375 0.33020948125 0.9106090375000001 0.3335170890625 0.8889980359375 0.33020948125 0.8762278984374999 0.3213891953125 0.8624754421875 0.3208379265625 0.8113948921875 0.3230429984375 0.79469548125 0.3213891953125 0.775049115625 0.30595369375 0.750491159375 0.307607496875 0.7406679765625 0.3070562296875 0.729862475 0.29988974687500003 0.7288801578124999 0.295479603125 0.7406679765625 0.2943770671875 0.8045186640624999 0.29603087031249997 0.8241650296874999 0.291620728125 0.8428290765625001 0.28941565625 0.8811394890625
1 0.7971334062500001 0.64243615 0.7921719953124999 0.6915520625 0.7927232640625 0.722986246875 0.791069459375 0.737721021875 0.7938258 0.7406679765625 0.7987872109375 0.735756384375 0.7993384781249999 0.7013752453125 0.8070562296875 0.6886051078125 0.8197353906249999 0.659135559375 0.8213891953125 0.6296660125 0.816427784375 0.616895875 0.8153252484375001 0.6051080546875001 0.8109151046875 0.5982318265625 0.8070562296875 0.5982318265625 0.80209481875 0.609037328125 0.7927232640625 0.61394891875 0.7916207281250001 0.6178781921875001 0.791069459375 0.63948919375 0.7927232640625 0.64243615 0.7960308703125001 0.6385068765625 0.7971334062500001 0.64243615
1 0.527012128125 0.5 0.530871003125 0.545186640625 0.5385887546875 0.5667976421875001 0.5358324140625 0.5923379171875001 0.5435501656249999 0.5923379171875001 0.5474090406250001 0.58840864375 0.5485115765625 0.5795677796875001 0.5441014328125 0.56483300625 0.5402425578125001 0.5412573671875001 0.542998896875 0.520628684375 0.5413450937500001 0.47053045156250006 0.535281146875 0.4587426328125 0.5336273421875 0.44891945 0.530871003125 0.4440078578125 0.5253583234375 0.4440078578125 0.523153253125 0.44793713124999995 0.523153253125 0.455795678125 0.5259095921875 0.46561886093749993 0.5220507171875 0.4872298625 0.527012128125 0.5
1 0.0418963609375 0.99901768125 0.072216096875 0.99901768125 0.072216096875 0.9901768171875001 0.06504961406250001 0.9616895875000001 0.0606394703125 0.94891945 0.0529217203125 0.943025540625 0.0507166484375 0.928290765625 0.034729878125 0.928290765625 0.0319735390625 0.9332023578124999 0.0319735390625 0.9449901765625001 0.0446527015625 0.9705304515625001 0.0446527015625 0.9872298625000001 0.040392903125000004 0.9963386312500001 0.0418963609375 0.99901768125
1 0.122381478125 0.8555992140625 0.122381478125 0.8624754421875 0.12568908437499998 0.8673870328125 0.13009922812500002 0.8683693515625001 0.133958103125 0.8654223968749999 0.13506063906250002 0.8683693515625001 0.1328555671875 0.8958742624999999 0.13561190781250002 0.923379175 0.138919515625 0.928290765625 0.14057331875 0.9390962671875001 0.1394707828125 0.97347740625 0.1334068359375 0.99901768125 0.1433296578125 0.99901768125 0.14829106875 0.98821218125 0.15600882031250002 0.9813359531250001 0.1598676953125 0.9528487234374999 0.159316428125 0.92436149375 0.16097023125 0.9076620828124999 0.16482910625 0.9007858546874999 0.1659316421875 0.891944990625 0.1703417859375 0.8811394890625 0.1780595375 0.8742632609375001 0.1764057328125 0.852652259375 0.1659316421875 0.83300589375 0.16482910625 0.8045186640624999 0.15766262343749998 0.8055009828124999 0.15325248125 0.8133595281250001 0.150496140625 0.8310412578124999 0.136163175 0.8398821218749999 0.122381478125 0.8555992140625
1 0.165380375 0.50098231875 0.16207276718750002 0.532416503125 0.163726571875 0.53732809375 0.16923925 0.5383104125 0.16923925 0.518664046875 0.1703417859375 0.51178781875 0.173098125 0.507858546875 0.175303196875 0.5088408640625001 0.1764057328125 0.5235756390625 0.1868798234375 0.5235756390625 0.1824696796875 0.51375245625 0.1824696796875 0.49607072656250006 0.18412348437499998 0.4842829078125 0.1874310921875 0.479371315625 0.191841234375 0.479371315625 0.1907386984375 0.45284872343749993 0.191841234375 0.43222003906250006 0.19404630625 0.423379175 0.1934950390625 0.4106090375 0.1852260203125 0.41159135625000004 0.18136714375000001 0.42436149375000004 0.1747519296875 0.428290765625 0.1703417859375 0.4361493125 0.16482910625 0.45284872343749993 0.16482910625 0.469548134375 0.1681367140625 0.48330058906250006 0.1681367140625 0.494106090625 0.165380375 0.50098231875
1 0.613561190625 0.8349705296875 0.6240352812500001 0.8241650296874999 0.636163175 0.8045186640624999 0.64057331875 0.8045186640624999 0.6460859984375 0.8143418468749999 0.6482910687500001 0.83300589375 0.647188534375 0.8624754421875 0.6444321937499999 0.872298625 0.6504961406249999 0.88408644375 0.655457553125 0.88408644375 0.6543550171875 0.85756385 0.6565600875000001 0.8349705296875 0.6565600875000001 0.8055009828124999 0.6664829109375 0.7996070734375 0.6686879828125 0.7927308453124999 0.6692392500000001 0.776031434375 0.66482910625 0.749508840625 0.655457553125 0.7396856578125 0.651047409375 0.724950884375 0.6460859984375 0.7200392921875001 0.6416758546875 0.7210216109375 0.636163175 0.736738703125 0.6328555671875 0.737721021875 0.626240353125 0.7465618859375 0.621830209375 0.7721021609375 0.6229327453125 0.8035363453125001 0.6185226015625 0.8143418468749999 0.6052921718750001 0.8310412578124999 0.600882028125 0.8438113953125 0.6003307609374999 0.851669940625 0.6052921718750001 0.8546168953125 0.6085997796875 0.8506876234374999 0.613561190625 0.8349705296875
1 0.5292171999999999 0.7161100203124999 0.52866593125 0.7318271125 0.5214994484375 0.7603143421875 0.5170893046875 0.7956778 0.5088202859375001 0.801571709375 0.5093715546875 0.8084479375000001 0.5126791625 0.8133595281250001 0.5226019843749999 0.8133595281250001 0.5259095921875 0.7848722984375 0.5292171999999999 0.7779960703125 0.531422271875 0.763261296875 0.535281146875 0.7534381140625 0.5407938265625 0.7524557953125 0.5501653796875 0.7662082515625 0.56615215 0.7662082515625 0.572216096875 0.763261296875 0.584895259375 0.7662082515625 0.584895259375 0.7583497046875001 0.5815876515625 0.749508840625 0.5650496140625 0.7465618859375 0.5567805953125 0.748526521875 0.5545755234375 0.7455795671875001 0.551819184375 0.7396856578125 0.5507166484375 0.719056975 0.5474090406250001 0.711198428125 0.5468577734375 0.697445971875 0.5413450937500001 0.672888015625 0.530871003125 0.660117878125 0.5292171999999999 0.648330059375 0.5259095921875 0.6444007859374999 0.5214994484375 0.6434184671875001 0.5170893046875 0.6493123765625 0.5176405734375 0.6650294703124999 0.5253583234375 0.6817288796875001 0.526460859375 0.7092337921875 0.5292171999999999 0.7161100203124999