2 0.5027563390625 0.53732809375 0.50441014375 0.5422396859374999 0.506615215625 0.5412573671875001 0.5071664828125 0.5383104125 0.501653803125 0.5284872296875001 0.4873208375 0.507858546875 0.4840132296875 0.495088409375 0.48070562343749995 0.5 0.47960308749999997 0.504911590625 0.48291069531249997 0.51178781875 0.4966923921875 0.532416503125 0.5027563390625 0.53732809375
2 0.07331863281249999 0.61394891875 0.0749724359375 0.608055009375 0.072767365625 0.6021611 0.070011025 0.60117878125 0.0529217203125 0.6110019640625 0.0507166484375 0.6149312375 0.05181918437500001 0.6198428296875 0.0573318640625 0.621807465625 0.07331863281249999 0.61394891875
2 0.929988975 0.7534381140625 0.9360529218750001 0.7406679765625 0.937706725 0.7278978390625 0.93439911875 0.7278978390625 0.9310915109375 0.7396856578125 0.9178610812500001 0.76915520625 0.9184123484375 0.775049115625 0.9228224921875 0.775049115625 0.92557883125 0.770137525 0.929988975 0.7534381140625
2 0.4988974640625 0.5805500984374999 0.493936053125 0.5805500984374999 0.4928335171875 0.58840864375 0.496141125 0.597249509375 0.4988974640625 0.597249509375 0.4988974640625 0.5805500984374999
2 0.05788313125 0.9007858546874999 0.0672546859375 0.902750490625 0.0749724359375 0.8978389 0.0749724359375 0.8889980359375 0.05788313125 0.8889980359375 0.0220507171875 0.8428290765625001 0.0198456453125 0.8428290765625001 0.0214994484375 0.851669940625 0.055126792187499996 0.8929273078125 0.05788313125 0.9007858546874999
2 0.8787210578125 0.979371315625 0.8814773984375 0.97544204375 0.8803748625000001 0.9705304515625001 0.871554575 0.9656188609375 0.8649393609375 0.9656188609375 0.8649393609375 0.97347740625 0.87210584375 0.979371315625 0.8787210578125 0.979371315625
2 0.5203969125000001 0.6944990171875001 0.5220507171875 0.6827111984374999 0.5297684671875 0.6640471515625 0.5292171999999999 0.661100196875 0.5220507171875 0.6689587421875001 0.5170893046875 0.6895874265625 0.5137816984375 0.6944990171875001 0.5071664828125 0.719056975 0.5038588749999999 0.723968565625 0.49558985624999996 0.749508840625 0.4944873203125 0.7583497046875001 0.497794928125 0.7583497046875001 0.5170893046875 0.699410609375 0.5203969125000001 0.6944990171875001
2 0.5832414546875 0.6129666015625 0.5882028671875 0.616895875 0.5882028671875 0.6110019640625 0.5904079375 0.610019646875 0.5931642781249999 0.610019646875 0.5931642781249999 0.616895875 0.59536935 0.6178781921875001 0.6030871 0.609037328125 0.5997794921875 0.6021611 0.6030871 0.6001964640625 0.601433296875 0.597249509375 0.5942668140625 0.609037328125 0.5826901875 0.6110019640625 0.5727673656250001 0.6041257375 0.56615215 0.6051080546875001 0.56560088125 0.61394891875 0.5678059531249999 0.6178781921875001 0.582873759375 0.616895875 0.5832414546875 0.6129666015625
0 0.12127894218749999 0.8634577609375 0.12127894218749999 0.85854616875 0.12017640624999999 0.8555992140625 0.1157662625 0.8565815328124999 0.1130099234375 0.8595284875000001 0.1130099234375 0.8673870328125 0.1168687984375 0.8693516703125 0.12127894218749999 0.8634577609375
1 0.9029768468749999 0.8546168953125 0.90132304375 0.85854616875 0.902425578125 0.8673870328125 0.8958103640624999 0.8811394890625 0.890848953125 0.88605108125 0.8936052921875 0.8929273078125 0.9002205078125 0.8909626718749999 0.90132304375 0.89685658125 0.8925027562500001 0.91159135625 0.8897464171875 0.9263261296874999 0.882579934375 0.9361493125000001 0.87982359375 0.9901768171875001 0.8726571109375 0.9921414531250001 0.869349503125 0.99901768125 0.886438809375 0.99901768125 0.8891951484374999 0.9911591359375 0.890848953125 0.97544204375 0.8936052921875 0.969548134375 0.8952590953125 0.953831040625 0.907386990625 0.93713163125 0.9162072765625 0.94793713125 0.9222712234375001 0.9656188609375 0.929988975 0.9783889984374999 0.9327453140624999 0.979371315625 0.94211686875 0.99901768125 0.94799724375 0.99901768125 0.948732084375 0.994106090625 0.9509371546875001 0.99901768125 0.9503858875000001 0.995088409375 0.9371554578125 0.974459725 0.9327453140624999 0.9577603140625 0.9244762953125001 0.943025540625 0.9266813671874999 0.92436149375 0.929988975 0.9145383109375 0.929988975 0.88605108125 0.9332965828124999 0.8762278984374999 0.9327453140624999 0.8388998031250001 0.9294377062500001 0.827111984375 0.918963615625 0.8104125734375 0.9206174203125 0.7976424359375 0.9178610812500001 0.7848722984375 0.9151047406249999 0.78192534375 0.9040793828125 0.7848722984375 0.9040793828125 0.79469548125 0.90904079375 0.8172888015625001 0.9035281140625001 0.8339882125000001 0.9029768468749999 0.8546168953125
1 0.93825799375 0.7927308453124999 0.9404630656249999 0.7966601171875001 0.9465270125 0.7976424359375 0.9520396906249999 0.79469548125 0.956449834375 0.7868369359375 0.9531422265625 0.761296659375 0.9531422265625 0.7406679765625 0.9597574421875 0.7278978390625 0.9685777281249999 0.7013752453125 0.9685777281249999 0.667976425 0.9652701218749999 0.6581532421875 0.9641675859375001 0.6404715125 0.9575523703125001 0.6257367390625 0.952590959375 0.60117878125 0.948732084375 0.597249509375 0.9426681359375 0.60117878125 0.9399117968749999 0.610019646875 0.9404630656249999 0.6178781921875001 0.94597574375 0.6316306484374999 0.9448732078125 0.65225933125 0.9476295484374999 0.671905696875 0.9388092609375001 0.6817288796875001 0.9437706718750001 0.6915520625 0.9404630656249999 0.7318271125 0.9437706718750001 0.7799607078124999 0.93825799375 0.7927308453124999
1 0.41124586562500004 0.532416503125 0.41124586562500004 0.545186640625 0.41675854531249995 0.55009823125 0.41786108125 0.5540275046875001 0.4222712234375 0.55206286875 0.4228224921875 0.583497053125 0.4244762953125 0.58840864375 0.4288864390625 0.58840864375 0.43109151093750003 0.5559921421875 0.43109151093750003 0.5147347734375 0.4349503859375 0.495088409375 0.43439911875000004 0.482318271875 0.41786108125 0.44891945 0.4140022046875 0.44891945 0.41179713281249997 0.453831040625 0.40904079375 0.467583496875 0.4057331859375 0.47249508906250004 0.406835721875 0.5108055015625 0.41124586562500004 0.532416503125
1 0.390848953125 0.6689587421875001 0.402976846875 0.6699410609374999 0.41345093750000006 0.660117878125 0.4200661515625 0.660117878125 0.42833517031249996 0.65225933125 0.42833517031249996 0.64243615 0.4173098125 0.6198428296875 0.4173098125 0.609037328125 0.4222712234375 0.5854616890625 0.42171995625 0.5795677796875001 0.41786108125 0.571709234375 0.4173098125 0.5559921421875 0.4123484015625 0.5471512765625001 0.4101433296875 0.5471512765625001 0.40518191875 0.5550098234374999 0.40407938281250005 0.5667976421875001 0.39636163125 0.5795677796875001 0.3919514890625 0.5982318265625 0.3914002203125 0.6257367390625 0.382579934375 0.64145383125 0.3831312015625 0.6640471515625 0.390848953125 0.6689587421875001
1 0.4928335171875 0.520628684375 0.5011025359375 0.5294695484374999 0.5038588749999999 0.52455795625 0.506615215625 0.525540275 0.5077177515625 0.5383104125 0.5077177515625 0.5432220046875 0.50441014375 0.546168959375 0.49558985624999996 0.584479371875 0.49503858906250003 0.6178781921875001 0.5011025359375 0.6178781921875001 0.50826901875 0.608055009375 0.50826901875 0.5982318265625 0.51212789375 0.58840864375 0.5126791625 0.5815324171875 0.52094818125 0.570726915625 0.5275633953125001 0.55009823125 0.5292171999999999 0.51375245625 0.5214994484375 0.494106090625 0.52094818125 0.48330058906250006 0.518191840625 0.479371315625 0.514332965625 0.479371315625 0.51212789375 0.48330058906250006 0.5115766265625 0.49607072656250006 0.5077177515625 0.51178781875 0.5033076078125001 0.5166994109374999 0.4928335171875 0.520628684375
1 0.5303197359375 0.6640471515625 0.5402425578125001 0.6650294703124999 0.542998896875 0.6689587421875001 0.5424476296875 0.684675834375 0.5385887546875 0.7023575640625 0.5380374859375 0.7141453828125 0.5435501656249999 0.723968565625 0.5507166484375 0.7288801578124999 0.5562293281249999 0.7406679765625 0.5562293281249999 0.7465618859375 0.551819184375 0.7534381140625 0.5523704515625 0.7573673875 0.564498346875 0.7524557953125 0.5689084890625 0.7416502953124999 0.5738699 0.736738703125 0.5749724359374999 0.7151277015625 0.5738699 0.711198428125 0.564498346875 0.711198428125 0.559536934375 0.70530451875 0.559536934375 0.660117878125 0.5424476296875 0.6306483296875001 0.530871003125 0.6237721015625 0.5259095921875 0.609037328125 0.5214994484375 0.608055009375 0.5170893046875 0.6129666015625 0.5170893046875 0.6257367390625 0.518743109375 0.6306483296875001 0.5253583234375 0.6365422390625 0.5303197359375 0.6640471515625
1 0.60363836875 0.6512770140625 0.6041896359375001 0.6561886046875001 0.6080485109375 0.6620825140625 0.6041896359375001 0.672888015625 0.6130099234374999 0.673870334375 0.6163175296875 0.6777996078124999 0.613561190625 0.6944990171875001 0.617420065625 0.697445971875 0.621830209375 0.6944990171875001 0.626240353125 0.685658153125 0.6251378171875001 0.6777996078124999 0.617420065625 0.6581532421875 0.6163175296875 0.646365421875 0.6168687984375001 0.6365422390625 0.6240352812500001 0.6178781921875001 0.6245865484374999 0.5893909625 0.6168687984375001 0.5658153234375 0.6130099234374999 0.5609037328124999 0.6080485109375 0.5412573671875001 0.6047409046875 0.5383104125 0.601433296875 0.5422396859374999 0.6003307609374999 0.5481335953124999 0.6025358328125 0.5874263265625 0.5942668140625 0.61394891875 0.60363836875 0.6110019640625 0.60363836875 0.6512770140625