2 0.43384785 0.6316306484374999 0.4305402421875 0.6316306484374999 0.429988975 0.6453831046875 0.4349503859375 0.648330059375 0.4349503859375 0.635559921875 0.43384785 0.6316306484374999
2 0.4801543546875 0.62671905625 0.4823594265625 0.6188605109374999 0.48566703437500003 0.6149312375 0.485115765625 0.609037328125 0.4884233734375 0.609037328125 0.49007717812499996 0.6051080546875001 0.48291069531249997 0.610019646875 0.4674751921875 0.634577603125 0.469128996875 0.63948919375 0.46582138906250004 0.6453831046875 0.46306505 0.64145383125 0.46306505 0.646365421875 0.46582138906250004 0.646365421875 0.47519294375000004 0.6306483296875001 0.4801543546875 0.62671905625
2 0.16482910625 0.89882121875 0.175303196875 0.88605108125 0.1824696796875 0.8811394890625 0.18412348437499998 0.8762278984374999 0.1780595375 0.8762278984374999 0.16482910625 0.88605108125 0.1604189640625 0.8821218078124999 0.15711135625 0.8880157171875 0.15766262343749998 0.8929273078125 0.16097023125 0.89882121875 0.16482910625 0.89882121875
2 0.3219404625 0.7023575640625 0.3208379265625 0.6944990171875001 0.3175303203125 0.6944990171875001 0.31642778437499997 0.7033398828124999 0.3125689078125 0.7082514734375 0.3087100328125 0.7210216109375 0.308158765625 0.723968565625 0.3114663734375 0.724950884375 0.31642778437499997 0.7161100203124999 0.3219404625 0.7023575640625
2 0.40793825781250004 0.495088409375 0.39636163125 0.494106090625 0.390297684375 0.5 0.386438809375 0.5108055015625 0.386438809375 0.519646365625 0.39525909531250003 0.5157170921875001 0.40407938281250005 0.506876228125 0.40793825781250004 0.495088409375
2 0.47850055156250004 0.7406679765625 0.4834619625 0.7328094296875001 0.49117971406249994 0.7269155203125 0.4944873203125 0.719056975 0.47905181875 0.729862475 0.472987871875 0.729862475 0.46416758593749996 0.724950884375 0.46306505 0.7328094296875001 0.465270121875 0.736738703125 0.469128996875 0.7406679765625 0.47850055156250004 0.7406679765625
2 0.48787210625000005 0.5550098234374999 0.48897464218750003 0.5491159140625 0.4834619625 0.546168959375 0.48070562343749995 0.53732809375 0.476846746875 0.5383104125 0.4762954796875 0.5422396859374999 0.47905181875 0.55009823125 0.48291069531249997 0.5550098234374999 0.48787210625000005 0.5550098234374999
0 0.3748621828125 0.55009823125 0.374310915625 0.546168959375 0.37210584375 0.545186640625 0.369349503125 0.546168959375 0.369900771875 0.5530451859375 0.373759646875 0.5530451859375 0.3748621828125 0.55009823125
1 0.8406835718749999 0.47347740624999995 0.8450937156249999 0.46561886093749993 0.8472987875 0.47544204375000004 0.844542446875 0.525540275 0.8517089312499999 0.5343811390625001 0.8517089312499999 0.5550098234374999 0.8555678062500001 0.557956778125 0.8594266812500001 0.5530451859375 0.8605292171875 0.5471512765625001 0.8605292171875 0.5383104125 0.8566703421874999 0.532416503125 0.8555678062500001 0.517681728125 0.8561190734374999 0.505893909375 0.8594266812500001 0.5 0.8616317531250001 0.4872298625 0.8676957 0.49115913593749994 0.8792723265625 0.51178781875 0.886438809375 0.5157170921875001 0.8897464171875 0.51375245625 0.8875413453125001 0.5108055015625 0.8869900765625 0.50098231875 0.8710033078125001 0.45972495156250004 0.8676957 0.42730844843750004 0.8566703421874999 0.4135559921875 0.8561190734374999 0.3978389 0.8522601984374999 0.3939096265625 0.8439911796875 0.3948919453125 0.8417861078125 0.4204322203125 0.836273428125 0.44007858593750004 0.834619625 0.45284872343749993 0.836273428125 0.469548134375 0.8379272328124999 0.47347740624999995 0.8406835718749999 0.47347740624999995
1 0.4393605296875 0.5 0.43880926093749995 0.51178781875 0.44266813593750004 0.51375245625 0.44266813593750004 0.520628684375 0.43825799375 0.531434184375 0.43880926093749995 0.5550098234374999 0.44211686875 0.5658153234375 0.44597574375000004 0.56286836875 0.45203969062500005 0.55108055 0.4536934953125 0.5422396859374999 0.4619625140625 0.53732809375 0.4696802640625 0.53732809375 0.48070562343749995 0.5471512765625001 0.47905181875 0.5383104125 0.4823594265625 0.533398821875 0.48291069531249997 0.525540275 0.47850055156250004 0.517681728125 0.47353914062499997 0.5 0.457001103125 0.482318271875 0.44487320781250006 0.47838899843749993 0.439911796875 0.47347740624999995 0.4366041890625 0.4616895875 0.429988975 0.46267190625000004 0.4288864390625 0.469548134375 0.4305402421875 0.47838899843749993 0.4371554578125 0.4901768171875 0.4393605296875 0.5
1 0.8009922828124999 0.685658153125 0.795479603125 0.698428290625 0.7943770671875 0.7072691546875001 0.7965821390625 0.711198428125 0.8031973546875 0.711198428125 0.8042998890625 0.7161100203124999 0.7927232640625 0.7328094296875001 0.7916207281250001 0.74459725 0.7960308703125001 0.7534381140625 0.8026460859375 0.7583497046875001 0.8125689078124999 0.761296659375 0.8296582140625001 0.7583497046875001 0.8357221609375 0.7465618859375 0.8434399125 0.74459725 0.8478500546875001 0.736738703125 0.8461962515625 0.729862475 0.8406835718749999 0.7278978390625 0.83902976875 0.722986246875 0.8406835718749999 0.698428290625 0.8357221609375 0.6807465625 0.834619625 0.6660117875 0.828555678125 0.6444007859374999 0.8180815875 0.6296660125 0.816427784375 0.6110019640625 0.8109151046875 0.6060903734374999 0.8048511578124999 0.6060903734374999 0.8015435500000001 0.610019646875 0.799889746875 0.6178781921875001 0.8037486218750001 0.6316306484374999 0.8042998890625 0.64243615 0.799889746875 0.6581532421875 0.8009922828124999 0.685658153125
1 0.29988974687500003 0.7033398828124999 0.29603087031249997 0.7092337921875 0.28941565625 0.7406679765625 0.278941565625 0.7652259328125 0.27949283281250004 0.76915520625 0.2822491734375 0.774066796875 0.28941565625 0.7711198421875001 0.3042998890625 0.7082514734375 0.3153252484375 0.7072691546875001 0.3175303203125 0.7003929265625 0.3208379265625 0.697445971875 0.3296582140625 0.7062868375 0.33517089375000003 0.7082514734375 0.33902976875 0.7406679765625 0.3417861078125 0.750491159375 0.3417861078125 0.770137525 0.344542446875 0.776031434375 0.349503859375 0.775049115625 0.353362734375 0.76915520625 0.353362734375 0.763261296875 0.3472987875 0.7475442046875 0.3461962515625 0.7151277015625 0.340683571875 0.6935167 0.33902976875 0.678781925 0.33572216093749996 0.6709233796875 0.336273428125 0.6630648328125 0.3417861078125 0.6493123765625 0.34288864375 0.62671905625 0.33902976875 0.609037328125 0.33076075 0.597249509375 0.332965821875 0.584479371875 0.33076075 0.5726915515625 0.3219404625 0.57563850625 0.320286659375 0.5815324171875 0.3208379265625 0.5982318265625 0.31201764062500004 0.6110019640625 0.30981256875 0.622789784375 0.308158765625 0.6561886046875001 0.3009922828125 0.686640471875 0.29988974687500003 0.7033398828124999
1 0.489525909375 0.608055009375 0.4823594265625 0.622789784375 0.47960308749999997 0.6404715125 0.47960308749999997 0.6817288796875001 0.47353914062499997 0.6915520625 0.47353914062499997 0.6954813359375 0.4762954796875 0.698428290625 0.4862183015625 0.698428290625 0.4867695703125 0.66699410625 0.489525909375 0.6561886046875001 0.49007717812499996 0.6375245578125 0.49558985624999996 0.62671905625 0.4944873203125 0.609037328125 0.496141125 0.6021611 0.5027563390625 0.60117878125 0.5071664828125 0.608055009375 0.50826901875 0.6178781921875001 0.51212789375 0.621807465625 0.5154355015625 0.6129666015625 0.518191840625 0.5923379171875001 0.5170893046875 0.5383104125 0.5126791625 0.525540275 0.5071664828125 0.5166994109374999 0.5077177515625 0.504911590625 0.5033076078125001 0.495088409375 0.496141125 0.495088409375 0.49117971406249994 0.50098231875 0.49117971406249994 0.5166994109374999 0.4944873203125 0.5284872296875001 0.4884233734375 0.55009823125 0.4867695703125 0.5667976421875001 0.4823594265625 0.5726915515625 0.4840132296875 0.576620825 0.49228224843749996 0.57563850625 0.4944873203125 0.583497053125 0.489525909375 0.608055009375
1 0.10859977968750001 0.60117878125 0.097023153125 0.627701375 0.09536934999999999 0.6434184671875001 0.089305403125 0.6581532421875 0.089305403125 0.6630648328125 0.09206174218749999 0.667976425 0.099228225 0.66699410625 0.100882028125 0.6493123765625 0.106945975 0.635559921875 0.10970231562499999 0.6237721015625 0.114112459375 0.61394891875 0.12017640624999999 0.610019646875 0.12624035312499998 0.60117878125 0.1312017640625 0.6021611 0.138368246875 0.6129666015625 0.1460859984375 0.6178781921875001 0.16262403593750002 0.647347740625 0.1708930546875 0.667976425 0.175854465625 0.6689587421875001 0.18191841250000002 0.6640471515625 0.1824696796875 0.6571709234374999 0.1742006609375 0.65225933125 0.16979051875 0.6444007859374999 0.1681367140625 0.635559921875 0.1477398015625 0.5992141453125 0.1460859984375 0.5805500984374999 0.14829106875 0.576620825 0.151047409375 0.576620825 0.16482910625 0.597249509375 0.1708930546875 0.597249509375 0.1708930546875 0.5923379171875001 0.1664829109375 0.5874263265625 0.15214994531249998 0.558939096875 0.14057331875 0.546168959375 0.1372657109375 0.532416503125 0.1372657109375 0.5216110015625001 0.133958103125 0.5166994109374999 0.122381478125 0.517681728125 0.12127894218749999 0.5294695484374999 0.10970231562499999 0.546168959375 0.10859977968750001 0.5550098234374999 0.1047409046875 0.5599214140625 0.1003307609375 0.5726915515625 0.09867695625 0.5658153234375 0.09536934999999999 0.5677799609374999 0.09536934999999999 0.576620825 0.1047409046875 0.5795677796875001 0.10859977968750001 0.5854616890625 0.10859977968750001 0.60117878125
1 0.38919514843749997 0.558939096875 0.3809261296875 0.570726915625 0.3836824703125 0.57563850625 0.39525909531250003 0.5746561890625 0.39856670312500003 0.570726915625 0.3980154359375 0.5540275046875001 0.40077177500000005 0.53929273125 0.40793825781250004 0.52652259375 0.4140022046875 0.52455795625 0.41179713281249997 0.5157170921875001 0.4140022046875 0.5088408640625001 0.4244762953125 0.507858546875 0.42943770625 0.51178781875 0.4349503859375 0.505893909375 0.436052921875 0.49607072656250006 0.42502756406250003 0.46267190625000004 0.4140022046875 0.44793713124999995 0.41124586562500004 0.43516699374999995 0.40407938281250005 0.430255403125 0.39966923906249996 0.4332023578125 0.39966923906249996 0.44499017656250006 0.40407938281250005 0.4646365421875 0.4035281140625 0.47347740624999995 0.39966923906249996 0.4872298625 0.3880926125 0.5088408640625001 0.3875413453125 0.517681728125 0.3919514890625 0.530451865625 0.3919514890625 0.5402750484375 0.38919514843749997 0.558939096875
1 0.40904079375 0.56286836875 0.41565600937499997 0.5854616890625 0.4173098125 0.6021611 0.40959206249999996 0.616895875 0.40407938281250005 0.621807465625 0.402425578125 0.671905696875 0.3936052921875 0.6817288796875001 0.394156559375 0.6876227890625 0.40132304375 0.6915520625 0.4101433296875 0.6895874265625 0.40959206249999996 0.6777996078124999 0.41124586562500004 0.672888015625 0.41289966875 0.6365422390625 0.4184123484375 0.627701375 0.4244762953125 0.62671905625 0.43109151093750003 0.620825146875 0.436052921875 0.6237721015625 0.4393605296875 0.6326129671875 0.44707827968749997 0.6434184671875001 0.45038588749999997 0.65324165 0.45920617343750003 0.667976425 0.46085997812499996 0.6777996078124999 0.46416758593749996 0.6817288796875001 0.47023153281249996 0.6817288796875001 0.4707828 0.6777996078124999 0.46306505 0.65225933125 0.4476295484375 0.6257367390625 0.4476295484375 0.610019646875 0.44487320781250006 0.5982318265625 0.44487320781250006 0.5893909625 0.439911796875 0.569744596875 0.436052921875 0.5402750484375 0.4288864390625 0.5284872296875001 0.4288864390625 0.51375245625 0.42557883125 0.507858546875 0.4222712234375 0.506876228125 0.41289966875 0.507858546875 0.4101433296875 0.5108055015625 0.4101433296875 0.5157170921875001 0.41565600937499997 0.532416503125 0.40959206249999996 0.55009823125 0.40904079375 0.56286836875
1 0.5049614109375 0.6699410609374999 0.5033076078125001 0.6944990171875001 0.4966923921875 0.7043222 0.49724366093750005 0.712180746875 0.49558985624999996 0.7170923375 0.49558985624999996 0.73084479375 0.5 0.7544204328124999 0.5005512671875 0.76915520625 0.4906284453125 0.7848722984375 0.4928335171875 0.7907662078125 0.4988974640625 0.7917485265625 0.5088202859375001 0.787819253125 0.5110253578124999 0.7829076625 0.50826901875 0.7711198421875001 0.50826901875 0.7593320234375 0.5170893046875 0.7583497046875001 0.5198456453125 0.7544204328124999 0.5165380374999999 0.736738703125 0.509922821875 0.7288801578124999 0.533076075 0.7072691546875001 0.5363836828124999 0.697445971875 0.5363836828124999 0.6886051078125 0.5341786109375 0.6689587421875001 0.5237045203124999 0.634577603125 0.510474090625 0.622789784375 0.50826901875 0.616895875 0.5077177515625 0.6051080546875001 0.5038588749999999 0.60117878125 0.49558985624999996 0.60117878125 0.49228224843749996 0.6070726921875 0.496141125 0.6257367390625 0.5005512671875 0.6316306484374999 0.502205071875 0.6581532421875 0.5049614109375 0.6699410609374999
1 0.23042998906249998 0.82023575625 0.2370452046875 0.83300589375 0.2370452046875 0.8428290765625001 0.22601984531250002 0.866404715625 0.22601984531250002 0.8752455796874999 0.22877618593750002 0.8821218078124999 0.22767365 0.8899803531250001 0.22326350625 0.8939096265625001 0.2348401328125 0.93516699375 0.22767365 0.953831040625 0.22877618593750002 0.9567779953125 0.23759647187500002 0.9577603140625 0.2431091515625 0.9528487234374999 0.23594266875 0.8909626718749999 0.2442116875 0.8762278984374999 0.2535832421875 0.8673870328125 0.257993384375 0.8693516703125 0.26185226093749997 0.8762278984374999 0.26736493906250003 0.877210215625 0.2734288859375 0.8850687625000001 0.275082690625 0.8939096265625001 0.29382579999999997 0.9125736734375 0.30154355 0.9390962671875001 0.30374862187499996 0.9400785859375 0.308158765625 0.93516699375 0.307607496875 0.923379175 0.3009922828125 0.9155206281250001 0.2943770671875 0.8948919453125 0.2899669234375 0.88605108125 0.28390297656249996 0.8811394890625 0.2778390296875 0.87131630625 0.2772877625 0.8644400781250001 0.266262403125 0.8290766203125 0.26405733124999997 0.8143418468749999 0.2574421171875 0.79469548125 0.2568908484375 0.775049115625 0.2552370453125 0.770137525 0.250275634375 0.762278978125 0.24145534687499998 0.7583497046875001 0.23869900781250003 0.7524557953125 0.23814773906250003 0.737721021875 0.2326350609375 0.729862475 0.22932745312499997 0.729862475 0.224917309375 0.738703340625 0.22712238125 0.770137525 0.22160970156249998 0.787819253125 0.2199558984375 0.8123772109375 0.2116868796875 0.83300589375 0.20286659375 0.84774066875 0.20286659375 0.8555992140625 0.208379271875 0.8555992140625 0.21664829062500002 0.8388998031250001 0.23042998906249998 0.82023575625