2 0.52094818125 0.596267190625 0.5214994484375 0.58840864375 0.518191840625 0.58840864375 0.5071664828125 0.608055009375 0.4994487328125 0.61394891875 0.5005512671875 0.621807465625 0.506615215625 0.620825146875 0.5137816984375 0.6051080546875001 0.52094818125 0.596267190625
2 0.74751929375 0.63948919375 0.74751929375 0.646365421875 0.7535832421875 0.6552062875 0.757993384375 0.6552062875 0.762403528125 0.6493123765625 0.78941565625 0.633595284375 0.7971334062500001 0.622789784375 0.7916207281250001 0.622789784375 0.778941565625 0.634577603125 0.7590959203125001 0.646365421875 0.7513781703125 0.63948919375 0.74751929375 0.63948919375
2 0.5920617421875 0.576620825 0.59481808125 0.5726915515625 0.5959206171875 0.56286836875 0.5997794921875 0.5559921421875 0.5986769562500001 0.55009823125 0.5959206171875 0.5540275046875001 0.59095920625 0.5658153234375 0.58710033125 0.569744596875 0.58710033125 0.5746561890625 0.5920617421875 0.576620825
2 0.6052921718750001 0.5098231828124999 0.601433296875 0.51178781875 0.5986769562500001 0.546168959375 0.6030871 0.5383104125 0.605843440625 0.52455795625 0.6052921718750001 0.5098231828124999
2 0.39966923906249996 0.544204321875 0.40407938281250005 0.5530451859375 0.40407938281250005 0.5402750484375 0.40132304375 0.532416503125 0.40407938281250005 0.5294695484374999 0.40407938281250005 0.52455795625 0.40022050781249996 0.5166994109374999 0.39966923906249996 0.533398821875 0.402425578125 0.53732809375 0.39966923906249996 0.538801571875 0.39966923906249996 0.544204321875
2 0.1047409046875 0.49607072656250006 0.101433296875 0.49607072656250006 0.09867695625 0.5039292734374999 0.0981256890625 0.51178781875 0.10308710000000001 0.5098231828124999 0.10529217187499999 0.50098231875 0.1047409046875 0.49607072656250006
2 0.1025358328125 0.801571709375 0.099228225 0.7976424359375 0.097023153125 0.7996070734375 0.101433296875 0.83300589375 0.10363836875000002 0.83300589375 0.1047409046875 0.826129665625 0.1025358328125 0.801571709375
2 0.320286659375 0.736738703125 0.3114663734375 0.749508840625 0.3087100328125 0.749508840625 0.3042998890625 0.75540275 0.30319735468750003 0.762278978125 0.3109151046875 0.762278978125 0.32579933906249997 0.735756384375 0.320286659375 0.736738703125
2 0.663175303125 0.9145383109375 0.6659316421875 0.9135559921875 0.66482910625 0.8339882125000001 0.6642778390624999 0.8310412578124999 0.66097023125 0.8300589390625 0.66097023125 0.9106090375000001 0.66482910625 0.9263261296874999 0.6659316421875 0.9194499015625001 0.663175303125 0.9145383109375
2 0.6581659546874999 0.9185957124999999 0.6527012125 0.9145383109375 0.6482910687500001 0.9066797640625 0.6433296578125 0.8899803531250001 0.6416758546875 0.8909626718749999 0.64002205 0.8948919453125 0.64002205 0.9047151281250001 0.6433296578125 0.9145383109375 0.6515986765624999 0.9184675828125 0.6560088203125 0.92436149375 0.6581659546874999 0.9185957124999999
1 0.07331863281249999 0.5677799609374999 0.0711135609375 0.5805500984374999 0.0755237046875 0.583497053125 0.0788313125 0.5795677796875001 0.0777287765625 0.5422396859374999 0.080485115625 0.53732809375 0.0865490625 0.5422396859374999 0.09536934999999999 0.57563850625 0.1025358328125 0.5746561890625 0.0959206171875 0.558939096875 0.09426681406250001 0.546168959375 0.0882028671875 0.5284872296875001 0.0876515984375 0.48821218125000004 0.0815876515625 0.474459725 0.0777287765625 0.4567779953125 0.0738699 0.455795678125 0.072216096875 0.4587426328125 0.070011025 0.47347740624999995 0.06615214999999999 0.47838899843749993 0.063947078125 0.48919449843749996 0.06339581093749999 0.506876228125 0.0689084890625 0.517681728125 0.070011025 0.5540275046875001 0.07331863281249999 0.5677799609374999
1 0.6085997796875 0.5530451859375 0.6168687984375001 0.5638506875 0.6168687984375001 0.5815324171875 0.6196251375 0.584479371875 0.622381478125 0.5795677796875001 0.6207276734375 0.5383104125 0.6240352812500001 0.5029469546875001 0.6168687984375001 0.4872298625 0.6157662625 0.469548134375 0.6130099234374999 0.466601178125 0.6085997796875 0.469548134375 0.6080485109375 0.482318271875 0.6047409046875 0.48919449843749996 0.606945975 0.5422396859374999 0.6085997796875 0.5530451859375
1 0.4173098125 0.576620825 0.4173098125 0.58840864375 0.41565600937499997 0.5933202359374999 0.4184123484375 0.596267190625 0.43164277812499996 0.5913555984375 0.429988975 0.57563850625 0.4173098125 0.55009823125 0.4173098125 0.517681728125 0.4200661515625 0.51178781875 0.4173098125 0.49607072656250006 0.41289966875 0.48919449843749996 0.41124586562500004 0.47838899843749993 0.40793825781250004 0.47249508906250004 0.40407938281250005 0.47347740624999995 0.40132304375 0.4872298625 0.40022050781249996 0.5225933203124999 0.40407938281250005 0.5491159140625 0.4140022046875 0.5736738703125 0.4173098125 0.576620825
1 0.8015435500000001 0.6296660125 0.7987872109375 0.65324165 0.8026460859375 0.6561886046875001 0.8004410140625 0.660117878125 0.7987872109375 0.659135559375 0.7921719953124999 0.672888015625 0.7850055125 0.673870334375 0.7855567812500001 0.6777996078124999 0.7916207281250001 0.685658153125 0.7982359421874999 0.685658153125 0.799889746875 0.6620825140625 0.8054024249999999 0.65225933125 0.8109151046875 0.65225933125 0.8241455343749999 0.6827111984374999 0.8230429984375001 0.7023575640625 0.8296582140625001 0.7013752453125 0.8318632859375 0.6915520625 0.828555678125 0.673870334375 0.8219404625 0.6581532421875 0.8208379265625 0.627701375 0.816427784375 0.61591355625 0.8120176406249999 0.5923379171875001 0.8048511578124999 0.5785854609375 0.8042998890625 0.571709234375 0.8015435500000001 0.5658153234375 0.7965821390625 0.5658153234375 0.7938258 0.569744596875 0.7943770671875 0.5746561890625 0.7927232640625 0.576620825 0.7949283359375 0.584479371875 0.795479603125 0.6188605109374999 0.7993384781249999 0.622789784375 0.8015435500000001 0.6296660125
1 0.06504961406250001 0.8595284875000001 0.06615214999999999 0.8762278984374999 0.0694597578125 0.8811394890625 0.07331863281249999 0.8821218078124999 0.0854465265625 0.8811394890625 0.0854465265625 0.872298625 0.0815876515625 0.87131630625 0.080485115625 0.8644400781250001 0.0865490625 0.84675835 0.0898566703125 0.8251473484374999 0.08710033125 0.7956778 0.0882028671875 0.78192534375 0.09151047343749999 0.770137525 0.09481808124999999 0.7711198421875001 0.09426681406250001 0.7937131625 0.09867695625 0.8045186640624999 0.101433296875 0.79469548125 0.09867695625 0.7671905703124999 0.09481808124999999 0.7465618859375 0.09151047343749999 0.7396856578125 0.09095920625000001 0.7200392921875001 0.084895259375 0.719056975 0.081036384375 0.7220039296875 0.081036384375 0.7406679765625 0.0694597578125 0.7662082515625 0.06560088124999999 0.7976424359375 0.0667034171875 0.8123772109375 0.07331863281249999 0.827111984375 0.072767365625 0.8369351671875 0.06504961406250001 0.8595284875000001
1 0.33131201718750003 0.7200392921875001 0.3335170890625 0.7524557953125 0.33020948125 0.774066796875 0.32414553437500004 0.787819253125 0.32579933906249997 0.7917485265625 0.33186328593750003 0.79469548125 0.33461962500000003 0.7917485265625 0.33517089375000003 0.774066796875 0.340683571875 0.7671905703124999 0.3500551265625 0.7662082515625 0.34785005468749997 0.75540275 0.3434399125 0.751473478125 0.34288864375 0.74361493125 0.3500551265625 0.7200392921875001 0.35170893125 0.7072691546875001 0.3500551265625 0.678781925 0.34674751875 0.6660117875 0.33902976875 0.65324165 0.3379272328125 0.6404715125 0.33131201718750003 0.63948919375 0.3291069453125 0.647347740625 0.33020948125 0.684675834375 0.33461962500000003 0.6954813359375 0.33461962500000003 0.7062868375 0.33131201718750003 0.7200392921875001
1 0.7927232640625 0.6385068765625 0.791069459375 0.6316306484374999 0.7883131203125 0.6316306484374999 0.787210584375 0.635559921875 0.7866593171875 0.6434184671875001 0.78941565625 0.647347740625 0.7916207281250001 0.646365421875 0.7927232640625 0.6385068765625
1 0.7927232640625 0.621807465625 0.7943770671875 0.6188605109374999 0.7927232640625 0.6149312375 0.7927232640625 0.621807465625
1 0.7916207281250001 0.5795677796875001 0.7949283359375 0.5815324171875 0.7916207281250001 0.5849705296875001 0.7916207281250001 0.5933202359374999 0.7960308703125001 0.6001964640625 0.7971334062500001 0.5943025546875 0.795479603125 0.59037328125 0.7949283359375 0.5687622796875 0.80209481875 0.5677799609374999 0.8037486218750001 0.5736738703125 0.8070562296875 0.576620825 0.8081587656250001 0.5667976421875001 0.8131201765625 0.5559921421875 0.8120176406249999 0.5383104125 0.8042998890625 0.5225933203124999 0.8031973546875 0.507858546875 0.8004410140625 0.504911590625 0.7960308703125001 0.504911590625 0.7927232640625 0.51178781875 0.7921719953124999 0.5294695484374999 0.7855567812500001 0.5550098234374999 0.7850055125 0.570726915625 0.7866593171875 0.57563850625 0.7899669234375 0.5746561890625 0.7916207281250001 0.5795677796875001
1 0.5303197359375 0.6237721015625 0.533076075 0.621807465625 0.5413450937500001 0.596267190625 0.542998896875 0.57563850625 0.5468577734375 0.5638506875 0.5468577734375 0.5491159140625 0.5418963609375 0.530451865625 0.535281146875 0.5225933203124999 0.5325248078125 0.5127701375 0.52866593125 0.5108055015625 0.5253583234375 0.5166994109374999 0.52480705625 0.584479371875 0.5275633953125001 0.6001964640625 0.526460859375 0.620825146875 0.5303197359375 0.6237721015625
1 0.493936053125 0.48919449843749996 0.49503858906250003 0.492141453125 0.4873208375 0.5 0.4867695703125 0.505893909375 0.4928335171875 0.506876228125 0.497794928125 0.48330058906250006 0.50441014375 0.4774066796875 0.5214994484375 0.49115913593749994 0.52480705625 0.49607072656250006 0.5259095921875 0.5029469546875001 0.5292171999999999 0.504911590625 0.5297684671875 0.48919449843749996 0.5226019843749999 0.48624754374999996 0.518191840625 0.479371315625 0.5126791625 0.45284872343749993 0.5093715546875 0.44793713124999995 0.5077177515625 0.4361493125 0.49724366093750005 0.4204322203125 0.4944873203125 0.429273084375 0.49724366093750005 0.468565815625 0.493936053125 0.47838899843749993 0.496141125 0.48330058906250006 0.493936053125 0.48919449843749996
1 0.76901874375 0.58840864375 0.7723263499999999 0.58840864375 0.774531421875 0.5815324171875 0.7701212796875 0.5530451859375 0.7734288859375 0.55009823125 0.7761852265625 0.5550098234374999 0.7778390296875 0.571709234375 0.78059536875 0.57563850625 0.778941565625 0.597249509375 0.7844542453125001 0.5982318265625 0.7861080484375 0.5943025546875 0.7822491734375 0.55206286875 0.7822491734375 0.49901768124999996 0.7761852265625 0.481335953125 0.7734288859375 0.46561886093749993 0.7695700109375 0.46561886093749993 0.7668136718749999 0.47249508906250004 0.766262403125 0.519646365625 0.7613009921875 0.5540275046875001 0.7679162078124999 0.576620825 0.76901874375 0.58840864375
1 0.8434399125 0.507858546875 0.8472987875 0.48919449843749996 0.8511576625 0.4872298625 0.8517089312499999 0.51178781875 0.8561190734374999 0.51178781875 0.8588754140624999 0.48821218125000004 0.8588754140624999 0.46561886093749993 0.8632855562499999 0.44891945 0.8632855562499999 0.4312377203125 0.8561190734374999 0.40667976406250006 0.8517089312499999 0.40667976406250006 0.8478500546875001 0.4106090375 0.8434399125 0.428290765625 0.8417861078125 0.469548134375 0.8428886437499999 0.479371315625 0.8395810359375 0.507858546875 0.8434399125 0.507858546875