2 0.716648290625 0.6060903734374999 0.7078280046875001 0.620825146875 0.708930540625 0.627701375 0.704520396875 0.62671905625 0.7050716640625 0.6306483296875001 0.7111356125 0.62671905625 0.716648290625 0.616895875 0.716648290625 0.6060903734374999
2 0.0319735390625 0.9616895875000001 0.034729878125 0.9410609031250001 0.0336273421875 0.9322200390625 0.0275633953125 0.9312377203125 0.024255789062499998 0.9656188609375 0.0137816984375 0.9931237718749999 0.0132304296875 0.99901768125 0.018191840625 0.99901768125 0.027012128125 0.969548134375 0.0319735390625 0.9616895875000001
2 0.20562293281250002 0.5235756390625 0.212789415625 0.5363457765625 0.2199558984375 0.5363457765625 0.2199558984375 0.533398821875 0.2155457546875 0.5294695484374999 0.19900771718750002 0.5 0.1951488421875 0.5019646359375 0.20286659375 0.5166994109374999 0.208379271875 0.517681728125 0.20562293281250002 0.5235756390625
2 0.10859977968750001 0.7917485265625 0.106945975 0.787819253125 0.1041896359375 0.787819253125 0.09536934999999999 0.800589390625 0.09371554531250001 0.8055009828124999 0.09536934999999999 0.8359528484375 0.0997794921875 0.832023575 0.10008575312500001 0.835843703125 0.099228225 0.8182711203125 0.10859977968750001 0.7917485265625
2 0.101433296875 0.8634577609375 0.1003307609375 0.840864440625 0.1003307609375 0.84577603125 0.0959206171875 0.8447937124999999 0.0964718859375 0.8595284875000001 0.0997794921875 0.8909626718749999 0.1025358328125 0.8939096265625001 0.1047409046875 0.88605108125 0.101433296875 0.8634577609375
2 0.4944873203125 0.596267190625 0.49558985624999996 0.5943025546875 0.4928335171875 0.58840864375 0.496141125 0.582514734375 0.4994487328125 0.5874263265625 0.5038588749999999 0.5785854609375 0.50826901875 0.56286836875 0.50441014375 0.56286836875 0.497794928125 0.5785854609375 0.4873208375 0.5913555984375 0.48787210625000005 0.596267190625 0.4944873203125 0.596267190625
2 0.526460859375 0.74361493125 0.533076075 0.7170923375 0.533076075 0.7062868375 0.5292171999999999 0.712180746875 0.5214994484375 0.749508840625 0.5176405734375 0.7544204328124999 0.5170893046875 0.7583497046875001 0.5198456453125 0.762278978125 0.5253583234375 0.7573673875 0.526460859375 0.74361493125
1 0.6394707828125 0.661100196875 0.6394707828125 0.667976425 0.6438809265625001 0.667976425 0.6488423375 0.661100196875 0.6543550171875 0.6650294703124999 0.654906284375 0.671905696875 0.65325248125 0.673870334375 0.6521499453125 0.6876227890625 0.6527012125 0.7062868375 0.6598676953125 0.7141453828125 0.667585446875 0.7288801578124999 0.6642778390624999 0.737721021875 0.66482910625 0.7416502953124999 0.673098125 0.7406679765625 0.6747519296875 0.736738703125 0.6742006609375 0.71807465625 0.6780595375 0.7131630640625 0.679713340625 0.7062868375 0.6786108046875 0.7033398828124999 0.6692392500000001 0.7013752453125 0.6692392500000001 0.69253438125 0.673098125 0.6777996078124999 0.6725468578125 0.6660117875 0.659316428125 0.6296660125 0.6521499453125 0.622789784375 0.6504961406249999 0.610019646875 0.6444321937499999 0.609037328125 0.64002205 0.61394891875 0.64002205 0.621807465625 0.6444321937499999 0.63948919375 0.6444321937499999 0.6512770140625 0.6394707828125 0.661100196875
1 0.465270121875 0.6561886046875001 0.4674751921875 0.659135559375 0.47188533593750004 0.6895874265625 0.4674751921875 0.74459725 0.46085997812499996 0.7593320234375 0.4614112453125 0.7652259328125 0.466923925 0.7711198421875001 0.4696802640625 0.76915520625 0.47023153281249996 0.7603143421875 0.47353914062499997 0.7524557953125 0.4746416765625 0.737721021875 0.47905181875 0.7170923375 0.4884233734375 0.7033398828124999 0.49724366093750005 0.6944990171875001 0.5005512671875 0.6944990171875001 0.5027563390625 0.6905697453124999 0.5027563390625 0.6827111984374999 0.5 0.6807465625 0.49007717812499996 0.6886051078125 0.489525909375 0.6836935171875 0.4944873203125 0.6640471515625 0.493936053125 0.6444007859374999 0.49007717812499996 0.633595284375 0.47850055156250004 0.6198428296875 0.47574421093749997 0.6060903734374999 0.4724366046875 0.6021611 0.4663726578125 0.6051080546875001 0.46306505 0.6385068765625 0.45644983437500003 0.659135559375 0.45920617343750003 0.6620825140625 0.465270121875 0.6561886046875001
1 0 0.9921414531250001 0.0033076078124999997 0.99901768125 0.0132304296875 0.99901768125 0.0170893046875 0.9872298625000001 0.016538037499999998 0.9705304515625001 0.012679162499999999 0.9597249515625 0.008269018749999999 0.953831040625 0.008269018749999999 0.92436149375 0.0066152156249999995 0.9204322203125 0.002205071875 0.9204322203125 0 0.92239685625 0 0.9921414531250001
1 0.7177508265625 0.582514734375 0.7138919515625 0.58840864375 0.7177508265625 0.597249509375 0.717199559375 0.6247544203125 0.7205071671875001 0.65324165 0.7199558984375 0.6689587421875001 0.716648290625 0.6777996078124999 0.7205071671875001 0.6807465625 0.7221609703125 0.685658153125 0.717199559375 0.6964636546875 0.7199558984375 0.699410609375 0.72712238125 0.699410609375 0.7304299890625 0.697445971875 0.729327453125 0.6404715125 0.7326350609375 0.622789784375 0.733737596875 0.576620825 0.7304299890625 0.5618860515625 0.7298787203125 0.5383104125 0.7265711140625 0.5343811390625001 0.7216097015625 0.5343811390625001 0.7188533625 0.5422396859374999 0.7188533625 0.5540275046875001 0.721058434375 0.5599214140625 0.7205071671875001 0.570726915625 0.7177508265625 0.582514734375
1 0.533076075 0.7043222 0.533076075 0.7082514734375 0.5363836828124999 0.710216109375 0.539140021875 0.7072691546875001 0.539691290625 0.719056975 0.5347298781250001 0.74361493125 0.5336273421875 0.7829076625 0.527012128125 0.7917485265625 0.5275633953125001 0.7956778 0.533076075 0.800589390625 0.5385887546875 0.800589390625 0.5413450937500001 0.7956778 0.5402425578125001 0.776031434375 0.5418963609375 0.7730844796875 0.5463065046875 0.7789783890625 0.5468577734375 0.7838899796875001 0.551267915625 0.7868369359375 0.5584343984375 0.787819253125 0.5600882031250001 0.7848722984375 0.55788313125 0.774066796875 0.5567805953125 0.74459725 0.5573318640625 0.729862475 0.5606394703124999 0.7161100203124999 0.5589856671875 0.667976425 0.5562293281249999 0.6561886046875001 0.5474090406250001 0.646365421875 0.5463065046875 0.6365422390625 0.5424476296875 0.6306483296875001 0.5385887546875 0.6306483296875001 0.5363836828124999 0.635559921875 0.5363836828124999 0.647347740625 0.5385887546875 0.6571709234374999 0.539140021875 0.6944990171875001 0.533076075 0.7043222
1 0.1108048515625 0.8821218078124999 0.101433296875 0.8939096265625001 0.100882028125 0.8978389 0.10363836875000002 0.9017681734374999 0.10859977968750001 0.9007858546874999 0.11852260156250001 0.8850687625000001 0.12403528125 0.8899803531250001 0.12403528125 0.9361493125000001 0.1267916203125 0.9597249515625 0.13561190781250002 0.98624754375 0.142227121875 0.99901768125 0.14939360468750001 0.99901768125 0.150496140625 0.994106090625 0.1477398015625 0.9774066796875 0.14829106875 0.94990176875 0.150496140625 0.9440078578125 0.154906284375 0.9400785859375 0.15711135625 0.92436149375 0.1604189640625 0.9145383109375 0.1604189640625 0.8821218078124999 0.15600882031250002 0.8693516703125 0.142227121875 0.84675835 0.1416758546875 0.8339882125000001 0.1394707828125 0.8300589390625 0.13009922812500002 0.8300589390625 0.12624035312499998 0.8349705296875 0.12568908437499998 0.8506876234374999 0.1168687984375 0.8644400781250001 0.1168687984375 0.8683693515625001 0.1108048515625 0.8821218078124999
1 0.1742006609375 0.5353634578124999 0.18357221562499998 0.53732809375 0.18632855625 0.546168959375 0.1912899671875 0.546168959375 0.1912899671875 0.53732809375 0.1868798234375 0.5157170921875001 0.1868798234375 0.5019646359375 0.1957001109375 0.49803536406250004 0.1934950390625 0.468565815625 0.1968026453125 0.4440078578125 0.1968026453125 0.4332023578125 0.1951488421875 0.428290765625 0.1874310921875 0.428290765625 0.1852260203125 0.4390962671875 0.17861080468749999 0.4440078578125 0.1742006609375 0.45284872343749993 0.1708930546875 0.466601178125 0.1708930546875 0.482318271875 0.1769570015625 0.48821218125000004 0.17861080468749999 0.50098231875 0.1742006609375 0.5353634578124999
1 0.51212789375 0.5383104125 0.51212789375 0.558939096875 0.5159867703125001 0.60117878125 0.5154355015625 0.608055009375 0.5110253578124999 0.6178781921875001 0.5126791625 0.622789784375 0.5220507171875 0.622789784375 0.5226019843749999 0.571709234375 0.52866593125 0.5432220046875 0.530871003125 0.5127701375 0.5303197359375 0.507858546875 0.5220507171875 0.494106090625 0.5214994484375 0.479371315625 0.518743109375 0.474459725 0.5132304296875 0.474459725 0.5093715546875 0.48624754374999996 0.5115766265625 0.49901768124999996 0.5093715546875 0.5039292734374999 0.5071664828125 0.5284872296875001 0.51212789375 0.5383104125