2 0.50826901875 0.671905696875 0.5198456453125 0.6561886046875001 0.5198456453125 0.647347740625 0.514332965625 0.6404715125 0.5115766265625 0.65324165 0.502205071875 0.667976425 0.5027563390625 0.671905696875 0.50826901875 0.671905696875
2 0.51212789375 0.5383104125 0.5093715546875 0.5353634578124999 0.5011025359375 0.5108055015625 0.5027563390625 0.49607072656250006 0.5005512671875 0.495088409375 0.49724366093750005 0.5 0.49724366093750005 0.5166994109374999 0.5115766265625 0.5530451859375 0.5159867703125001 0.5550098234374999 0.51212789375 0.5383104125
2 0.8820286656249999 0.9656188609375 0.8792723265625 0.9705304515625001 0.8737596468750001 0.994106090625 0.8776185218749999 0.9931237718749999 0.8847850062499999 0.9656188609375 0.8820286656249999 0.9656188609375
2 0.9244762953125001 0.750491159375 0.9217199562499999 0.750491159375 0.907386990625 0.7779960703125 0.8996692390625001 0.7829076625 0.8996692390625001 0.7917485265625 0.907386990625 0.787819253125 0.9244762953125001 0.7573673875 0.9244762953125001 0.750491159375
2 0.502205071875 0.51375245625 0.5033076078125001 0.49607072656250006 0.5005512671875 0.494106090625 0.4966923921875 0.50098231875 0.49558985624999996 0.5108055015625 0.501653803125 0.520628684375 0.5 0.517681728125 0.502205071875 0.51375245625
2 0.5220507171875 0.6905697453124999 0.518191840625 0.6944990171875001 0.5170893046875 0.7013752453125 0.5126791625 0.7092337921875 0.514332965625 0.7151277015625 0.5088202859375001 0.7161100203124999 0.50826901875 0.7200392921875001 0.5115766265625 0.722986246875 0.52094818125 0.7033398828124999 0.5220507171875 0.6905697453124999
0 0.1951488421875 0.7583497046875001 0.1885336265625 0.7583497046875001 0.1868798234375 0.763261296875 0.1885336265625 0.7711198421875001 0.194597575 0.7662082515625 0.1951488421875 0.7583497046875001
1 0.8561190734374999 0.8889980359375 0.861080484375 0.8821218078124999 0.8643880921875 0.88605108125 0.8649393609375 0.89882121875 0.8632855562499999 0.9076620828124999 0.853362734375 0.92436149375 0.8511576625 0.9361493125000001 0.8478500546875001 0.9410609031250001 0.8434399125 0.9577603140625 0.8434399125 0.9774066796875 0.8461962515625 0.994106090625 0.8484013234375001 0.99901768125 0.8605292171875 0.99901768125 0.861080484375 0.9960707265625001 0.8649393609375 0.995088409375 0.8665931640625001 0.9705304515625001 0.869900771875 0.9577603140625 0.8776185218749999 0.9518664046875 0.886438809375 0.9400785859375 0.893054025 0.9194499015625001 0.898566703125 0.923379175 0.902425578125 0.8978389 0.902425578125 0.8762278984374999 0.8941565593749999 0.8428290765625001 0.8781697906250001 0.8241650296874999 0.8809261296875001 0.800589390625 0.8776185218749999 0.7907662078125 0.869349503125 0.7917485265625 0.8665931640625001 0.7966601171875001 0.8649393609375 0.8025540281250001 0.8660418968749999 0.826129665625 0.8566703421874999 0.8379174859375 0.8506063953125 0.87328094375 0.84674751875 0.8811394890625 0.8379272328124999 0.8870333984375 0.8379272328124999 0.89685658125 0.8423373765625 0.8978389 0.8450937156249999 0.8939096265625001 0.8561190734374999 0.8889980359375
1 0.502205071875 0.6149312375 0.4994487328125 0.609037328125 0.4906284453125 0.6119842828125 0.48787210625000005 0.620825146875 0.49117971406249994 0.6237721015625 0.49724366093750005 0.622789784375 0.502205071875 0.6149312375
1 0.5071664828125 0.5667976421875001 0.50826901875 0.583497053125 0.5170893046875 0.597249509375 0.5203969125000001 0.597249509375 0.5220507171875 0.5943025546875 0.5220507171875 0.582514734375 0.5319735390625 0.5677799609374999 0.5341786109375 0.55108055 0.533076075 0.52455795625 0.5303197359375 0.51375245625 0.5259095921875 0.507858546875 0.5242557890625 0.49115913593749994 0.5159867703125001 0.492141453125 0.5137816984375 0.5019646359375 0.5154355015625 0.5157170921875001 0.51212789375 0.52455795625 0.50826901875 0.5275049109375 0.50826901875 0.533398821875 0.5126791625 0.5471512765625001 0.51212789375 0.5540275046875001 0.5071664828125 0.5667976421875001
1 0.93825799375 0.7072691546875001 0.929988975 0.712180746875 0.929988975 0.7406679765625 0.92557883125 0.75540275 0.92557883125 0.762278978125 0.9310915109375 0.776031434375 0.9305402421875 0.7907662078125 0.9426681359375 0.801571709375 0.94597574375 0.8123772109375 0.944321940625 0.8231827109375001 0.9465270125 0.8241650296874999 0.9558985671875 0.8133595281250001 0.956449834375 0.8094302546875 0.9437706718750001 0.7789783890625 0.9404630656249999 0.7603143421875 0.9448732078125 0.749508840625 0.9597574421875 0.7269155203125 0.960308709375 0.684675834375 0.9592061734374999 0.6689587421875001 0.9520396906249999 0.646365421875 0.9514884234375 0.6306483296875001 0.9492833515625 0.622789784375 0.94597574375 0.6188605109374999 0.9393605296875001 0.6188605109374999 0.93439911875 0.62671905625 0.9349503859375 0.6434184671875001 0.9393605296875001 0.65225933125 0.9393605296875001 0.7033398828124999 0.93825799375 0.7072691546875001
1 0.5132304296875 0.6365422390625 0.5126791625 0.65225933125 0.509922821875 0.659135559375 0.5126791625 0.6640471515625 0.5093715546875 0.667976425 0.5077177515625 0.6640471515625 0.5049614109375 0.667976425 0.50826901875 0.6689587421875001 0.5203969125000001 0.6620825140625 0.523153253125 0.6699410609374999 0.5214994484375 0.7043222 0.5253583234375 0.7151277015625 0.531422271875 0.722986246875 0.5457552375 0.729862475 0.547960309375 0.7426326125 0.5501653796875 0.7455795671875001 0.5529217203125001 0.74459725 0.5551267921874999 0.737721021875 0.5551267921874999 0.7288801578124999 0.5457552375 0.7141453828125 0.5385887546875 0.69253438125 0.542998896875 0.6650294703124999 0.539140021875 0.6237721015625 0.5336273421875 0.6149312375 0.5214994484375 0.6051080546875001 0.5165380374999999 0.5923379171875001 0.51212789375 0.5874263265625 0.50441014375 0.58840864375 0.5005512671875 0.5933202359374999 0.5 0.6041257375 0.5055126796875 0.6129666015625 0.5093715546875 0.6149312375 0.5132304296875 0.6365422390625
1 0.5832414546875 0.7072691546875001 0.5876515984374999 0.711198428125 0.5937155453125 0.7082514734375 0.5920617421875 0.6964636546875 0.5915104734375001 0.660117878125 0.5931642781249999 0.6561886046875001 0.599228225 0.6552062875 0.6041896359375001 0.6660117875 0.609151046875 0.7072691546875001 0.6113561187500001 0.711198428125 0.614112459375 0.711198428125 0.6157662625 0.7082514734375 0.6157662625 0.699410609375 0.6130099234374999 0.69253438125 0.6130099234374999 0.6699410609374999 0.609151046875 0.6581532421875 0.609151046875 0.5923379171875001 0.606945975 0.571709234375 0.6025358328125 0.56286836875 0.5964718859375 0.556974459375 0.5959206171875 0.5432220046875 0.5931642781249999 0.53732809375 0.5876515984374999 0.5383104125 0.5859977953125 0.5422396859374999 0.584895259375 0.5677799609374999 0.5865490624999999 0.6296660125 0.5837927234375 0.667976425 0.5865490624999999 0.6915520625 0.5832414546875 0.7072691546875001
1 0.38478500625 0.584479371875 0.38478500625 0.5795677796875001 0.3831312015625 0.5785854609375 0.3792723265625 0.5854616890625 0.37982359374999997 0.5913555984375 0.382579934375 0.5913555984375 0.38478500625 0.584479371875
1 0.4101433296875 0.597249509375 0.41124586562500004 0.5933202359374999 0.40904079375 0.5864440078125 0.4084895265625 0.571709234375 0.40407938281250005 0.571709234375 0.402976846875 0.5746561890625 0.40463065 0.5923379171875001 0.40738699062499995 0.597249509375 0.4101433296875 0.597249509375
1 0.3869900765625 0.517681728125 0.3853362734375 0.5432220046875 0.386438809375 0.5746561890625 0.3914002203125 0.5638506875 0.39250275625 0.5383104125 0.3969129 0.530451865625 0.40022050781249996 0.5294695484374999 0.40077177500000005 0.5402750484375 0.4084895265625 0.5491159140625 0.40904079375 0.5039292734374999 0.41179713281249997 0.49901768124999996 0.4123484015625 0.492141453125 0.4084895265625 0.47544204375000004 0.4035281140625 0.466601178125 0.39581036406250003 0.46070726874999995 0.3936052921875 0.44793713124999995 0.38919514843749997 0.4440078578125 0.3869900765625 0.44499017656250006 0.3853362734375 0.45088408593749996 0.38478500625 0.4646365421875 0.3814773984375 0.474459725 0.3814773984375 0.48526522656250004 0.3869900765625 0.517681728125