2 0.7668136718749999 0.5363457765625 0.76901874375 0.5294695484374999 0.75633958125 0.5343811390625001 0.7425578828125 0.5471512765625001 0.742006615625 0.55009823125 0.74751929375 0.55009823125 0.7491730984375 0.546168959375 0.7668136718749999 0.5363457765625
0 0.1267916203125 0.6944990171875001 0.1267916203125 0.7023575640625 0.13009922812500002 0.7023575640625 0.1312017640625 0.6954813359375 0.1267916203125 0.6944990171875001
1 0.033076074999999996 0.647347740625 0.0407938265625 0.6493123765625 0.0468577734375 0.647347740625 0.0589856671875 0.635559921875 0.060088203124999996 0.622789784375 0.0567805953125 0.608055009375 0.055126792187499996 0.57563850625 0.0468577734375 0.546168959375 0.039140021875 0.546168959375 0.0358324140625 0.5530451859375 0.035281146875 0.5658153234375 0.030319735937499998 0.576620825 0.0292172 0.5923379171875001 0.029768467187499998 0.621807465625 0.027012128125 0.635559921875 0.029768467187499998 0.6434184671875001 0.033076074999999996 0.647347740625
1 0.75248070625 0.724950884375 0.74751929375 0.74459725 0.742006615625 0.7573673875 0.7447629546875 0.7711198421875001 0.74751929375 0.775049115625 0.7513781703125 0.7721021609375 0.750275634375 0.7593320234375 0.7535832421875 0.7455795671875001 0.762403528125 0.7278978390625 0.76901874375 0.7210216109375 0.7734288859375 0.723968565625 0.7734288859375 0.74459725 0.7701212796875 0.749508840625 0.7701212796875 0.7534381140625 0.7783902984375 0.761296659375 0.7861080484375 0.761296659375 0.7822491734375 0.7455795671875001 0.783351709375 0.712180746875 0.7850055125 0.7082514734375 0.7839029765625 0.6915520625 0.78941565625 0.6777996078124999 0.7866593171875 0.6493123765625 0.782800440625 0.64145383125 0.7811466375 0.627701375 0.7783902984375 0.622789784375 0.77287761875 0.6237721015625 0.7717750828125001 0.6316306484374999 0.7613009921875 0.6444007859374999 0.762403528125 0.6768172890625 0.7607497249999999 0.6836935171875 0.7596471890625 0.7141453828125 0.75248070625 0.724950884375
1 0.208379271875 0.9557956781250001 0.208379271875 0.9273084484374999 0.20286659375 0.92436149375 0.196251378125 0.9302554031250001 0.1912899671875 0.94793713125 0.1830209484375 0.96267190625 0.18357221562499998 0.99901768125 0.21003307656249998 0.99901768125 0.2116868796875 0.9705304515625001 0.208379271875 0.9557956781250001
1 0.9829106953125001 0.7681728875 0.981256890625 0.7838899796875001 0.9829106953125001 0.7907662078125 0.9867695703124999 0.7956778 0.98787210625 0.8251473484374999 0.9906284453125 0.8290766203125 0.9944873203125001 0.8290766203125 0.9917309812499999 0.7956778 0.989525909375 0.788801571875 0.9944873203125001 0.7799607078124999 0.9994487328125 0.7799607078124999 0.9994487328125 0.6895874265625 0.9944873203125001 0.6944990171875001 0.9922822484375 0.7043222 0.9928335171875 0.7318271125 0.9911797140624999 0.7465618859375 0.9867695703124999 0.762278978125 0.9829106953125001 0.7681728875
1 0.07056229375 0.9931237718749999 0.076626240625 0.99901768125 0.09426681406250001 0.99901768125 0.0959206171875 0.9783889984374999 0.09867695625 0.974459725 0.1003307609375 0.9774066796875 0.105843440625 0.974459725 0.1025358328125 0.9646365421875001 0.1041896359375 0.8909626718749999 0.0997794921875 0.88408644375 0.0997794921875 0.878192534375 0.1025358328125 0.872298625 0.1025358328125 0.86051080625 0.09536934999999999 0.851669940625 0.0882028671875 0.851669940625 0.0859977953125 0.8752455796874999 0.07331863281249999 0.8939096265625001 0.070011025 0.9066797640625 0.07056229375 0.9184675828125 0.067805953125 0.9508840859375001 0.0694597578125 0.9577603140625 0.07056229375 0.9931237718749999
1 0.7772877625 0.570726915625 0.7783902984375 0.597249509375 0.782800440625 0.597249509375 0.7839029765625 0.608055009375 0.78941565625 0.610019646875 0.7921719953124999 0.6001964640625 0.7839029765625 0.5667976421875001 0.787210584375 0.520628684375 0.7861080484375 0.504911590625 0.775082690625 0.48821218125000004 0.770672546875 0.492141453125 0.7695700109375 0.507858546875 0.76901874375 0.532416503125 0.7717750828125001 0.5402750484375 0.77287761875 0.557956778125 0.7772877625 0.570726915625
1 0.09095920625000001 0.6699410609374999 0.089305403125 0.7062868375 0.09481808124999999 0.7151277015625 0.097574421875 0.7151277015625 0.0997794921875 0.710216109375 0.0997794921875 0.6915520625 0.1041896359375 0.6807465625 0.105843440625 0.6620825140625 0.1124586546875 0.6257367390625 0.105843440625 0.5923379171875001 0.0997794921875 0.5923379171875001 0.09536934999999999 0.60117878125 0.09536934999999999 0.6051080546875001 0.0865490625 0.61591355625 0.0859977953125 0.62671905625 0.089305403125 0.6444007859374999 0.0882028671875 0.65324165 0.09095920625000001 0.6699410609374999
1 0.0611907390625 0.8624754421875 0.059536934374999996 0.8673870328125 0.0606394703125 0.87131630625 0.0694597578125 0.878192534375 0.0711135609375 0.88408644375 0.07056229375 0.8939096265625001 0.084895259375 0.8801571703125 0.0898566703125 0.8624754421875 0.0898566703125 0.851669940625 0.088754134375 0.84675835 0.08213891875 0.8388998031250001 0.080485115625 0.821218075 0.0771775078125 0.8172888015625001 0.0694597578125 0.8172888015625001 0.06504961406250001 0.8222003921875001 0.06504961406250001 0.8379174859375 0.07331863281249999 0.85854616875 0.072216096875 0.8634577609375 0.0611907390625 0.8624754421875
1 0.5589856671875 0.6493123765625 0.5562293281249999 0.660117878125 0.5435501656249999 0.6817288796875001 0.547960309375 0.6944990171875001 0.5606394703124999 0.7062868375 0.562293275 0.7023575640625 0.56174200625 0.6895874265625 0.563947078125 0.678781925 0.57056229375 0.6640471515625 0.5738699 0.622789784375 0.5777287765625 0.6178781921875001 0.5815876515625 0.6178781921875001 0.58213891875 0.6110019640625 0.5738699 0.57563850625 0.5716648296875 0.5746561890625 0.5650496140625 0.57563850625 0.5633958109375 0.5874263265625 0.5567805953125 0.5933202359374999 0.5534729875 0.60117878125 0.555678059375 0.610019646875 0.5562293281249999 0.6326129671875 0.5589856671875 0.6404715125 0.5589856671875 0.6493123765625
1 0.14829106875 0.9616895875000001 0.14939360468750001 0.99901768125 0.17861080468749999 0.99901768125 0.1808158765625 0.994106090625 0.18191841250000002 0.9666011781250001 0.1780595375 0.9567779953125 0.17861080468749999 0.928290765625 0.1764057328125 0.923379175 0.16979051875 0.923379175 0.1659316421875 0.928290765625 0.163175303125 0.943025540625 0.1598676953125 0.94891945 0.15325248125 0.9528487234374999 0.14829106875 0.9616895875000001
1 0.2816979046875 0.968565815625 0.2811466375 0.9440078578125 0.26901874375 0.9440078578125 0.266813671875 0.94891945 0.2657111359375 0.9616895875000001 0.26405733124999997 0.9656188609375 0.26074972500000004 0.9666011781250001 0.25633958125 0.9783889984374999 0.2530319734375 0.99901768125 0.287210584375 0.99901768125 0.2861080484375 0.9823182718749999 0.2816979046875 0.968565815625
1 0.5793825796875 0.5 0.57828004375 0.507858546875 0.584895259375 0.507858546875 0.5904079375 0.495088409375 0.592613009375 0.495088409375 0.59481808125 0.49901768124999996 0.59536935 0.507858546875 0.599228225 0.5088408640625001 0.6025358328125 0.5 0.5997794921875 0.4901768171875 0.599228225 0.47347740624999995 0.60363836875 0.4312377203125 0.6030871 0.41944990156250006 0.6003307609374999 0.41453831093750004 0.60363836875 0.4106090375 0.6047409046875 0.403732809375 0.6030871 0.39685658125 0.6003307609374999 0.39685658125 0.592613009375 0.41159135625000004 0.5898566703125 0.43516699374999995 0.5876515984374999 0.44007858593750004 0.5865490624999999 0.455795678125 0.5837927234375 0.466601178125 0.5826901875 0.494106090625 0.5793825796875 0.5
1 0.1449834625 0.9872298625000001 0.1449834625 0.9616895875000001 0.1416758546875 0.953831040625 0.134509371875 0.94793713125 0.134509371875 0.92436149375 0.13009922812500002 0.9155206281250001 0.1267916203125 0.9155206281250001 0.121830209375 0.9214145390624999 0.11962513749999999 0.9390962671875001 0.1102535828125 0.96267190625 0.10970231562499999 0.9774066796875 0.1124586546875 0.99901768125 0.1433296578125 0.99901768125 0.1449834625 0.9872298625000001
1 0.23759647187500002 0.5923379171875001 0.2403528109375 0.608055009375 0.24366041875 0.6149312375 0.2442116875 0.62671905625 0.2480705625 0.62671905625 0.250275634375 0.6178781921875001 0.24751929375 0.608055009375 0.2464167578125 0.5667976421875001 0.24862182968750002 0.55206286875 0.250275634375 0.55009823125 0.2508269015625 0.5383104125 0.23980154374999998 0.5216110015625001 0.23759647187500002 0.5088408640625001 0.2353914 0.507858546875 0.23098125625 0.5127701375 0.23042998906249998 0.52455795625 0.22601984531250002 0.5343811390625001 0.22601984531250002 0.56286836875 0.23042998906249998 0.570726915625 0.2342888640625 0.58840864375 0.23759647187500002 0.5923379171875001