2 0.42833517031249996 0.84675835 0.42116868749999997 0.84675835 0.40132304375 0.8555992140625 0.40132304375 0.8595284875000001 0.40793825781250004 0.8624754421875 0.42613009999999996 0.851669940625 0.42833517031249996 0.84675835
2 0.865490628125 0.729862475 0.8765159875 0.712180746875 0.8732083796874999 0.7082514734375 0.8748621828124999 0.70530451875 0.8776185218749999 0.7023575640625 0.8792723265625 0.7062868375 0.8941565593749999 0.684675834375 0.8969129 0.673870334375 0.8936052921875 0.673870334375 0.8781697906250001 0.7013752453125 0.8550165375000001 0.7200392921875001 0.8555678062500001 0.725933203125 0.865490628125 0.729862475
2 0.8417861078125 0.969548134375 0.8373759640625 0.968565815625 0.83517089375 0.969548134375 0.8373759640625 0.97347740625 0.8434399125 0.974459725 0.8417861078125 0.969548134375
2 0.7574421171875 0.9567779953125 0.7635060640625 0.9557956781250001 0.76405733125 0.94990176875 0.7618522609375 0.9440078578125 0.7574421171875 0.9459724953125 0.7535832421875 0.9410609031250001 0.7491730984375 0.9214145390624999 0.745865490625 0.9204322203125 0.7442116875 0.923379175 0.7442116875 0.9361493125000001 0.7486218296875 0.94891945 0.7557883125 0.9528487234374999 0.7574421171875 0.9567779953125
0 0.47353914062499997 0.55009823125 0.4696802640625 0.55009823125 0.4696802640625 0.5550098234374999 0.47353914062499997 0.5550098234374999 0.47353914062499997 0.55009823125
1 0.9062844546875001 0.6905697453124999 0.8996692390625001 0.698428290625 0.8996692390625001 0.7337917484375 0.8969129 0.7406679765625 0.890848953125 0.7465618859375 0.890297684375 0.751473478125 0.894707828125 0.75638506875 0.9079382578124999 0.7534381140625 0.90904079375 0.7583497046875001 0.915656009375 0.7583497046875001 0.9200661515625 0.7455795671875001 0.9173098124999999 0.70530451875 0.9217199562499999 0.7023575640625 0.9250275640625001 0.6944990171875001 0.9283351703125 0.673870334375 0.9200661515625 0.6434184671875001 0.9079382578124999 0.6237721015625 0.9035281140625001 0.609037328125 0.9002205078125 0.6051080546875001 0.8952590953125 0.6070726921875 0.894707828125 0.616895875 0.8969129 0.6257367390625 0.8996692390625001 0.627701375 0.9002205078125 0.64145383125 0.9035281140625001 0.65324165 0.8914002203125 0.6699410609374999 0.8919514890625001 0.672888015625 0.9062844546875001 0.672888015625 0.9079382578124999 0.684675834375 0.9062844546875001 0.6905697453124999
1 0.7938258 0.9666011781250001 0.7905181921875 0.9587426328124999 0.783351709375 0.9557956781250001 0.775082690625 0.9332023578124999 0.7701212796875 0.9332023578124999 0.7668136718749999 0.93713163125 0.7651598671875 0.943025540625 0.7651598671875 0.9557956781250001 0.7607497249999999 0.9666011781250001 0.7607497249999999 0.99901768125 0.7938258 0.99901768125 0.795479603125 0.979371315625 0.7938258 0.9666011781250001
1 0.44432194062499997 0.851669940625 0.44211686875 0.86051080625 0.44046306562500004 0.8850687625000001 0.4415656015625 0.8929273078125 0.43384785 0.9056974453125 0.436052921875 0.9145383109375 0.4415656015625 0.917485265625 0.4465270125 0.9145383109375 0.44707827968749997 0.91159135625 0.44597574375000004 0.902750490625 0.4492833515625 0.87131630625 0.4536934953125 0.8595284875000001 0.46085997812499996 0.8555992140625 0.4614112453125 0.8438113953125 0.45755237031249996 0.826129665625 0.46471885312500005 0.80746561875 0.4724366046875 0.7956778 0.4740904078125 0.7799607078124999 0.472987871875 0.7721021609375 0.468577728125 0.7662082515625 0.4581036390625 0.762278978125 0.45203969062500005 0.7465618859375 0.448732084375 0.7455795671875001 0.44432194062499997 0.751473478125 0.44487320781250006 0.762278978125 0.4476295484375 0.76915520625 0.4432194046875 0.7838899796875001 0.44432194062499997 0.851669940625
1 0.2987872109375 0.6905697453124999 0.2982359421875 0.6817288796875001 0.3042998890625 0.6817288796875001 0.3070562296875 0.685658153125 0.3169790515625 0.685658153125 0.3180815875 0.6817288796875001 0.3131201765625 0.671905696875 0.31201764062500004 0.6640471515625 0.3142227125 0.647347740625 0.3125689078125 0.62868369375 0.3125689078125 0.57760314375 0.3169790515625 0.5599214140625 0.3169790515625 0.5422396859374999 0.3087100328125 0.5432220046875 0.308158765625 0.5530451859375 0.29988974687500003 0.5677799609374999 0.295479603125 0.5805500984374999 0.2949283359375 0.5913555984375 0.29272326406250004 0.597249509375 0.29217199531250004 0.660117878125 0.28941565625 0.685658153125 0.295479603125 0.6935167 0.2987872109375 0.6905697453124999
1 0.7287761859375 0.6178781921875001 0.7287761859375 0.62671905625 0.7260198453125 0.6306483296875001 0.724917309375 0.63948919375 0.724917309375 0.6512770140625 0.7260198453125 0.6689587421875001 0.7287761859375 0.6748526515625 0.7276736500000001 0.6817288796875001 0.7298787203125 0.6886051078125 0.729327453125 0.7013752453125 0.7342888640624999 0.7043222 0.7342888640624999 0.7151277015625 0.7409040796874999 0.7170923375 0.7442116875 0.7151277015625 0.7447629546875 0.7082514734375 0.7403528109375 0.6807465625 0.7403528109375 0.6699410609374999 0.74751929375 0.6502946953125 0.7486218296875 0.62671905625 0.7425578828125 0.597249509375 0.7342888640624999 0.5874263265625 0.7331863281250001 0.5746561890625 0.73098125625 0.569744596875 0.7260198453125 0.5677799609374999 0.7221609703125 0.571709234375 0.7216097015625 0.57760314375 0.725468578125 0.596267190625 0.7260198453125 0.610019646875 0.7287761859375 0.6178781921875001
1 0.9465270125 0.6129666015625 0.9476295484374999 0.5943025546875 0.9509371546875001 0.5795677796875001 0.9597574421875 0.5795677796875001 0.9652701218749999 0.596267190625 0.973539140625 0.6129666015625 0.9779492828125 0.633595284375 0.9807056234375 0.6365422390625 0.9862183015625 0.634577603125 0.985667034375 0.627701375 0.9823594265625 0.621807465625 0.976846746875 0.5982318265625 0.973539140625 0.5913555984375 0.9691289968750001 0.5363457765625 0.9619625140625001 0.51375245625 0.960859978125 0.5 0.9553472984375 0.49901768124999996 0.9514884234375 0.5039292734374999 0.9536934953125 0.5491159140625 0.9514884234375 0.557956778125 0.9432194046875001 0.570726915625 0.9415656015625 0.6001964640625 0.9388092609375001 0.608055009375 0.9399117968749999 0.61394891875 0.9465270125 0.6129666015625
1 0.8792723265625 0.9616895875000001 0.8770672546875 0.9557956781250001 0.869349503125 0.94793713125 0.86824696875 0.928290765625 0.8632855562499999 0.9204322203125 0.8566703421874999 0.9194499015625001 0.8522601984374999 0.92436149375 0.853362734375 0.943025540625 0.8472987875 0.9528487234374999 0.84674751875 0.96267190625 0.8439911796875 0.9715127703125 0.8439911796875 0.99901768125 0.8809261296875001 0.99901768125 0.882579934375 0.9911591359375 0.8792723265625 0.9616895875000001
1 0.46471885312500005 0.88408644375 0.460308709375 0.89685658125 0.4393605296875 0.93516699375 0.44211686875 0.9410609031250001 0.4465270125 0.9390962671875001 0.4536934953125 0.92436149375 0.46416758593749996 0.9184675828125 0.469128996875 0.9017681734374999 0.481808159375 0.8801571703125 0.4906284453125 0.8438113953125 0.4944873203125 0.8369351671875 0.502205071875 0.8379174859375 0.5049614109375 0.83300589375 0.5 0.8094302546875 0.49503858906250003 0.800589390625 0.4867695703125 0.7927308453124999 0.4884233734375 0.7789783890625 0.4862183015625 0.7711198421875001 0.4779492828125 0.7721021609375 0.4762954796875 0.777013753125 0.476846746875 0.7927308453124999 0.46582138906250004 0.8055009828124999 0.46306505 0.8182711203125 0.45755237031249996 0.826129665625 0.4619625140625 0.8438113953125 0.4614112453125 0.8555992140625 0.46471885312500005 0.8693516703125 0.46471885312500005 0.88408644375
1 0.5529217203125001 0.49901768124999996 0.5567805953125 0.49901768124999996 0.5606394703124999 0.492141453125 0.5606394703124999 0.48330058906250006 0.56560088125 0.47544204375000004 0.5799338484375001 0.48624754374999996 0.5837927234375 0.49803536406250004 0.5865490624999999 0.49803536406250004 0.5882028671875 0.494106090625 0.5865490624999999 0.482318271875 0.5826901875 0.481335953125 0.5793825796875 0.47642436093749996 0.5738699 0.46561886093749993 0.5711135609375 0.454813359375 0.572216096875 0.42730844843750004 0.5611907390625 0.40176817343750004 0.5562293281249999 0.40176817343750004 0.551267915625 0.430255403125 0.5474090406250001 0.44007858593750004 0.5457552375 0.4646365421875 0.5485115765625 0.4774066796875 0.5545755234375 0.48624754374999996 0.5529217203125001 0.49901768124999996
1 0.7160970234375 0.6434184671875001 0.716648290625 0.661100196875 0.7221609703125 0.6689587421875001 0.7227122375 0.67976424375 0.7265711140625 0.684675834375 0.7287761859375 0.6817288796875001 0.7287761859375 0.673870334375 0.7260198453125 0.66699410625 0.7243660421875 0.63948919375 0.7287761859375 0.62671905625 0.7287761859375 0.6188605109374999 0.7216097015625 0.5795677796875001 0.7199558984375 0.558939096875 0.717199559375 0.5530451859375 0.7116868796875 0.5540275046875001 0.712789415625 0.60314341875 0.7144432187499999 0.6110019640625 0.7138919515625 0.635559921875 0.7160970234375 0.6434184671875001