2 0.23042998906249998 0.9007858546874999 0.22657111406250002 0.9007858546874999 0.21719955937500002 0.9656188609375 0.2160970234375 0.995088409375 0.2199558984375 0.9911591359375 0.22216097031249998 0.9567779953125 0.23042998906249998 0.9007858546874999
2 0.576074971875 0.50098231875 0.5788313125 0.495088409375 0.5804851156249999 0.5 0.58213891875 0.49803536406250004 0.581036384375 0.48919449843749996 0.5845275640625001 0.4908320234375 0.589305403125 0.482318271875 0.5915104734375001 0.47053045156250006 0.59536935 0.4616895875 0.5959206171875 0.453831040625 0.5915104734375001 0.455795678125 0.592613009375 0.44990176875000004 0.5959206171875 0.447445971875 0.5942668140625 0.4440078578125 0.59536935 0.44007858593750004 0.5915104734375001 0.45284872343749993 0.59095920625 0.4616895875 0.5788313125 0.494106090625 0.5727673656250001 0.5039292734374999 0.572216096875 0.507858546875 0.5777287765625 0.507858546875 0.57828004375 0.5039292734374999 0.576074971875 0.50098231875
2 0.23042998906249998 0.9007858546874999 0.22657111406250002 0.9007858546874999 0.22216097031249998 0.9273084484374999 0.22160970156249998 0.943025540625 0.2238147734375 0.9440078578125 0.22601984531250002 0.93713163125 0.23042998906249998 0.9007858546874999
2 0.063947078125 0.8438113953125 0.06615214999999999 0.8595284875000001 0.07056229375 0.8624754421875 0.063947078125 0.821218075 0.0584343984375 0.8163064828125 0.052370451562499996 0.8163064828125 0.0485115765625 0.821218075 0.047960309374999996 0.8251473484374999 0.0501653796875 0.8290766203125 0.060088203124999996 0.832023575 0.063947078125 0.8438113953125
2 0.12458654843750001 0.9528487234374999 0.12127894218749999 0.94891945 0.12072767343749999 0.9440078578125 0.12458654843750001 0.9440078578125 0.12403528125 0.9361493125000001 0.11962513749999999 0.9322200390625 0.12293274531250001 0.9273084484374999 0.12127894218749999 0.902750490625 0.117420065625 0.903732809375 0.11852260156250001 0.9312377203125 0.12127894218749999 0.9528487234374999 0.1234840125 0.953831040625 0.12458654843750001 0.9528487234374999
2 0.76729603125 0.55009823125 0.7732221609375001 0.55009823125 0.77287761875 0.545186640625 0.77673649375 0.5491159140625 0.77673649375 0.546168959375 0.7723263499999999 0.5432220046875 0.7530319734375001 0.5471512765625001 0.75248070625 0.55009823125 0.764332965625 0.55009823125 0.766262403125 0.546168959375 0.76729603125 0.55009823125
0 0.09536934999999999 0.7534381140625 0.0876515984375 0.7534381140625 0.0882028671875 0.7652259328125 0.09206174218749999 0.7662082515625 0.09536934999999999 0.763261296875 0.09536934999999999 0.7534381140625
1 0.012679162499999999 0.647347740625 0.0220507171875 0.647347740625 0.0336273421875 0.6385068765625 0.0358324140625 0.633595284375 0.0363836828125 0.6237721015625 0.033076074999999996 0.61591355625 0.0341786109375 0.5923379171875001 0.030319735937499998 0.5677799609374999 0.022601984375000002 0.5618860515625 0.0192943765625 0.55009823125 0.0132304296875 0.5491159140625 0.0088202859375 0.5540275046875001 0.008269018749999999 0.5667976421875001 0.0033076078124999997 0.57760314375 0.0027563390625 0.6041257375 0.0055126796875 0.6178781921875001 0.003858875 0.635559921875 0.012679162499999999 0.647347740625
1 0.665380375 0.749508840625 0.6565600875000001 0.7652259328125 0.6604189640625 0.770137525 0.66482910625 0.7711198421875001 0.680264609375 0.73084479375 0.691841234375 0.722986246875 0.6951488421875001 0.710216109375 0.6968026453125 0.69253438125 0.7056229328125 0.671905696875 0.7028665937499999 0.65225933125 0.696251378125 0.6434184671875001 0.6951488421875001 0.622789784375 0.6879823593750001 0.622789784375 0.68632855625 0.627701375 0.6868798234375 0.63948919375 0.6786108046875 0.648330059375 0.6753031968750001 0.6571709234374999 0.679713340625 0.7033398828124999 0.6769570015624999 0.719056975 0.66979051875 0.7337917484375 0.665380375 0.749508840625
1 0.795479603125 0.60314341875 0.7971334062500001 0.6149312375 0.799889746875 0.6188605109374999 0.8026460859375 0.61394891875 0.8031973546875 0.6060903734374999 0.7949283359375 0.571709234375 0.791069459375 0.517681728125 0.787210584375 0.5108055015625 0.7861080484375 0.5029469546875001 0.7816979046875 0.50098231875 0.7778390296875 0.505893909375 0.7778390296875 0.6129666015625 0.7861080484375 0.61394891875 0.7866593171875 0.6051080546875001 0.795479603125 0.60314341875
1 0.0507166484375 0.761296659375 0.056229328125 0.7318271125 0.059536934374999996 0.7269155203125 0.0606394703125 0.7396856578125 0.0589856671875 0.7534381140625 0.06284454218749999 0.7544204328124999 0.06615214999999999 0.749508840625 0.0694597578125 0.70530451875 0.0738699 0.6915520625 0.0738699 0.6296660125 0.07056229375 0.627701375 0.067805953125 0.6306483296875001 0.06284454218749999 0.64145383125 0.0529217203125 0.65324165 0.047960309374999996 0.6836935171875 0.0501653796875 0.7318271125 0.047409040624999996 0.7406679765625 0.0468577734375 0.7583497046875001 0.0507166484375 0.761296659375
1 0.0485115765625 0.969548134375 0.05126791562500001 0.98821218125 0.0501653796875 0.994106090625 0.0567805953125 0.9960707265625001 0.05788313125 0.99901768125 0.063947078125 0.99901768125 0.072216096875 0.953831040625 0.07442116875 0.94891945 0.0793825796875 0.94793713125 0.0815876515625 0.9440078578125 0.081036384375 0.93516699375 0.0777287765625 0.9263261296874999 0.07828004375 0.902750490625 0.07442116875 0.8899803531250001 0.07442116875 0.866404715625 0.070011025 0.8644400781250001 0.0667034171875 0.8693516703125 0.06339581093749999 0.8880157171875 0.0485115765625 0.9017681734374999 0.042998896875 0.9204322203125 0.0424476296875 0.93516699375 0.05126791562500001 0.9557956781250001 0.05126791562500001 0.9656188609375 0.0485115765625 0.969548134375
1 0.0793825796875 0.902750490625 0.0788313125 0.9214145390624999 0.08213891875 0.9322200390625 0.08324145468750001 0.9616895875000001 0.0815876515625 0.9715127703125 0.084895259375 0.974459725 0.0865490625 0.9675834968749999 0.089305403125 0.9646365421875001 0.0898566703125 0.94990176875 0.100882028125 0.9194499015625001 0.1025358328125 0.90962671875 0.1025358328125 0.8899803531250001 0.1003307609375 0.8801571703125 0.100882028125 0.851669940625 0.0997794921875 0.8388998031250001 0.0898566703125 0.8241650296874999 0.0854465265625 0.80746561875 0.0777287765625 0.8045186640624999 0.0738699 0.8084479375000001 0.072767365625 0.8133595281250001 0.07331863281249999 0.8290766203125 0.080485115625 0.8418467578125 0.0771775078125 0.8929273078125 0.0793825796875 0.902750490625
1 0.165380375 0.9656188609375 0.163726571875 0.9469548140624999 0.1659316421875 0.9361493125000001 0.1642778390625 0.923379175 0.154906284375 0.92436149375 0.15214994531249998 0.9273084484374999 0.14718853437499999 0.9440078578125 0.1438809265625 0.9440078578125 0.136163175 0.9518664046875 0.13009922812500002 0.9823182718749999 0.1295479609375 0.99901768125 0.163175303125 0.99901768125 0.16482910625 0.9911591359375 0.165380375 0.9656188609375
1 0.26460859999999997 0.969548134375 0.26130099218749997 0.9636542234375 0.26185226093749997 0.9410609031250001 0.257993384375 0.93713163125 0.2530319734375 0.93713163125 0.24862182968750002 0.9410609031250001 0.2469680265625 0.9557956781250001 0.23869900781250003 0.9656188609375 0.2348401328125 0.980353634375 0.233186328125 0.99901768125 0.268467475 0.99901768125 0.26791620781250003 0.9852652265625 0.26460859999999997 0.969548134375
1 0.5027563390625 0.620825146875 0.49558985624999996 0.6434184671875001 0.4944873203125 0.661100196875 0.4994487328125 0.660117878125 0.5005512671875 0.6444007859374999 0.5049614109375 0.6365422390625 0.5071664828125 0.63948919375 0.5088202859375001 0.660117878125 0.5115766265625 0.6640471515625 0.5154355015625 0.6640471515625 0.5159867703125001 0.6434184671875001 0.5214994484375 0.6296660125 0.5214994484375 0.5992141453125 0.5253583234375 0.5785854609375 0.5253583234375 0.56286836875 0.5220507171875 0.546168959375 0.518191840625 0.5422396859374999 0.514332965625 0.546168959375 0.5126791625 0.557956778125 0.5055126796875 0.5677799609374999 0.5005512671875 0.5795677796875001 0.5011025359375 0.5874263265625 0.5038588749999999 0.5933202359374999 0.5038588749999999 0.610019646875 0.5027563390625 0.620825146875
1 0.59536935 0.5 0.59095920625 0.49901768124999996 0.5882028671875 0.5039292734374999 0.59095920625 0.507858546875 0.5942668140625 0.506876228125 0.59536935 0.5
1 0.5959206171875 0.49115913593749994 0.605843440625 0.49115913593749994 0.6102535828125 0.5 0.6130099234374999 0.50098231875 0.6157662625 0.495088409375 0.6163175296875 0.48330058906250006 0.605843440625 0.47544204375000004 0.609151046875 0.46267190625000004 0.6130099234374999 0.455795678125 0.6130099234374999 0.4361493125 0.6030871 0.41159135625000004 0.6003307609374999 0.41159135625000004 0.5986769562500001 0.415520628125 0.5964718859375 0.4312377203125 0.5942668140625 0.46561886093749993 0.59095920625 0.474459725 0.59095920625 0.4872298625 0.5959206171875 0.49115913593749994
1 0.20562293281250002 0.5677799609374999 0.208379271875 0.5726915515625 0.208379271875 0.5913555984375 0.21334068281250002 0.5923379171875001 0.21664829062500002 0.5795677796875001 0.21719955937500002 0.5677799609374999 0.22160970156249998 0.558939096875 0.22326350625 0.53929273125 0.22932745312499997 0.5235756390625 0.22877618593750002 0.51375245625 0.22601984531250002 0.5039292734374999 0.22216097031249998 0.49803536406250004 0.2205071671875 0.48821218125000004 0.21719955937500002 0.48526522656250004 0.21334068281250002 0.48821218125000004 0.204520396875 0.5098231828124999 0.204520396875 0.5275049109375 0.20782800468749998 0.5383104125 0.20782800468749998 0.5540275046875001 0.20562293281250002 0.5677799609374999
1 0.12568908437499998 0.995088409375 0.1251378171875 0.9587426328124999 0.12017640624999999 0.94990176875 0.113561190625 0.9469548140624999 0.1130099234375 0.92436149375 0.11135611875 0.9214145390624999 0.1063947078125 0.9184675828125 0.0997794921875 0.9194499015625001 0.097023153125 0.9273084484374999 0.0959206171875 0.9440078578125 0.09095920625000001 0.9528487234374999 0.0898566703125 0.969548134375 0.09206174218749999 0.99901768125 0.122381478125 0.99901768125 0.12568908437499998 0.995088409375
1 0.1830209484375 0.9508840859375001 0.1852260203125 0.94793713125 0.1852260203125 0.9361493125000001 0.18357221562499998 0.9312377203125 0.1780595375 0.9322200390625 0.175854465625 0.94990176875 0.165380375 0.9577603140625 0.163726571875 0.974459725 0.163175303125 0.99901768125 0.1830209484375 0.99901768125 0.1808158765625 0.96267190625 0.1830209484375 0.9508840859375001