2 0.90904079375 0.8123772109375 0.90904079375 0.7976424359375 0.907386990625 0.7956778 0.9040793828125 0.801571709375 0.8991179718750001 0.8172888015625001 0.8919514890625001 0.8222003921875001 0.8914002203125 0.827111984375 0.8936052921875 0.8290766203125 0.9068357218750001 0.8192534374999999 0.90904079375 0.8123772109375
2 0.6686879828125 0.8939096265625001 0.654906284375 0.88408644375 0.6504961406249999 0.8762278984374999 0.6477398015625 0.8595284875000001 0.6438809265625001 0.86051080625 0.6433296578125 0.8791748531250001 0.6449834625 0.883104125 0.6692392500000001 0.9007858546874999 0.6686879828125 0.8939096265625001
2 0.5220507171875 0.49115913593749994 0.5259095921875 0.504911590625 0.5275633953125001 0.5235756390625 0.5303197359375 0.525540275 0.5319735390625 0.52455795625 0.5303197359375 0.49803536406250004 0.5259095921875 0.482318271875 0.5220507171875 0.47544204375000004 0.5214994484375 0.482318271875 0.5259095921875 0.48526522656250004 0.5275633953125001 0.4901768171875 0.5220507171875 0.49115913593749994
2 0.937706725 0.6650294703124999 0.9349503859375 0.6620825140625 0.9316427781250001 0.6640471515625 0.9211686875 0.6777996078124999 0.9134509375000001 0.6836935171875 0.9134509375000001 0.6905697453124999 0.919514884375 0.6895874265625 0.9371554578125 0.6689587421875001 0.937706725 0.6650294703124999
0 0.22216097031249998 0.6119842828125 0.22160970156249998 0.6198428296875 0.225468578125 0.620825146875 0.22657111406250002 0.61394891875 0.22216097031249998 0.6119842828125
1 0 0.7013752453125 0.01212789375 0.6944990171875001 0.0154355015625 0.685658153125 0.014884234375 0.66699410625 0.016538037499999998 0.6561886046875001 0.012679162499999999 0.610019646875 0.009922821875 0.6001964640625 0.0110253578125 0.584479371875 0.0071664828125 0.57563850625 0.002205071875 0.5746561890625 0 0.57563850625 0 0.7013752453125
1 0.844542446875 0.9194499015625001 0.832965821875 0.9263261296874999 0.834619625 0.9459724953125 0.836273428125 0.9518664046875 0.8417861078125 0.9567779953125 0.8478500546875001 0.928290765625 0.8649393609375 0.9155206281250001 0.8687982359375 0.9184675828125 0.87210584375 0.9273084484374999 0.8737596468750001 0.94891945 0.8704520390624999 0.9616895875000001 0.865490628125 0.969548134375 0.865490628125 0.979371315625 0.8737596468750001 0.995088409375 0.8787210578125 0.99901768125 0.8847850062499999 0.99901768125 0.8853362734375001 0.9911591359375 0.8748621828124999 0.97347740625 0.8737596468750001 0.9557956781250001 0.8781697906250001 0.9528487234374999 0.8820286656249999 0.9322200390625 0.8770672546875 0.89685658125 0.8781697906250001 0.851669940625 0.890297684375 0.827111984375 0.886438809375 0.821218075 0.8831312015625 0.8094302546875 0.874310915625 0.7986247546875 0.8732083796874999 0.7799607078124999 0.86824696875 0.7711198421875001 0.85997795 0.776031434375 0.8594266812500001 0.7986247546875 0.8561190734374999 0.8055009828124999 0.8484013234375001 0.8133595281250001 0.8439911796875 0.8231827109375001 0.844542446875 0.8379174859375 0.8544652703125 0.8624754421875 0.857772878125 0.89685658125 0.844542446875 0.9194499015625001
1 0.0997794921875 0.7711198421875001 0.106945975 0.7799607078124999 0.10804851093750001 0.7868369359375 0.1102535828125 0.8644400781250001 0.1119073875 0.87328094375 0.1119073875 0.8801571703125 0.10804851093750001 0.8899803531250001 0.10859977968750001 0.8939096265625001 0.1168687984375 0.8948919453125 0.11962513749999999 0.8899803531250001 0.117971334375 0.88408644375 0.117971334375 0.8693516703125 0.12017640624999999 0.85854616875 0.121830209375 0.8222003921875001 0.1251378171875 0.821218075 0.1334068359375 0.827111984375 0.1378169796875 0.826129665625 0.1449834625 0.8133595281250001 0.1449834625 0.8055009828124999 0.14057331875 0.7976424359375 0.13561190781250002 0.7976424359375 0.133958103125 0.79469548125 0.13175303124999999 0.776031434375 0.133958103125 0.763261296875 0.138368246875 0.75638506875 0.138368246875 0.7465618859375 0.122381478125 0.7131630640625 0.1251378171875 0.6944990171875001 0.122381478125 0.6915520625 0.113561190625 0.6944990171875001 0.1102535828125 0.7072691546875001 0.1102535828125 0.719056975 0.105843440625 0.736738703125 0.1041896359375 0.761296659375 0.0997794921875 0.7711198421875001
1 0.6780595375 0.5383104125 0.68136714375 0.5422396859374999 0.6830209484374999 0.56483300625 0.6874310921875 0.583497053125 0.6879823593750001 0.5913555984375 0.6857772875 0.60117878125 0.6868798234375 0.6051080546875001 0.696251378125 0.6051080546875001 0.700110253125 0.584479371875 0.6957001109375 0.5746561890625 0.69404630625 0.55206286875 0.69845645 0.5294695484374999 0.69845645 0.5127701375 0.696251378125 0.506876228125 0.69404630625 0.4872298625 0.6907386984375 0.479371315625 0.6857772875 0.479371315625 0.6824696796875 0.4872298625 0.683572215625 0.507858546875 0.6819184125 0.5235756390625 0.6780595375 0.533398821875 0.6780595375 0.5383104125
1 0.94211686875 0.64243615 0.9465270125 0.647347740625 0.9432194046875001 0.6748526515625 0.9366041890625001 0.6964636546875 0.9321940468750001 0.7013752453125 0.9250275640625001 0.7033398828124999 0.9310915109375 0.7141453828125 0.937706725 0.7161100203124999 0.9492833515625 0.6836935171875 0.952590959375 0.678781925 0.956449834375 0.6777996078124999 0.960859978125 0.684675834375 0.9674751921875 0.712180746875 0.9614112453124999 0.7220039296875 0.9619625140625001 0.7269155203125 0.9762954796875001 0.7278978390625 0.9762954796875001 0.7161100203124999 0.973539140625 0.710216109375 0.9718853359375 0.6935167 0.9663726578125 0.672888015625 0.9674751921875 0.6385068765625 0.96306505 0.570726915625 0.960308709375 0.5667976421875001 0.9531422265625 0.5667976421875001 0.9514884234375 0.569744596875 0.9514884234375 0.6237721015625 0.9476295484374999 0.633595284375 0.94211686875 0.63948919375 0.94211686875 0.64243615
1 0.509922821875 0.5343811390625001 0.51212789375 0.53732809375 0.5159867703125001 0.5343811390625001 0.52094818125 0.5127701375 0.5253583234375 0.5039292734374999 0.5297684671875 0.5039292734374999 0.5303197359375 0.507858546875 0.533076075 0.507858546875 0.53748621875 0.5166994109374999 0.5424476296875 0.530451865625 0.542998896875 0.5402750484375 0.5468577734375 0.5422396859374999 0.5468577734375 0.52455795625 0.5424476296875 0.504911590625 0.539140021875 0.49803536406250004 0.5380374859375 0.4646365421875 0.533076075 0.44007858593750004 0.5259095921875 0.4332023578125 0.523153253125 0.43713163125000004 0.5198456453125 0.45284872343749993 0.5214994484375 0.481335953125 0.5137816984375 0.504911590625 0.5126791625 0.52455795625 0.509922821875 0.5343811390625001
1 0.6703417859374999 0.9440078578125 0.66979051875 0.9646365421875001 0.6846747515625 0.9675834968749999 0.694597575 0.99901768125 0.7006615218750001 0.99901768125 0.702315325 0.9872298625000001 0.700110253125 0.953831040625 0.7028665937499999 0.9066797640625 0.6995589859375 0.8801571703125 0.6995589859375 0.86051080625 0.6951488421875001 0.84577603125 0.6995589859375 0.8300589390625 0.69845645 0.8172888015625001 0.6874310921875 0.8143418468749999 0.683572215625 0.8182711203125 0.679713340625 0.8565815328124999 0.6791620734375 0.8801571703125 0.6703417859374999 0.8939096265625001 0.67364939375 0.9007858546874999 0.67750826875 0.9017681734374999 0.679713340625 0.9076620828124999 0.6703417859374999 0.9440078578125
1 0.163726571875 0.61591355625 0.163726571875 0.6257367390625 0.165380375 0.6306483296875001 0.1681367140625 0.6316306484374999 0.1703417859375 0.6296660125 0.16923925 0.6110019640625 0.171444321875 0.6041257375 0.175303196875 0.608055009375 0.17364939375 0.6110019640625 0.1742006609375 0.6178781921875001 0.18136714375000001 0.6237721015625 0.1830209484375 0.622789784375 0.1824696796875 0.6119842828125 0.1852260203125 0.6060903734374999 0.1868798234375 0.5550098234374999 0.18357221562499998 0.5363457765625 0.1852260203125 0.5039292734374999 0.1830209484375 0.5 0.17750826875 0.5019646359375 0.16923925 0.53732809375 0.16758544687500002 0.56286836875 0.1681367140625 0.5893909625 0.1659316421875 0.595284871875 0.163726571875 0.61591355625
1 0.1433296578125 0.9715127703125 0.142778390625 0.9567779953125 0.14057331875 0.94793713125 0.14057331875 0.9410609031250001 0.1460859984375 0.923379175 0.1460859984375 0.9145383109375 0.1433296578125 0.9076620828124999 0.13506063906250002 0.9066797640625 0.1312017640625 0.91159135625 0.1289966921875 0.928290765625 0.121830209375 0.9390962671875001 0.1168687984375 0.9577603140625 0.117971334375 0.99901768125 0.14829106875 0.99901768125 0.1477398015625 0.9872298625000001 0.1433296578125 0.9715127703125