2 0.2403528109375 0.6051080546875001 0.23098125625 0.6021611 0.225468578125 0.6051080546875001 0.22326350625 0.6149312375 0.23980154374999998 0.6149312375 0.2431091515625 0.6110019640625 0.2403528109375 0.6051080546875001
2 0.9200661515625 0.6689587421875001 0.9145534734374999 0.6699410609374999 0.8991179718750001 0.685658153125 0.8952590953125 0.686640471875 0.8925027562500001 0.6935167 0.8963616312499999 0.697445971875 0.915656009375 0.6777996078124999 0.9200661515625 0.6689587421875001
2 0.5738699 0.8939096265625001 0.57056229375 0.8929273078125 0.5678059531249999 0.902750490625 0.5667034171875 0.9106090375000001 0.5694597578125 0.9145383109375 0.5738699 0.9135559921875 0.5738699 0.8939096265625001
2 0.509922821875 0.474459725 0.51212789375 0.4872298625 0.5170893046875 0.493123771875 0.5126791625 0.4970530453125 0.5165380374999999 0.51375245625 0.5170893046875 0.52455795625 0.5203969125000001 0.525540275 0.5214994484375 0.5166994109374999 0.5198456453125 0.5039292734374999 0.5126791625 0.4616895875 0.5110253578124999 0.4616895875 0.509922821875 0.46561886093749993 0.5132304296875 0.469548134375 0.5132304296875 0.47347740624999995 0.509922821875 0.474459725
0 0.23980154374999998 0.609037328125 0.23980154374999998 0.6149312375 0.24366041875 0.616895875 0.2442116875 0.610019646875 0.23980154374999998 0.609037328125
1 0.9388092609375001 0.9440078578125 0.9388092609375001 0.9656188609375 0.9448732078125 0.994106090625 0.9476295484374999 0.99901768125 0.9570011031250001 0.99901768125 0.9575523703125001 0.9960707265625001 0.960308709375 0.9960707265625001 0.960859978125 0.99901768125 0.9729878718749999 0.99901768125 0.973539140625 0.9960707265625001 0.976846746875 0.995088409375 0.973539140625 0.969548134375 0.96306505 0.93516699375 0.9636163171875 0.9204322203125 0.9658213890624999 0.9145383109375 0.9685777281249999 0.9145383109375 0.9685777281249999 0.9106090375000001 0.9619625140625001 0.89882121875 0.960308709375 0.878192534375 0.9581036390625 0.8703339874999999 0.9575523703125001 0.851669940625 0.9531422265625 0.8428290765625001 0.94597574375 0.8418467578125 0.9415656015625 0.84774066875 0.9415656015625 0.8762278984374999 0.93439911875 0.9017681734374999 0.9327453140624999 0.9214145390624999 0.93384785 0.9263261296874999 0.9404630656249999 0.93516699375 0.9388092609375001 0.9440078578125
1 0.9332965828124999 0.6699410609374999 0.93439911875 0.6895874265625 0.9415656015625 0.7141453828125 0.93825799375 0.722986246875 0.93439911875 0.723968565625 0.9332965828124999 0.7278978390625 0.93439911875 0.7318271125 0.9426681359375 0.735756384375 0.9476295484374999 0.7328094296875001 0.952590959375 0.723968565625 0.9503858875000001 0.711198428125 0.9492833515625 0.6827111984374999 0.9558985671875 0.647347740625 0.956449834375 0.60117878125 0.9531422265625 0.59037328125 0.952590959375 0.5687622796875 0.9448732078125 0.5667976421875001 0.9415656015625 0.571709234375 0.9432194046875001 0.596267190625 0.9404630656249999 0.609037328125 0.9388092609375001 0.6404715125 0.9332965828124999 0.6699410609374999
1 0.063947078125 0.8673870328125 0.068357221875 0.88605108125 0.0689084890625 0.9449901765625001 0.064498346875 0.9587426328124999 0.06560088124999999 0.9616895875000001 0.072216096875 0.96267190625 0.07442116875 0.9577603140625 0.07442116875 0.9420432218749999 0.0777287765625 0.928290765625 0.0865490625 0.9194499015625001 0.09206174218749999 0.89882121875 0.09095920625000001 0.8939096265625001 0.0854465265625 0.8929273078125 0.08324145468750001 0.88605108125 0.0854465265625 0.8801571703125 0.08710033125 0.826129665625 0.0959206171875 0.8064833 0.09426681406250001 0.7917485265625 0.0865490625 0.776031434375 0.08324145468750001 0.775049115625 0.0793825796875 0.7652259328125 0.0815876515625 0.750491159375 0.080485115625 0.7416502953124999 0.0694597578125 0.7426326125 0.064498346875 0.775049115625 0.0573318640625 0.7848722984375 0.05181918437500001 0.8084479375000001 0.0490628453125 0.8388998031250001 0.054575523437499995 0.8369351671875 0.0606394703125 0.8222003921875001 0.063947078125 0.8673870328125
1 0.6642778390624999 0.5874263265625 0.6637265718750001 0.5923379171875001 0.658765159375 0.60117878125 0.6604189640625 0.6051080546875001 0.6692392500000001 0.6051080546875001 0.6692392500000001 0.584479371875 0.671995590625 0.5815324171875 0.6726200343750001 0.582436496875 0.6780595375 0.576620825 0.67364939375 0.5667976421875001 0.6747519296875 0.5471512765625001 0.6780595375 0.5402750484375 0.6780595375 0.507858546875 0.6747519296875 0.49901768124999996 0.6725468578125 0.481335953125 0.667585446875 0.479371315625 0.6642778390624999 0.4872298625 0.663175303125 0.507858546875 0.658765159375 0.52652259375 0.663175303125 0.545186640625 0.6615215 0.5550098234374999 0.6637265718750001 0.5638506875 0.6642778390624999 0.5874263265625
1 0.6819184125 0.583497053125 0.6769570015624999 0.5874263265625 0.673098125 0.583128684375 0.6808158765625001 0.5943025546875 0.6824696796875 0.608055009375 0.6852260203125 0.608055009375 0.6879823593750001 0.597249509375 0.6868798234375 0.58840864375 0.6830209484374999 0.5874263265625 0.6819184125 0.583497053125
1 0.51212789375 0.545186640625 0.5159867703125001 0.5412573671875001 0.5170893046875 0.525540275 0.5203969125000001 0.520628684375 0.5214994484375 0.507858546875 0.5253583234375 0.5039292734374999 0.5275633953125001 0.5157170921875001 0.5297684671875 0.517681728125 0.5347298781250001 0.545186640625 0.539691290625 0.546168959375 0.530871003125 0.48526522656250004 0.5292171999999999 0.4587426328125 0.5170893046875 0.4332023578125 0.5126791625 0.43713163125000004 0.5093715546875 0.4587426328125 0.5137816984375 0.494106090625 0.51212789375 0.5284872296875001 0.5088202859375001 0.5422396859374999 0.51212789375 0.545186640625
1 0.6003307609374999 0.99901768125 0.600882028125 0.9960707265625001 0.6041896359375001 0.9960707265625001 0.6052921718750001 0.99901768125 0.6085997796875 0.99901768125 0.609151046875 0.9960707265625001 0.621830209375 0.99901768125 0.6251378171875001 0.979371315625 0.6251378171875001 0.9616895875000001 0.621830209375 0.93516699375 0.6251378171875001 0.9194499015625001 0.6251378171875001 0.9056974453125 0.6240352812500001 0.8889980359375 0.6201764062499999 0.87328094375 0.625689084375 0.8595284875000001 0.6245865484374999 0.8438113953125 0.6163175296875 0.8428290765625001 0.609702315625 0.851669940625 0.6085997796875 0.8811394890625 0.6041896359375001 0.88605108125 0.6003307609374999 0.9145383109375 0.601433296875 0.9390962671875001 0.5959206171875 0.995088409375 0.597023153125 0.99901768125 0.6003307609374999 0.99901768125
1 0.1780595375 0.5943025546875 0.1780595375 0.60314341875 0.18798235937500002 0.616895875 0.191841234375 0.616895875 0.19404630625 0.61394891875 0.1934950390625 0.6060903734374999 0.19900771718750002 0.58840864375 0.20286659375 0.5658153234375 0.19955898593750002 0.494106090625 0.1951488421875 0.492141453125 0.192392503125 0.49607072656250006 0.1912899671875 0.5108055015625 0.18798235937500002 0.520628684375 0.1868798234375 0.556974459375 0.18963616249999998 0.5746561890625 0.1852260203125 0.5864440078125 0.1780595375 0.5943025546875
1 0.15325248125 0.9577603140625 0.15766262343749998 0.9390962671875001 0.1565600875 0.923379175 0.1543550171875 0.9204322203125 0.14663726562499999 0.9204322203125 0.1433296578125 0.92436149375 0.1416758546875 0.9459724953125 0.13506063906250002 0.9567779953125 0.13009922812500002 0.9783889984374999 0.1289966921875 0.99901768125 0.15600882031250002 0.99901768125 0.15600882031250002 0.9705304515625001 0.15325248125 0.9577603140625