2 0.8340683578125001 0.75638506875 0.8291069453125001 0.751473478125 0.8318632859375 0.7475442046875 0.8379272328124999 0.749508840625 0.8373759640625 0.7426326125 0.834619625 0.7426326125 0.816427784375 0.7711198421875001 0.8114663734375 0.775049115625 0.8092613015625 0.7789783890625 0.80981256875 0.7829076625 0.8158765156250001 0.7838899796875001 0.8340683578125001 0.75638506875
2 0.504492246875 0.6298123140625 0.5071664828125 0.634577603125 0.50826901875 0.622789784375 0.504492246875 0.6298123140625
2 0.5033076078125001 0.6434184671875001 0.5005512671875 0.6385068765625 0.503717525 0.631252834375 0.48291069531249997 0.6699410609374999 0.4834619625 0.6748526515625 0.4906284453125 0.6660117875 0.4867695703125 0.6630648328125 0.49173098125000003 0.65422396875 0.49503858906250003 0.659135559375 0.4994487328125 0.6512770140625 0.5033076078125001 0.6434184671875001
1 0.93439911875 0.943025540625 0.93439911875 0.96070726875 0.9261301 0.974459725 0.9266813671874999 0.994106090625 0.9310915109375 0.99901768125 0.9636163171875 0.99901768125 0.96306505 0.9872298625000001 0.960859978125 0.9823182718749999 0.960308709375 0.9567779953125 0.9570011031250001 0.94793713125 0.9558985671875 0.9273084484374999 0.952590959375 0.9165029468749999 0.9509371546875001 0.8978389 0.9404630656249999 0.878192534375 0.9404630656249999 0.8624754421875 0.9388092609375001 0.8555992140625 0.9349503859375 0.851669940625 0.927232634375 0.851669940625 0.92557883125 0.8546168953125 0.92557883125 0.8683693515625001 0.9305402421875 0.8880157171875 0.9305402421875 0.923379175 0.93439911875 0.943025540625
1 0.8528114656250001 0.6944990171875001 0.8484013234375001 0.698428290625 0.8478500546875001 0.7023575640625 0.853362734375 0.7072691546875001 0.8544652703125 0.712180746875 0.8472987875 0.7406679765625 0.84674751875 0.79469548125 0.8423373765625 0.8045186640624999 0.8373759640625 0.8094302546875 0.8395810359375 0.8172888015625001 0.8439911796875 0.8182711203125 0.8506063953125 0.8163064828125 0.8544652703125 0.8045186640624999 0.8616317531250001 0.8035363453125001 0.865490628125 0.79469548125 0.8660418968749999 0.788801571875 0.861080484375 0.770137525 0.8605292171875 0.751473478125 0.8726571109375 0.7318271125 0.8737596468750001 0.724950884375 0.8726571109375 0.6905697453124999 0.8621830203125 0.647347740625 0.861080484375 0.6365422390625 0.857221609375 0.6316306484374999 0.853362734375 0.6316306484374999 0.8500551265625 0.6375245578125 0.8506063953125 0.65422396875 0.8544652703125 0.667976425 0.8528114656250001 0.6748526515625 0.8528114656250001 0.6944990171875001
1 0.09536934999999999 0.719056975 0.099228225 0.7161100203124999 0.1041896359375 0.7033398828124999 0.1041896359375 0.6119842828125 0.106945975 0.6041257375 0.106945975 0.5982318265625 0.10308710000000001 0.58840864375 0.0964718859375 0.58840864375 0.09095920625000001 0.5982318265625 0.09095920625000001 0.6129666015625 0.0876515984375 0.6188605109374999 0.08379272343750001 0.6493123765625 0.0815876515625 0.684675834375 0.0738699 0.685658153125 0.06560088124999999 0.6944990171875001 0.062293275 0.712180746875 0.062293275 0.7151277015625 0.06504961406250001 0.7170923375 0.09536934999999999 0.719056975
1 0.1438809265625 0.979371315625 0.1460859984375 0.99901768125 0.179713340625 0.99901768125 0.179713340625 0.9666011781250001 0.18191841250000002 0.96070726875 0.1852260203125 0.9724950890624999 0.18798235937500002 0.969548134375 0.19018743124999998 0.9616895875000001 0.19018743124999998 0.9518664046875 0.1824696796875 0.917485265625 0.1747519296875 0.91159135625 0.1725468578125 0.9066797640625 0.1747519296875 0.8801571703125 0.171995590625 0.87328094375 0.163726571875 0.87328094375 0.1565600875 0.8821218078124999 0.1565600875 0.9066797640625 0.1449834625 0.9194499015625001 0.14057331875 0.9322200390625 0.136163175 0.953831040625 0.136163175 0.9616895875000001 0.1394707828125 0.9724950890624999 0.1438809265625 0.979371315625
1 0.2326350609375 0.627701375 0.22932745312499997 0.6385068765625 0.22160970156249998 0.6434184671875001 0.21830209531250003 0.6493123765625 0.21885336249999998 0.6552062875 0.2243660421875 0.6640471515625 0.2227122375 0.6777996078124999 0.22932745312499997 0.6777996078124999 0.2342888640625 0.6650294703124999 0.2469680265625 0.6650294703124999 0.24751929375 0.646365421875 0.250275634375 0.635559921875 0.24751929375 0.6188605109374999 0.24145534687499998 0.60117878125 0.23759647187500002 0.5943025546875 0.22987872031249998 0.58840864375 0.224917309375 0.57563850625 0.21830209531250003 0.57563850625 0.21719955937500002 0.5864440078125 0.2243660421875 0.60117878125 0.22601984531250002 0.6149312375 0.2326350609375 0.627701375
1 0.5154355015625 0.6188605109374999 0.5192943765625 0.6188605109374999 0.518191840625 0.635559921875 0.5203969125000001 0.6404715125 0.5220507171875 0.6630648328125 0.52480705625 0.6699410609374999 0.5214994484375 0.6777996078124999 0.5214994484375 0.6827111984374999 0.5292171999999999 0.6827111984374999 0.530871003125 0.6886051078125 0.53748621875 0.6886051078125 0.5418963609375 0.684675834375 0.542998896875 0.6748526515625 0.5380374859375 0.6709233796875 0.5336273421875 0.6502946953125 0.53748621875 0.62671905625 0.5347298781250001 0.608055009375 0.5341786109375 0.5805500984374999 0.523153253125 0.571709234375 0.518743109375 0.558939096875 0.5126791625 0.558939096875 0.5110253578124999 0.5638506875 0.514332965625 0.6041257375 0.5077177515625 0.62671905625 0.5115766265625 0.6257367390625 0.5154355015625 0.6188605109374999
1 0.4509371546875 0.6768172890625 0.4509371546875 0.684675834375 0.44432194062499997 0.6944990171875001 0.44432194062499997 0.698428290625 0.4509371546875 0.699410609375 0.452590959375 0.7062868375 0.44597574375000004 0.723968565625 0.448732084375 0.762278978125 0.44211686875 0.7711198421875001 0.4415656015625 0.775049115625 0.44432194062499997 0.7789783890625 0.452590959375 0.7789783890625 0.45644983437500003 0.776031434375 0.45314222656250003 0.729862475 0.4619625140625 0.723968565625 0.47023153281249996 0.7278978390625 0.476846746875 0.7406679765625 0.4867695703125 0.751473478125 0.49007717812499996 0.76915520625 0.4944873203125 0.76915520625 0.49724366093750005 0.7544204328124999 0.49503858906250003 0.749508840625 0.49228224843749996 0.749508840625 0.49007717812499996 0.7426326125 0.47850055156250004 0.7269155203125 0.4746416765625 0.71807465625 0.47188533593750004 0.6895874265625 0.460308709375 0.65225933125 0.45479603125 0.646365421875 0.4509371546875 0.6306483296875001 0.443770671875 0.6306483296875001 0.44266813593750004 0.635559921875 0.4432194046875 0.647347740625 0.4476295484375 0.6571709234374999 0.4476295484375 0.6640471515625 0.4509371546875 0.6768172890625
1 0.1934950390625 0.5923379171875001 0.18963616249999998 0.5874263265625 0.1868798234375 0.5874263265625 0.1830209484375 0.5933202359374999 0.1824696796875 0.5982318265625 0.1907386984375 0.6051080546875001 0.1951488421875 0.6021611 0.1934950390625 0.5923379171875001
1 0.1267916203125 0.616895875 0.1378169796875 0.6129666015625 0.14443219375 0.5982318265625 0.14718853437499999 0.597249509375 0.1488423375 0.60117878125 0.14829106875 0.6129666015625 0.1527012125 0.6178781921875001 0.163726571875 0.621807465625 0.1659316421875 0.6306483296875001 0.173098125 0.6296660125 0.173098125 0.6129666015625 0.1808158765625 0.60117878125 0.18136714375000001 0.597249509375 0.1764057328125 0.5943025546875 0.1703417859375 0.596267190625 0.16482910625 0.5746561890625 0.1543550171875 0.56286836875 0.13561190781250002 0.558939096875 0.1334068359375 0.5550098234374999 0.1267916203125 0.556974459375 0.1273428890625 0.571709234375 0.13175303124999999 0.5795677796875001 0.13175303124999999 0.58840864375 0.1267916203125 0.616895875