2 0.9911797140624999 0.7082514734375 0.98787210625 0.7072691546875001 0.9829106953125001 0.711198428125 0.964718853125 0.73084479375 0.9636163171875 0.736738703125 0.9674751921875 0.736738703125 0.9906284453125 0.7141453828125 0.9911797140624999 0.7082514734375
2 0.617420065625 0.62671905625 0.6207276734375 0.6178781921875001 0.601433296875 0.627701375 0.597023153125 0.633595284375 0.5964718859375 0.635559921875 0.5997794921875 0.6365422390625 0.6130099234374999 0.6296660125 0.617420065625 0.62671905625
0 0.081036384375 0.8428290765625001 0.0749724359375 0.8428290765625001 0.0711135609375 0.84774066875 0.072216096875 0.85854616875 0.0777287765625 0.86051080625 0.08213891875 0.8555992140625 0.081036384375 0.8428290765625001
1 0.606945975 0.6552062875 0.606945975 0.6640471515625 0.601433296875 0.6777996078124999 0.600882028125 0.6944990171875001 0.6047409046875 0.6944990171875001 0.6085997796875 0.684675834375 0.6102535828125 0.685658153125 0.6157662625 0.6944990171875001 0.6163175296875 0.710216109375 0.6201764062499999 0.711198428125 0.6212789421875 0.6954813359375 0.6168687984375001 0.6758349703125 0.6168687984375001 0.6493123765625 0.6196251375 0.6385068765625 0.6212789421875 0.6188605109374999 0.625689084375 0.6051080546875001 0.625689084375 0.58840864375 0.6168687984375001 0.57563850625 0.6146637265625 0.57563850625 0.6063947078124999 0.5550098234374999 0.601433296875 0.558939096875 0.6003307609374999 0.5785854609375 0.5964718859375 0.58840864375 0.5959206171875 0.6041257375 0.5986769562500001 0.634577603125 0.60363836875 0.6404715125 0.606945975 0.6552062875
1 0.22326350625 0.9656188609375 0.225468578125 0.94793713125 0.22932745312499997 0.93516699375 0.22877618593750002 0.928290765625 0.21775082656250003 0.9273084484374999 0.2149944875 0.9312377203125 0.212789415625 0.93713163125 0.2122381484375 0.94793713125 0.200661521875 0.96070726875 0.1951488421875 0.979371315625 0.1951488421875 0.9960707265625001 0.2160970234375 0.995088409375 0.21719955937500002 0.97544204375 0.22326350625 0.9656188609375
1 0.10970231562499999 0.9823182718749999 0.10529217187499999 0.9813359531250001 0.1047409046875 0.99901768125 0.1119073875 0.99901768125 0.1124586546875 0.98821218125 0.10970231562499999 0.9823182718749999
1 0.12458654843750001 0.995088409375 0.12568908437499998 0.99901768125 0.13065049687500002 0.99901768125 0.1334068359375 0.995088409375 0.1460859984375 0.995088409375 0.14663726562499999 0.94990176875 0.1433296578125 0.943025540625 0.142778390625 0.9361493125000001 0.14718853437499999 0.9204322203125 0.1449834625 0.9066797640625 0.134509371875 0.9066797640625 0.13065049687500002 0.9253438109375001 0.121830209375 0.9332023578124999 0.1124586546875 0.9518664046875 0.1119073875 0.9636542234375 0.114112459375 0.9774066796875 0.121830209375 0.995088409375 0.12458654843750001 0.995088409375
1 0.5038588749999999 0.5667976421875001 0.50441014375 0.5943025546875 0.5005512671875 0.6021611 0.5005512671875 0.608055009375 0.5071664828125 0.609037328125 0.5110253578124999 0.6051080546875001 0.5093715546875 0.5795677796875001 0.51212789375 0.5687622796875 0.518743109375 0.56286836875 0.5303197359375 0.5893909625 0.531422271875 0.6129666015625 0.5341786109375 0.616895875 0.5380374859375 0.616895875 0.539691290625 0.61394891875 0.539140021875 0.6060903734374999 0.5297684671875 0.56483300625 0.5303197359375 0.5157170921875001 0.526460859375 0.504911590625 0.5170893046875 0.492141453125 0.514884234375 0.482318271875 0.50826901875 0.48330058906250006 0.50826901875 0.49901768124999996 0.5055126796875 0.507858546875 0.5038588749999999 0.52455795625 0.5038588749999999 0.532416503125 0.50826901875 0.5363457765625 0.5088202859375001 0.5540275046875001 0.5038588749999999 0.5667976421875001
1 0.1780595375 0.9616895875000001 0.17364939375 0.9528487234374999 0.1747519296875 0.9302554031250001 0.173098125 0.92436149375 0.163726571875 0.923379175 0.1604189640625 0.928290765625 0.1604189640625 0.94891945 0.1488423375 0.9616895875000001 0.14663726562499999 0.97544204375 0.14718853437499999 0.99901768125 0.18191841250000002 0.99901768125 0.17916207343749999 0.98624754375 0.1780595375 0.9616895875000001
1 0.025358323437500004 0.8821218078124999 0.026460859375 0.8880157171875 0.030319735937499998 0.8929273078125 0.034729878125 0.8929273078125 0.0385887546875 0.88605108125 0.052370451562499996 0.8909626718749999 0.05181918437500001 0.89685658125 0.0567805953125 0.9017681734374999 0.0694597578125 0.9017681734374999 0.06504961406250001 0.8909626718749999 0.06339581093749999 0.878192534375 0.072216096875 0.8438113953125 0.072216096875 0.8300589390625 0.0667034171875 0.8163064828125 0.06615214999999999 0.8025540281250001 0.0689084890625 0.7927308453124999 0.0694597578125 0.764243615625 0.072767365625 0.748526521875 0.0749724359375 0.7200392921875001 0.07331863281249999 0.712180746875 0.06615214999999999 0.711198428125 0.060088203124999996 0.7170923375 0.05788313125 0.722986246875 0.0573318640625 0.7328094296875001 0.047960309374999996 0.748526521875 0.0424476296875 0.7652259328125 0.0385887546875 0.7711198421875001 0.0341786109375 0.787819253125 0.035281146875 0.8379174859375 0.0275633953125 0.8654223968749999 0.0275633953125 0.8752455796874999 0.025358323437500004 0.8821218078124999
1 0.390848953125 0.570726915625 0.390297684375 0.56286836875 0.386438809375 0.55108055 0.3754134515625 0.5471512765625001 0.3754134515625 0.557956778125 0.382028665625 0.558939096875 0.386438809375 0.570726915625 0.390848953125 0.570726915625
1 0.3748621828125 0.545186640625 0.377618521875 0.53732809375 0.378169790625 0.517681728125 0.3814773984375 0.50098231875 0.37982359374999997 0.4872298625 0.373759646875 0.47838899843749993 0.369900771875 0.47838899843749993 0.3649393609375 0.4616895875 0.3588754140625 0.4616895875 0.3566703421875 0.466601178125 0.35611907343750004 0.481335953125 0.35170893125 0.48919449843749996 0.3511576625 0.506876228125 0.352811465625 0.519646365625 0.365490628125 0.5402750484375 0.3748621828125 0.545186640625
1 0.3434399125 0.6237721015625 0.3434399125 0.633595284375 0.3472987875 0.635559921875 0.3511576625 0.6306483296875001 0.352811465625 0.6316306484374999 0.3506063953125 0.65422396875 0.3522601984375 0.6640471515625 0.3643880921875 0.6650294703124999 0.369349503125 0.6552062875 0.38037486249999997 0.6561886046875001 0.38478500625 0.65225933125 0.385887540625 0.63948919375 0.3836824703125 0.6316306484374999 0.3875413453125 0.6178781921875001 0.386438809375 0.5923379171875001 0.3814773984375 0.571709234375 0.374310915625 0.5609037328124999 0.373759646875 0.546168959375 0.3704520390625 0.5422396859374999 0.36383682500000003 0.5422396859374999 0.361080484375 0.5481335953124999 0.35997795 0.56483300625 0.3522601984375 0.5726915515625 0.34785005468749997 0.582514734375 0.34674751875 0.60117878125 0.348952590625 0.6149312375 0.34674751875 0.621807465625 0.3434399125 0.6237721015625
1 0.291069459375 0.97347740625 0.291069459375 0.9410609031250001 0.2850055125 0.9390962671875001 0.28004410156250004 0.943025540625 0.2778390296875 0.94891945 0.2772877625 0.9656188609375 0.2657111359375 0.9764243609375001 0.26130099218749997 0.98821218125 0.26074972500000004 0.99901768125 0.2982359421875 0.99901768125 0.2987872109375 0.9872298625000001 0.291069459375 0.97347740625
1 0.35611907343750004 0.748526521875 0.3506063953125 0.761296659375 0.344542446875 0.7671905703124999 0.34785005468749997 0.776031434375 0.344542446875 0.7848722984375 0.345093715625 0.7907662078125 0.3472987875 0.8045186640624999 0.36328555625000003 0.827111984375 0.3627342890625 0.8310412578124999 0.35777287812499997 0.8300589390625 0.35170893125 0.8339882125000001 0.34840132343749997 0.8388998031250001 0.34785005468749997 0.84675835 0.3588754140625 0.84577603125 0.365490628125 0.8379174859375 0.369349503125 0.8379174859375 0.3732083796875 0.84774066875 0.36824696874999996 0.8634577609375 0.373759646875 0.8654223968749999 0.382579934375 0.8555992140625 0.382579934375 0.84577603125 0.36659316406250003 0.8064833 0.36659316406250003 0.801571709375 0.3770672546875 0.76915520625 0.3732083796875 0.724950884375 0.361631753125 0.7023575640625 0.3605292171875 0.6954813359375 0.3621830203125 0.6886051078125 0.35997795 0.6817288796875001 0.35170893125 0.678781925 0.34674751875 0.684675834375 0.3472987875 0.697445971875 0.3544652703125 0.7151277015625 0.353362734375 0.729862475 0.35611907343750004 0.748526521875
1 0.21444321875 0.995088409375 0.215588203125 0.99901768125 0.24917309843750002 0.99901768125 0.24751929375 0.9774066796875 0.2431091515625 0.968565815625 0.2442116875 0.93713163125 0.2425578828125 0.9332023578124999 0.23042998906249998 0.9312377203125 0.22601984531250002 0.9469548140624999 0.224917309375 0.9656188609375 0.21775082656250003 0.97544204375 0.2155457546875 0.994106090625 0.212789415625 0.9960707265625001 0.212789415625 0.99901768125 0.21444321875 0.995088409375