2 0.57828004375 0.5039292734374999 0.5793825796875 0.5029469546875001 0.5815876515625 0.5 0.5804851156249999 0.49607072656250006 0.5738699 0.5 0.5738699 0.5039292734374999 0.576626240625 0.49901768124999996 0.57828004375 0.5039292734374999
2 0.224917309375 0.9017681734374999 0.22326350625 0.89882121875 0.212789415625 0.94990176875 0.212789415625 0.9567779953125 0.208379271875 0.969548134375 0.208379271875 0.974459725 0.20507166406250002 0.979371315625 0.204520396875 0.9970530453125 0.208930540625 0.99901768125 0.224917309375 0.90962671875 0.224917309375 0.9017681734374999
2 0.055678059375 0.8339882125000001 0.062293275 0.85854616875 0.06504961406250001 0.8595284875000001 0.068357221875 0.8555992140625 0.068357221875 0.852652259375 0.0611907390625 0.852652259375 0.060088203124999996 0.84675835 0.064498346875 0.8438113953125 0.054575523437499995 0.8163064828125 0.0468577734375 0.8133595281250001 0.0418963609375 0.8182711203125 0.0402425578125 0.8241650296874999 0.042998896875 0.8290766203125 0.0501653796875 0.826129665625 0.055678059375 0.8339882125000001
2 0.599228225 0.44891945 0.599228225 0.4361493125 0.59536935 0.441060903125 0.5942668140625 0.4518664046875 0.58710033125 0.4715127703125 0.5865490624999999 0.4774066796875 0.59095920625 0.4774066796875 0.59536935 0.46561886093749993 0.599228225 0.44891945
1 0 0.646365421875 0.0132304296875 0.647347740625 0.0176405734375 0.63948919375 0.02480705625 0.635559921875 0.026460859375 0.6306483296875001 0.025909592187500004 0.6188605109374999 0.022601984375000002 0.6129666015625 0.02480705625 0.6001964640625 0.024255789062499998 0.58840864375 0.0214994484375 0.5726915515625 0.0192943765625 0.5687622796875 0.0132304296875 0.56286836875 0.008269018749999999 0.55108055 0.002205071875 0.55009823125 0 0.55108055 0 0.646365421875
1 0.642778390625 0.7406679765625 0.6433296578125 0.74459725 0.6488423375 0.7465618859375 0.6444321937499999 0.7779960703125 0.651047409375 0.7799607078124999 0.6560088203125 0.7789783890625 0.65711135625 0.776031434375 0.6560088203125 0.763261296875 0.6659316421875 0.7278978390625 0.6664829109375 0.699410609375 0.6769570015624999 0.6817288796875001 0.6769570015624999 0.6699410609374999 0.66979051875 0.6493123765625 0.6686879828125 0.6296660125 0.6637265718750001 0.6306483296875001 0.66097023125 0.635559921875 0.66097023125 0.647347740625 0.6527012125 0.6571709234374999 0.6488423375 0.672888015625 0.6482910687500001 0.6905697453124999 0.6521499453125 0.7269155203125 0.6449834625 0.7337917484375 0.642778390625 0.7406679765625
1 0.7822491734375 0.5933202359374999 0.7905181921875 0.6060903734374999 0.791069459375 0.621807465625 0.797684675 0.622789784375 0.7987872109375 0.6178781921875001 0.7960308703125001 0.610019646875 0.7949283359375 0.59037328125 0.7949283359375 0.5294695484374999 0.7855567812500001 0.504911590625 0.7822491734375 0.504911590625 0.7794928328124999 0.51178781875 0.7811466375 0.519646365625 0.7811466375 0.5363457765625 0.778941565625 0.5785854609375 0.7822491734375 0.5933202359374999
1 0.05126791562500001 0.97347740625 0.0485115765625 0.9833005890625 0.0507166484375 0.994106090625 0.055126792187499996 0.994106090625 0.056229328125 0.9823182718749999 0.0606394703125 0.974459725 0.06504961406250001 0.92436149375 0.0694597578125 0.91159135625 0.0694597578125 0.9047151281250001 0.0667034171875 0.89685658125 0.068357221875 0.8762278984374999 0.064498346875 0.87131630625 0.0567805953125 0.872298625 0.0529217203125 0.877210215625 0.05181918437500001 0.8899803531250001 0.0402425578125 0.9017681734374999 0.031422271875000005 0.9194499015625001 0.031422271875000005 0.93516699375 0.0418963609375 0.9459724953125 0.0463065046875 0.9666011781250001 0.05126791562500001 0.97347740625
1 0.114112459375 0.99901768125 0.1168687984375 0.9911591359375 0.1168687984375 0.96070726875 0.1157662625 0.9567779953125 0.1041896359375 0.9469548140624999 0.10308710000000001 0.9204322203125 0.0981256890625 0.9155206281250001 0.09040793750000001 0.9194499015625001 0.0865490625 0.9253438109375001 0.08710033125 0.9440078578125 0.080485115625 0.9587426328124999 0.0826901875 0.99901768125 0.114112459375 0.99901768125
1 0.0755237046875 0.8555992140625 0.06560088124999999 0.8555992140625 0.067805953125 0.8624754421875 0.0755237046875 0.8634577609375 0.0777287765625 0.8683693515625001 0.0771775078125 0.8821218078124999 0.0711135609375 0.9007858546874999 0.070011025 0.9145383109375 0.0749724359375 0.9204322203125 0.09206174218749999 0.9194499015625001 0.0997794921875 0.9145383109375 0.099228225 0.851669940625 0.09536934999999999 0.8310412578124999 0.092613009375 0.8300589390625 0.0876515984375 0.821218075 0.084895259375 0.8055009828124999 0.0738699 0.8045186640624999 0.070011025 0.8133595281250001 0.07056229375 0.8241650296874999 0.0777287765625 0.8379174859375 0.0777287765625 0.851669940625 0.0755237046875 0.8555992140625
1 0.1598676953125 0.9567779953125 0.1604189640625 0.9273084484374999 0.15214994531249998 0.923379175 0.14829106875 0.928290765625 0.1455347296875 0.9390962671875001 0.134509371875 0.9459724953125 0.13009922812500002 0.953831040625 0.12458654843750001 0.9852652265625 0.12293274531250001 0.9872298625000001 0.122381478125 0.99901768125 0.15159867656249998 0.99901768125 0.1527012125 0.9833005890625 0.1598676953125 0.9567779953125
1 0.04134509375 0.763261296875 0.042998896875 0.75638506875 0.042998896875 0.7406679765625 0.045203968750000004 0.7328094296875001 0.047409040624999996 0.7328094296875001 0.0485115765625 0.7416502953124999 0.0468577734375 0.7652259328125 0.05402425625 0.7662082515625 0.055678059375 0.7583497046875001 0.056229328125 0.7161100203124999 0.05788313125 0.7062868375 0.0606394703125 0.7023575640625 0.06174200625 0.6817288796875001 0.060088203124999996 0.6385068765625 0.056229328125 0.6365422390625 0.0501653796875 0.6493123765625 0.042998896875 0.6571709234374999 0.0385887546875 0.6660117875 0.0358324140625 0.686640471875 0.034729878125 0.7789783890625 0.039140021875 0.7907662078125 0.0418963609375 0.7868369359375 0.04134509375 0.763261296875
1 0.58710033125 0.49803536406250004 0.58710033125 0.504911590625 0.5942668140625 0.50098231875 0.5931642781249999 0.495088409375 0.58710033125 0.49803536406250004
1 0.59536935 0.47544204375000004 0.59095920625 0.479371315625 0.59095920625 0.48821218125000004 0.6085997796875 0.49115913593749994 0.6113561187500001 0.49607072656250006 0.6113561187500001 0.5039292734374999 0.6168687984375001 0.5039292734374999 0.6196251375 0.5 0.613561190625 0.48526522656250004 0.6113561187500001 0.474459725 0.6124586546875 0.4616895875 0.6163175296875 0.453831040625 0.6163175296875 0.441060903125 0.606945975 0.41453831093750004 0.5997794921875 0.415520628125 0.5997794921875 0.42730844843750004 0.597023153125 0.44007858593750004 0.5981256890625 0.4646365421875 0.59536935 0.47544204375000004
1 0.25248070624999996 0.9616895875000001 0.2546857765625 0.94891945 0.2535832421875 0.9410609031250001 0.2403528109375 0.9410609031250001 0.23869900781250003 0.9557956781250001 0.23098125625 0.9656188609375 0.22601984531250002 0.9842829078124999 0.224917309375 0.99901768125 0.26074972500000004 0.99901768125 0.2590959203125 0.9813359531250001 0.25248070624999996 0.9616895875000001
1 0.49117971406249994 0.660117878125 0.49228224843749996 0.6444007859374999 0.49724366093750005 0.621807465625 0.4994487328125 0.6178781921875001 0.5038588749999999 0.616895875 0.5049614109375 0.595284871875 0.5088202859375001 0.57760314375 0.51212789375 0.571709234375 0.51212789375 0.5658153234375 0.5033076078125001 0.5363457765625 0.49724366093750005 0.5383104125 0.493936053125 0.55108055 0.48566703437500003 0.56483300625 0.485115765625 0.5736738703125 0.4884233734375 0.5943025546875 0.4867695703125 0.660117878125 0.49117971406249994 0.660117878125
1 0.19955898593750002 0.5216110015625001 0.200661521875 0.5412573671875001 0.2039691296875 0.5530451859375 0.2039691296875 0.5687622796875 0.200661521875 0.58840864375 0.202315325 0.5913555984375 0.20672546875000003 0.58840864375 0.21719955937500002 0.5275049109375 0.221058434375 0.5157170921875001 0.221058434375 0.5 0.21389195156250002 0.474459725 0.208930540625 0.47249508906250004 0.20562293281250002 0.47544204375000004 0.2039691296875 0.4872298625 0.1968026453125 0.507858546875 0.1968026453125 0.5157170921875001 0.19955898593750002 0.5216110015625001