2 0.46802646093750006 0.6404715125 0.46802646093750006 0.635559921875 0.4614112453125 0.63948919375 0.45644983437500003 0.648330059375 0.44597574375000004 0.646365421875 0.44597574375000004 0.6552062875 0.45148842343749995 0.659135559375 0.46085997812499996 0.6512770140625 0.46802646093750006 0.6404715125
1 0.44266813593750004 0.5530451859375 0.443770671875 0.546168959375 0.43880926093749995 0.546168959375 0.4349503859375 0.5550098234374999 0.43770672499999996 0.55009823125 0.43880926093749995 0.5550098234374999 0.44266813593750004 0.5530451859375
1 0.42613009999999996 0.51178781875 0.43164277812499996 0.5166994109374999 0.43164277812499996 0.5216110015625001 0.43329658281250005 0.5216110015625001 0.4349503859375 0.5284872296875001 0.43880926093749995 0.52455795625 0.43880926093749995 0.519646365625 0.44266813593750004 0.520628684375 0.44211686875 0.52455795625 0.44487320781250006 0.5284872296875001 0.452590959375 0.5363457765625 0.45865490624999994 0.53732809375 0.46582138906250004 0.55009823125 0.469128996875 0.55009823125 0.4707828 0.530451865625 0.4740904078125 0.5225933203124999 0.47353914062499997 0.4970530453125 0.476846746875 0.4901768171875 0.47739801562500006 0.482318271875 0.4746416765625 0.47838899843749993 0.4663726578125 0.47838899843749993 0.46085997812499996 0.469548134375 0.45534729843750005 0.46561886093749993 0.448732084375 0.44891945 0.44432194062499997 0.44891945 0.44211686875 0.453831040625 0.4432194046875 0.4872298625 0.4349503859375 0.495088409375 0.43439911875000004 0.5 0.42613009999999996 0.51178781875
1 0.762403528125 0.748526521875 0.770672546875 0.761296659375 0.7822491734375 0.7662082515625 0.7987872109375 0.7662082515625 0.8054024249999999 0.7544204328124999 0.8125689078124999 0.748526521875 0.8153252484375001 0.7406679765625 0.8087100328125001 0.7318271125 0.8114663734375 0.698428290625 0.8081587656250001 0.6895874265625 0.8042998890625 0.6561886046875001 0.7993384781249999 0.6444007859374999 0.7916207281250001 0.6385068765625 0.7905181921875 0.6188605109374999 0.7844542453125001 0.610019646875 0.7778390296875 0.610019646875 0.7739801546875 0.6149312375 0.7734288859375 0.6296660125 0.7772877625 0.64243615 0.770672546875 0.6660117875 0.76901874375 0.697445971875 0.7651598671875 0.7082514734375 0.7657111359375001 0.719056975 0.7723263499999999 0.723968565625 0.762403528125 0.7416502953124999 0.762403528125 0.748526521875
1 0.2116868796875 0.89685658125 0.21334068281250002 0.9135559921875 0.21719955937500002 0.9204322203125 0.21775082656250003 0.9410609031250001 0.212789415625 0.96070726875 0.2199558984375 0.96070726875 0.22767365 0.94891945 0.2243660421875 0.929273084375 0.2243660421875 0.9017681734374999 0.22216097031249998 0.88605108125 0.2342888640625 0.8634577609375 0.23814773906250003 0.8654223968749999 0.23925027499999998 0.8752455796874999 0.2464167578125 0.88408644375 0.25248070624999996 0.9047151281250001 0.2635060640625 0.92436149375 0.2657111359375 0.9508840859375001 0.2734288859375 0.9528487234374999 0.275082690625 0.94793713125 0.274531421875 0.9410609031250001 0.268467475 0.92239685625 0.26405733124999997 0.8939096265625001 0.257993384375 0.88408644375 0.2557883125 0.8762278984374999 0.24917309843750002 0.8251473484374999 0.24862182968750002 0.8094302546875 0.2530319734375 0.788801571875 0.25192943749999996 0.770137525 0.2431091515625 0.7534381140625 0.2353914 0.7465618859375 0.23594266875 0.7269155203125 0.2342888640625 0.7210216109375 0.2227122375 0.7210216109375 0.221058434375 0.7328094296875001 0.22216097031249998 0.7524557953125 0.21664829062500002 0.7603143421875 0.212789415625 0.7721021609375 0.21334068281250002 0.8300589390625 0.20562293281250002 0.8438113953125 0.21389195156250002 0.852652259375 0.2116868796875 0.89685658125
1 0.3605292171875 0.65422396875 0.3649393609375 0.6660117875 0.365490628125 0.678781925 0.36383682500000003 0.6895874265625 0.3605292171875 0.6944990171875001 0.361080484375 0.698428290625 0.365490628125 0.7013752453125 0.3726571109375 0.698428290625 0.377618521875 0.6915520625 0.3748621828125 0.6836935171875 0.3748621828125 0.6777996078124999 0.3836824703125 0.6748526515625 0.386438809375 0.6817288796875001 0.390848953125 0.6817288796875001 0.3919514890625 0.6777996078124999 0.390848953125 0.5815324171875 0.3880926125 0.570726915625 0.3853362734375 0.5432220046875 0.3809261296875 0.533398821875 0.3754134515625 0.5275049109375 0.373759646875 0.51178781875 0.3710033078125 0.507858546875 0.3649393609375 0.506876228125 0.361631753125 0.5098231828124999 0.3605292171875 0.533398821875 0.35611907343750004 0.544204321875 0.35611907343750004 0.57563850625 0.36383682500000003 0.60117878125 0.3588754140625 0.635559921875 0.3605292171875 0.65422396875
1 0.2949283359375 0.73084479375 0.29988974687500003 0.75638506875 0.29988974687500003 0.774066796875 0.3042998890625 0.7779960703125 0.3070562296875 0.775049115625 0.308158765625 0.7652259328125 0.3180815875 0.762278978125 0.3180815875 0.7789783890625 0.3208379265625 0.7829076625 0.3274531421875 0.78192534375 0.33020948125 0.7789783890625 0.33020948125 0.7721021609375 0.32579933906249997 0.764243615625 0.32579933906249997 0.7161100203124999 0.32414553437500004 0.697445971875 0.31863285625 0.6709233796875 0.3208379265625 0.6571709234374999 0.32524807031249997 0.6512770140625 0.32635060625 0.622789784375 0.32414553437500004 0.610019646875 0.3169790515625 0.60117878125 0.3180815875 0.5815324171875 0.31642778437499997 0.576620825 0.3092613015625 0.57563850625 0.30595369375 0.5805500984374999 0.305402425 0.5982318265625 0.29658213906249997 0.6149312375 0.295479603125 0.635559921875 0.291069459375 0.6571709234374999 0.2905181921875 0.6886051078125 0.291620728125 0.698428290625 0.295479603125 0.7082514734375 0.2949283359375 0.73084479375
1 0.064498346875 0.5982318265625 0.06339581093749999 0.6129666015625 0.056229328125 0.6375245578125 0.056229328125 0.6512770140625 0.05181918437500001 0.6650294703124999 0.05126791562500001 0.673870334375 0.0529217203125 0.678781925 0.05788313125 0.6807465625 0.0606394703125 0.6777996078124999 0.062293275 0.6512770140625 0.0694597578125 0.6247544203125 0.0793825796875 0.6149312375 0.084343990625 0.6149312375 0.0997794921875 0.6316306484374999 0.1025358328125 0.6444007859374999 0.1047409046875 0.6807465625 0.11135611875 0.685658153125 0.12127894218749999 0.684675834375 0.12127894218749999 0.6748526515625 0.114112459375 0.671905696875 0.1119073875 0.667976425 0.1102535828125 0.6581532421875 0.11135611875 0.6306483296875001 0.1047409046875 0.616895875 0.101433296875 0.6041257375 0.09867695625 0.57563850625 0.0882028671875 0.55108055 0.0793825796875 0.5422396859374999 0.0777287765625 0.5294695484374999 0.0738699 0.52652259375 0.0689084890625 0.530451865625 0.06560088124999999 0.5491159140625 0.05181918437500001 0.5677799609374999 0.0490628453125 0.5746561890625 0.047409040624999996 0.58840864375 0.0468577734375 0.608055009375 0.0501653796875 0.608055009375 0.056229328125 0.596267190625 0.064498346875 0.5982318265625
1 0.4035281140625 0.48526522656250004 0.3914002203125 0.51178781875 0.3919514890625 0.5157170921875001 0.394707828125 0.5157170921875001 0.39636163125 0.51178781875 0.39966923906249996 0.5147347734375 0.40132304375 0.532416503125 0.40407938281250005 0.5383104125 0.40407938281250005 0.5481335953124999 0.3969129 0.5550098234374999 0.3969129 0.558939096875 0.40407938281250005 0.56286836875 0.42171995625 0.5550098234374999 0.42171995625 0.55108055 0.41896361562499995 0.55009823125 0.41345093750000006 0.53929273125 0.4140022046875 0.52455795625 0.4305402421875 0.5412573671875001 0.4371554578125 0.5422396859374999 0.43880926093749995 0.546168959375 0.43770672499999996 0.5540275046875001 0.44266813593750004 0.5530451859375 0.4432194046875 0.5471512765625001 0.44597574375000004 0.546168959375 0.44597574375000004 0.5402750484375 0.44266813593750004 0.533398821875 0.4349503859375 0.5294695484374999 0.4244762953125 0.51178781875 0.4327453140625 0.5029469546875001 0.43550165312500005 0.49115913593749994 0.4327453140625 0.47838899843749993 0.42502756406250003 0.4587426328125 0.41565600937499997 0.44499017656250006 0.4084895265625 0.441060903125 0.40407938281250005 0.42730844843750004 0.40077177500000005 0.42436149375000004 0.39525909531250003 0.42730844843750004 0.394156559375 0.4332023578125 0.39525909531250003 0.4440078578125 0.402976846875 0.4587426328125 0.40518191875 0.468565815625 0.4035281140625 0.48526522656250004
1 0.48787210625000005 0.685658153125 0.49117971406249994 0.6886051078125 0.49503858906250003 0.684675834375 0.49558985624999996 0.6561886046875001 0.49007717812499996 0.633595284375 0.4873208375 0.6296660125 0.4873208375 0.647347740625 0.489525909375 0.6571709234374999 0.489525909375 0.6807465625 0.48787210625000005 0.685658153125
1 0.47188533593750004 0.620825146875 0.469128996875 0.62671905625 0.46802646093750006 0.6434184671875001 0.4696802640625 0.6581532421875 0.47353914062499997 0.671905696875 0.472987871875 0.698428290625 0.47739801562500006 0.699410609375 0.48070562343749995 0.698428290625 0.48566703437500003 0.6905697453124999 0.485115765625 0.686640471875 0.4823594265625 0.684675834375 0.47960308749999997 0.671905696875 0.4779492828125 0.635559921875 0.481808159375 0.6247544203125 0.4862183015625 0.6188605109374999 0.48566703437500003 0.6021611 0.4873208375 0.596267190625 0.493936053125 0.5943025546875 0.49724366093750005 0.6041257375 0.49724366093750005 0.60117878125 0.4988974640625 0.60117878125 0.50441014375 0.558939096875 0.5027563390625 0.5383104125 0.49724366093750005 0.52652259375 0.4884233734375 0.5157170921875001 0.4867695703125 0.50098231875 0.4834619625 0.495088409375 0.476846746875 0.495088409375 0.47519294375000004 0.49901768124999996 0.47519294375000004 0.519646365625 0.4707828 0.53732809375 0.469128996875 0.558939096875 0.4696802640625 0.57563850625 0.47519294375000004 0.5805500984374999 0.4762954796875 0.5943025546875 0.47188533593750004 0.620825146875
1 0.49503858906250003 0.6434184671875001 0.4994487328125 0.671905696875 0.49834619687500004 0.6836935171875 0.4928335171875 0.6944990171875001 0.49503858906250003 0.7082514734375 0.49173098125000003 0.7161100203124999 0.49173098125000003 0.7396856578125 0.4867695703125 0.7416502953124999 0.47905181875 0.736738703125 0.4762954796875 0.7455795671875001 0.4724366046875 0.7475442046875 0.4724366046875 0.7524557953125 0.4779492828125 0.7583497046875001 0.4823594265625 0.7583497046875001 0.4873208375 0.7652259328125 0.49173098125000003 0.7662082515625 0.49724366093750005 0.749508840625 0.501653803125 0.750491159375 0.5088202859375001 0.763261296875 0.5055126796875 0.7789783890625 0.5055126796875 0.7907662078125 0.510474090625 0.7917485265625 0.5170893046875 0.7829076625 0.5214994484375 0.770137525 0.5214994484375 0.7652259328125 0.5126791625 0.7534381140625 0.5088202859375001 0.736738703125 0.50826901875 0.725933203125 0.5292171999999999 0.6895874265625 0.526460859375 0.6640471515625 0.5275633953125001 0.635559921875 0.5259095921875 0.6306483296875001 0.5176405734375 0.62671905625 0.5126791625 0.6178781921875001 0.5005512671875 0.61394891875 0.4994487328125 0.596267190625 0.497794928125 0.5923379171875001 0.4867695703125 0.5933202359374999 0.48566703437500003 0.5992141453125 0.4873208375 0.620825146875 0.49173098125000003 0.6316306484374999 0.49228224843749996 0.63948919375 0.49503858906250003 0.6434184671875001