2 0.476846746875 0.7799607078124999 0.4779492828125 0.7956778 0.48291069531249997 0.7956778 0.48070562343749995 0.7799607078124999 0.476846746875 0.7799607078124999
2 0.929988975 0.9852652265625 0.9294377062500001 0.97544204375 0.9266813671874999 0.969548134375 0.915656009375 0.9656188609375 0.9140022046875 0.968565815625 0.9145534734374999 0.9724950890624999 0.9217199562499999 0.9852652265625 0.929988975 0.9852652265625
2 0.6378169796875001 0.6306483296875001 0.6394707828125 0.6316306484374999 0.6421719953125 0.6229666015624999 0.636163175 0.620825146875 0.6350606390625 0.6257367390625 0.6378169796875001 0.6306483296875001
2 0.6444321937499999 0.6316306484374999 0.646637265625 0.6306483296875001 0.6444321937499999 0.6237721015625 0.643054025 0.62328094375 0.6438809265625001 0.6237721015625 0.6444321937499999 0.6316306484374999
2 0.8638368249999999 0.6807465625 0.869349503125 0.672888015625 0.869349503125 0.6699410609374999 0.865490628125 0.6699410609374999 0.8434399125 0.6905697453124999 0.8379272328124999 0.6905697453124999 0.834619625 0.685658153125 0.8307607499999999 0.684675834375 0.8307607499999999 0.6935167 0.83902976875 0.7013752453125 0.853362734375 0.686640471875 0.8638368249999999 0.6807465625
2 0.30319735468750003 0.673870334375 0.30319735468750003 0.6699410609374999 0.295479603125 0.6561886046875001 0.2899669234375 0.6561886046875001 0.291620728125 0.6650294703124999 0.29658213906249997 0.673870334375 0.30319735468750003 0.673870334375
2 0.72712238125 0.96267190625 0.724917309375 0.969548134375 0.7260198453125 0.97347740625 0.731532525 0.9774066796875 0.7331863281250001 0.97347740625 0.7304299890625 0.9587426328124999 0.7221609703125 0.96070726875 0.717199559375 0.9400785859375 0.7122381484375 0.9381139484375 0.7133406828125 0.96070726875 0.7205071671875001 0.969548134375 0.72326350625 0.96267190625 0.72712238125 0.96267190625
2 0.679713340625 0.6051080546875001 0.67364939375 0.610019646875 0.6742006609375 0.6041257375 0.6703417859374999 0.6051080546875001 0.6642778390624999 0.6110019640625 0.6637265718750001 0.6149312375 0.667585446875 0.609037328125 0.6681367140625001 0.6149312375 0.679713340625 0.6051080546875001
2 0.41455347343750004 0.8418467578125 0.4162072765625 0.8379174859375 0.4101433296875 0.8438113953125 0.4101433296875 0.8369351671875 0.39966923906249996 0.8428290765625001 0.39525909531250003 0.84675835 0.39525909531250003 0.851669940625 0.4035281140625 0.8506876234374999 0.41455347343750004 0.8418467578125
1 0.90518191875 0.6178781921875001 0.907386990625 0.620825146875 0.911245865625 0.620825146875 0.9128996687500001 0.6178781921875001 0.9128996687500001 0.5815324171875 0.9145534734374999 0.5795677796875001 0.9162072765625 0.5815324171875 0.9178610812500001 0.597249509375 0.9250275640625001 0.6149312375 0.92557883125 0.6247544203125 0.9283351703125 0.62671905625 0.9316427781250001 0.6188605109374999 0.9261301 0.6001964640625 0.923925028125 0.583497053125 0.9261301 0.5540275046875001 0.92557883125 0.52455795625 0.9211686875 0.50098231875 0.9162072765625 0.4842829078125 0.9140022046875 0.482318271875 0.911245865625 0.482318271875 0.9084895265625 0.4872298625 0.9101433296874999 0.5108055015625 0.90904079375 0.5294695484374999 0.9057331859375 0.53732809375 0.907386990625 0.557956778125 0.9040793828125 0.57760314375 0.907386990625 0.609037328125 0.90518191875 0.6178781921875001
1 0.869900771875 0.671905696875 0.861080484375 0.7082514734375 0.8588754140624999 0.7328094296875001 0.8517089312499999 0.7455795671875001 0.8522601984374999 0.750491159375 0.8594266812500001 0.749508840625 0.8638368249999999 0.74459725 0.8649393609375 0.7288801578124999 0.86824696875 0.7200392921875001 0.869349503125 0.7092337921875 0.87596471875 0.6944990171875001 0.8792723265625 0.69253438125 0.8820286656249999 0.699410609375 0.8820286656249999 0.7023575640625 0.8770672546875 0.7092337921875 0.8781697906250001 0.7269155203125 0.882579934375 0.729862475 0.8847850062499999 0.7269155203125 0.8869900765625 0.6905697453124999 0.8919514890625001 0.673870334375 0.890297684375 0.6552062875 0.8919514890625001 0.6385068765625 0.890297684375 0.6306483296875001 0.8781697906250001 0.6129666015625 0.8737596468750001 0.5943025546875 0.8660418968749999 0.597249509375 0.8676957 0.616895875 0.8649393609375 0.622789784375 0.8632855562499999 0.6434184671875001 0.85997795 0.6493123765625 0.8605292171875 0.65324165 0.865490628125 0.65324165 0.869349503125 0.6571709234374999 0.869900771875 0.671905696875
1 0.9796030874999999 0.994106090625 0.9823594265625 0.99901768125 0.9994487328125 0.99901768125 0.9994487328125 0.9656188609375 0.9873208375000001 0.96070726875 0.9840132296874999 0.9518664046875 0.981808159375 0.9361493125000001 0.9729878718749999 0.9332023578124999 0.9680264609375 0.9400785859375 0.9680264609375 0.94793713125 0.9718853359375 0.9577603140625 0.9724366046874999 0.9783889984374999 0.9796030874999999 0.994106090625
1 0.40959206249999996 0.9076620828124999 0.42557883125 0.8654223968749999 0.4349503859375 0.8506876234374999 0.43880926093749995 0.851669940625 0.4432194046875 0.8624754421875 0.4415656015625 0.8752455796874999 0.43880926093749995 0.8821218078124999 0.43825799375 0.8929273078125 0.436052921875 0.89685658125 0.43880926093749995 0.9056974453125 0.44211686875 0.9066797640625 0.443770671875 0.8850687625000001 0.4476295484375 0.8801571703125 0.45203969062500005 0.8634577609375 0.45203969062500005 0.8428290765625001 0.4476295484375 0.8241650296874999 0.4492833515625 0.8064833 0.452590959375 0.7996070734375 0.45644983437500003 0.800589390625 0.46306505 0.8163064828125 0.46471885312500005 0.8251473484374999 0.4674751921875 0.8251473484374999 0.46802646093750006 0.8163064828125 0.46471885312500005 0.801571709375 0.4476295484375 0.7681728875 0.4476295484375 0.7465618859375 0.43880926093749995 0.7465618859375 0.43770672499999996 0.762278978125 0.42613009999999996 0.775049115625 0.42392502812500005 0.8251473484374999 0.4184123484375 0.8487229859375001 0.4173098125 0.8624754421875 0.40959206249999996 0.8821218078124999 0.40407938281250005 0.9047151281250001 0.39636163125 0.9214145390624999 0.39581036406250003 0.929273084375 0.39911797187500003 0.9312377203125 0.40738699062499995 0.9194499015625001 0.40959206249999996 0.9076620828124999
1 0.6786108046875 0.6385068765625 0.69018743125 0.6571709234374999 0.691841234375 0.6650294703124999 0.696251378125 0.660117878125 0.6968026453125 0.65324165 0.702315325 0.6581532421875 0.70672546875 0.667976425 0.7094818078125 0.6571709234374999 0.7094818078125 0.648330059375 0.7050716640625 0.6385068765625 0.7039691296874999 0.6041257375 0.6995589859375 0.5913555984375 0.6990077171875 0.5805500984374999 0.6896361625 0.5618860515625 0.6868798234375 0.546168959375 0.6819184125 0.546168959375 0.6791620734375 0.55009823125 0.6824696796875 0.5854616890625 0.6824696796875 0.616895875 0.6780595375 0.627701375 0.6786108046875 0.6385068765625
1 0.2464167578125 0.6404715125 0.2425578828125 0.659135559375 0.23594266875 0.678781925 0.2342888640625 0.6915520625 0.231532525 0.697445971875 0.2326350609375 0.7023575640625 0.23814773906250003 0.7072691546875001 0.2431091515625 0.7072691546875001 0.24586549062500002 0.7033398828124999 0.24200661562499998 0.6915520625 0.2425578828125 0.6886051078125 0.25192943749999996 0.6807465625 0.25248070624999996 0.6620825140625 0.25633958125 0.65225933125 0.26130099218749997 0.627701375 0.268467475 0.608055009375 0.27067254687500003 0.5923379171875001 0.26901874375 0.5559921421875 0.26130099218749997 0.5559921421875 0.2596471890625 0.570726915625 0.250275634375 0.582514734375 0.24751929375 0.5893909625 0.24751929375 0.60117878125 0.2447629546875 0.6178781921875001 0.2469680265625 0.6316306484374999 0.2464167578125 0.6404715125
1 0.7094818078125 0.6944990171875001 0.7078280046875001 0.719056975 0.7012127890625 0.7288801578124999 0.7050716640625 0.7328094296875001 0.7122381484375 0.7288801578124999 0.712789415625 0.7161100203124999 0.7160970234375 0.7062868375 0.7177508265625 0.69253438125 0.7221609703125 0.6817288796875001 0.7265711140625 0.6777996078124999 0.73098125625 0.6777996078124999 0.733737596875 0.6817288796875001 0.7469680265624999 0.7200392921875001 0.7546857765625 0.7200392921875001 0.7546857765625 0.7161100203124999 0.7491730984375 0.7072691546875001 0.745865490625 0.6915520625 0.73980154375 0.6777996078124999 0.7386990078125 0.6434184671875001 0.7431091515625 0.6306483296875001 0.741455346875 0.61394891875 0.737596471875 0.6051080546875001 0.7304299890625 0.596267190625 0.729327453125 0.5815324171875 0.7216097015625 0.5805500984374999 0.7205071671875001 0.583497053125 0.7216097015625 0.6001964640625 0.717199559375 0.61394891875 0.7183020953125 0.647347740625 0.7094818078125 0.6944990171875001
1 0.47023153281249996 0.47053045156250006 0.47574421093749997 0.47249508906250004 0.4762954796875 0.48624754374999996 0.472987871875 0.49607072656250006 0.4696802640625 0.49607072656250006 0.4663726578125 0.5029469546875001 0.4696802640625 0.507858546875 0.4746416765625 0.507858546875 0.4779492828125 0.4970530453125 0.4873208375 0.482318271875 0.49503858906250003 0.482318271875 0.502205071875 0.4901768171875 0.51212789375 0.495088409375 0.5154355015625 0.506876228125 0.518191840625 0.506876228125 0.52094818125 0.495088409375 0.5126791625 0.48526522656250004 0.509922821875 0.47347740624999995 0.5110253578124999 0.46561886093749993 0.502205071875 0.443025540625 0.497794928125 0.4361493125 0.49117971406249994 0.43516699374999995 0.4834619625 0.42239685624999995 0.47905181875 0.423379175 0.476846746875 0.428290765625 0.4746416765625 0.4518664046875 0.46582138906250004 0.469548134375 0.46582138906250004 0.474459725 0.47023153281249996 0.47053045156250006
1 0.9900771781250001 0.504911590625 0.9950385890625 0.5029469546875001 0.9966923921875 0.507858546875 0.9994487328125 0.5088408640625001 0.9994487328125 0.4390962671875 0.9972436609375 0.43713163125000004 0.99558985625 0.428290765625 0.9917309812499999 0.428290765625 0.98787210625 0.4332023578125 0.9867695703124999 0.44499017656250006 0.9834619625000001 0.454813359375 0.985667034375 0.4646365421875 0.985115765625 0.481335953125 0.9746416765625 0.52455795625 0.973539140625 0.5412573671875001 0.977398015625 0.5422396859374999 0.9823594265625 0.519646365625 0.9900771781250001 0.504911590625
1 0.848952590625 0.99901768125 0.8506063953125 0.995088409375 0.8484013234375001 0.974459725 0.8434399125 0.9656188609375 0.8395810359375 0.9636542234375 0.8373759640625 0.9410609031250001 0.8318632859375 0.9332023578124999 0.8269018750000001 0.9322200390625 0.8219404625 0.9361493125000001 0.8230429984375001 0.9577603140625 0.8169790515625 0.9656188609375 0.8153252484375001 0.9715127703125 0.8153252484375001 0.9823182718749999 0.8131201765625 0.9911591359375 0.8208379265625 0.99901768125 0.848952590625 0.99901768125
1 0.45314222656250003 0.9204322203125 0.4581036390625 0.9106090375000001 0.46471885312500005 0.9047151281250001 0.47850055156250004 0.8811394890625 0.48291069531249997 0.8811394890625 0.49117971406249994 0.8909626718749999 0.4867695703125 0.9204322203125 0.4867695703125 0.9312377203125 0.4906284453125 0.93516699375 0.49503858906250003 0.93516699375 0.4988974640625 0.9302554031250001 0.49558985624999996 0.9125736734375 0.5 0.8978389 0.5 0.8762278984374999 0.493936053125 0.85854616875 0.493936053125 0.852652259375 0.5027563390625 0.8565815328124999 0.506615215625 0.84774066875 0.5055126796875 0.8310412578124999 0.5071664828125 0.8172888015625001 0.50441014375 0.8055009828124999 0.5 0.7966601171875001 0.5027563390625 0.7838899796875001 0.502205071875 0.7711198421875001 0.49173098125000003 0.7711198421875001 0.4906284453125 0.7907662078125 0.4823594265625 0.7956778 0.4746416765625 0.8094302546875 0.47353914062499997 0.8388998031250001 0.47188533593750004 0.8506876234374999 0.4663726578125 0.8683693515625001 0.46471885312500005 0.8870333984375 0.44432194062499997 0.9194499015625001 0.443770671875 0.9361493125000001 0.44597574375000004 0.9440078578125 0.45038588749999997 0.93516699375 0.45314222656250003 0.9204322203125
1 0.7613009921875 0.9823182718749999 0.7480705624999999 0.9656188609375 0.74751929375 0.9557956781250001 0.7442116875 0.94891945 0.7370452046875 0.94891945 0.7348401328125 0.9528487234374999 0.733737596875 0.9724950890624999 0.7304299890625 0.979371315625 0.7304299890625 0.99901768125 0.7635060640625 0.99901768125 0.76405733125 0.9921414531250001 0.7613009921875 0.9823182718749999