2 0.056229328125 0.8978389 0.05788313125 0.903732809375 0.0606394703125 0.9007858546874999 0.070011025 0.8821218078124999 0.072767365625 0.8801571703125 0.07442116875 0.8683693515625001 0.0694597578125 0.872298625 0.05181918437500001 0.903732809375 0.0529217203125 0.91159135625 0.055126792187499996 0.9086444015625 0.0529217203125 0.902750490625 0.056229328125 0.8978389
2 0.291069459375 0.8084479375000001 0.2949283359375 0.8045186640624999 0.2982359421875 0.788801571875 0.2778390296875 0.7927308453124999 0.275082690625 0.7966601171875001 0.275082690625 0.801571709375 0.2783902984375 0.80746561875 0.291069459375 0.8084479375000001
2 0.052370451562499996 0.902750490625 0.055678059375 0.89882121875 0.05788313125 0.903732809375 0.0606394703125 0.9007858546874999 0.070011025 0.8821218078124999 0.072767365625 0.8801571703125 0.0749724359375 0.8693516703125 0.0694597578125 0.872298625 0.0567805953125 0.89685658125 0.047960309374999996 0.9047151281250001 0.0468577734375 0.9007858546874999 0.042998896875 0.89882121875 0.039140021875 0.9066797640625 0.039691290625 0.923379175 0.0507166484375 0.923379175 0.055126792187499996 0.9086444015625 0.052370451562499996 0.902750490625
2 0.6521499453125 0.6149312375 0.6565600875000001 0.6021611 0.6527012125 0.6021611 0.6229327453125 0.6561886046875001 0.6130099234374999 0.659135559375 0.6124586546875 0.6650294703124999 0.6157662625 0.667976425 0.6229327453125 0.6650294703124999 0.6521499453125 0.6149312375
1 0.5876515984374999 0.49115913593749994 0.5981256890625 0.5157170921875001 0.5964718859375 0.5294695484374999 0.6025358328125 0.532416503125 0.606945975 0.5235756390625 0.606945975 0.506876228125 0.6041896359375001 0.50098231875 0.6074972437499999 0.469548134375 0.606945975 0.455795678125 0.5931642781249999 0.42141453906250004 0.5854465265625 0.42141453906250004 0.5837927234375 0.4361493125 0.589305403125 0.46070726874999995 0.5898566703125 0.479371315625 0.5876515984374999 0.49115913593749994
1 0.8500551265625 0.466601178125 0.8500551265625 0.48330058906250006 0.84674751875 0.51178781875 0.8478500546875001 0.519646365625 0.8561190734374999 0.5098231828124999 0.857772878125 0.51375245625 0.8621830203125 0.51178781875 0.8632855562499999 0.4872298625 0.8616317531250001 0.47544204375000004 0.869349503125 0.44499017656250006 0.8687982359375 0.41944990156250006 0.8632855562499999 0.3939096265625 0.8605292171875 0.3889980359375 0.8561190734374999 0.3889980359375 0.853362734375 0.3939096265625 0.8500551265625 0.42239685624999995 0.844542446875 0.4440078578125 0.8484013234375001 0.4518664046875 0.8500551265625 0.466601178125
1 0.663175303125 0.5893909625 0.66482910625 0.60117878125 0.6659316421875 0.6512770140625 0.6604189640625 0.6620825140625 0.6604189640625 0.6689587421875001 0.6681367140625001 0.6689587421875001 0.673098125 0.672888015625 0.6808158765625001 0.671905696875 0.6857772875 0.6640471515625 0.6857772875 0.6561886046875001 0.6824696796875 0.6512770140625 0.6786108046875 0.6375245578125 0.6780595375 0.627701375 0.6819184125 0.621807465625 0.6852260203125 0.610019646875 0.6852260203125 0.5854616890625 0.67364939375 0.56286836875 0.6620727671875 0.5540275046875001 0.6543550171875 0.5432220046875 0.6493936046875 0.546168959375 0.6488423375 0.557956778125 0.6560088203125 0.5677799609374999 0.6565600875000001 0.5746561890625 0.663175303125 0.5893909625
1 0.0749724359375 0.8762278984374999 0.0777287765625 0.8899803531250001 0.0788313125 0.9135559921875 0.0826901875 0.9263261296874999 0.09151047343749999 0.92239685625 0.0997794921875 0.9302554031250001 0.0997794921875 0.9076620828124999 0.106945975 0.8821218078124999 0.106945975 0.8310412578124999 0.113561190625 0.8182711203125 0.1130099234375 0.8084479375000001 0.10529217187499999 0.7858546171875 0.0959206171875 0.7799607078124999 0.09426681406250001 0.777013753125 0.09426681406250001 0.7671905703124999 0.089305403125 0.761296659375 0.081036384375 0.764243615625 0.0788313125 0.7711198421875001 0.080485115625 0.787819253125 0.0738699 0.7976424359375 0.072767365625 0.8172888015625001 0.076626240625 0.8398821218749999 0.0749724359375 0.84675835 0.0749724359375 0.8762278984374999
1 0.32635060625 0.7288801578124999 0.3274531421875 0.736738703125 0.3335170890625 0.750491159375 0.33461962500000003 0.7662082515625 0.33902976875 0.7662082515625 0.3417861078125 0.761296659375 0.344542446875 0.7652259328125 0.3511576625 0.7662082515625 0.3539140015625 0.7730844796875 0.35722160937499997 0.775049115625 0.3588754140625 0.7711198421875001 0.352811465625 0.7593320234375 0.35170893125 0.750491159375 0.34785005468749997 0.7455795671875001 0.344542446875 0.7455795671875001 0.34288864375 0.7406679765625 0.34399117968750004 0.7170923375 0.3472987875 0.7013752453125 0.3417861078125 0.6807465625 0.33020948125 0.6650294703124999 0.305402425 0.6571709234374999 0.3048511578125 0.66699410625 0.308158765625 0.6748526515625 0.3087100328125 0.6935167 0.32635060625 0.7288801578124999
1 0.6163175296875 0.5609037328124999 0.617971334375 0.5667976421875001 0.6251378171875001 0.57563850625 0.6267916203125 0.5805500984374999 0.625689084375 0.5923379171875001 0.630099228125 0.596267190625 0.6334068359375 0.5933202359374999 0.6350606390625 0.5874263265625 0.6350606390625 0.576620825 0.6372657109375 0.5677799609374999 0.6273428890625 0.5530451859375 0.630099228125 0.53732809375 0.6295479609375 0.51178781875 0.6245865484374999 0.492141453125 0.6196251375 0.48330058906250006 0.6124586546875 0.47347740624999995 0.6080485109375 0.47544204375000004 0.6085997796875 0.505893909375 0.6102535828125 0.5157170921875001 0.614112459375 0.52455795625 0.6163175296875 0.5609037328124999
1 0.5446527015625 0.6060903734374999 0.5490628453124999 0.6296660125 0.5485115765625 0.6434184671875001 0.555678059375 0.6434184671875001 0.5562293281249999 0.621807465625 0.5589856671875 0.61394891875 0.5562293281249999 0.5943025546875 0.563947078125 0.5667976421875001 0.564498346875 0.5491159140625 0.5600882031250001 0.53732809375 0.551819184375 0.52455795625 0.5507166484375 0.517681728125 0.5463065046875 0.5127701375 0.5424476296875 0.5147347734375 0.5385887546875 0.5294695484374999 0.53748621875 0.571709234375 0.5385887546875 0.576620825 0.542998896875 0.5805500984374999 0.5446527015625 0.6060903734374999
1 0.5854465265625 0.52455795625 0.5832414546875 0.517681728125 0.581036384375 0.51375245625 0.5788313125 0.5157170921875001 0.5793825796875 0.52455795625 0.5815876515625 0.5284872296875001 0.584895259375 0.5284872296875001 0.5854465265625 0.52455795625
1 0.5413450937500001 0.44990176875000004 0.5457552375 0.44990176875000004 0.5474090406250001 0.45284872343749993 0.5507166484375 0.493123771875 0.5606394703124999 0.5 0.562293275 0.51178781875 0.5667034171875 0.5235756390625 0.5749724359374999 0.519646365625 0.5771775078125 0.5166994109374999 0.5771775078125 0.51178781875 0.57442116875 0.5098231828124999 0.56560088125 0.481335953125 0.563947078125 0.441060903125 0.5589856671875 0.430255403125 0.5490628453124999 0.423379175 0.5457552375 0.415520628125 0.5418963609375 0.41453831093750004 0.539140021875 0.41944990156250006 0.5385887546875 0.4440078578125 0.533076075 0.455795678125 0.53693495 0.4567779953125 0.5413450937500001 0.44990176875000004
1 0.6681367140625001 0.5157170921875001 0.673098125 0.525540275 0.6725468578125 0.5599214140625 0.68136714375 0.5795677796875001 0.6852260203125 0.5795677796875001 0.6824696796875 0.5559921421875 0.69018743125 0.5284872296875001 0.69018743125 0.495088409375 0.6819184125 0.4587426328125 0.6742006609375 0.45776031406250006 0.6703417859374999 0.4616895875 0.6708930546875 0.47249508906250004 0.67364939375 0.482318271875 0.67364939375 0.495088409375 0.6681367140625001 0.5157170921875001
1 0.3048511578125 0.4872298625 0.30595369375 0.5 0.3042998890625 0.5098231828124999 0.29988974687500003 0.5166994109374999 0.2987872109375 0.5422396859374999 0.2899669234375 0.5550098234374999 0.29217199531250004 0.5599214140625 0.3004410140625 0.557956778125 0.30154355 0.5422396859374999 0.3070562296875 0.533398821875 0.308158765625 0.525540275 0.31201764062500004 0.520628684375 0.31587651562499997 0.520628684375 0.326901875 0.5294695484374999 0.3291069453125 0.5343811390625001 0.33020948125 0.546168959375 0.33461962500000003 0.545186640625 0.3379272328125 0.533398821875 0.3379272328125 0.5284872296875001 0.33572216093749996 0.525540275 0.3274531421875 0.5235756390625 0.32579933906249997 0.518664046875 0.3274531421875 0.507858546875 0.32579933906249997 0.4872298625 0.3219404625 0.4774066796875 0.320286659375 0.466601178125 0.3109151046875 0.44990176875000004 0.30595369375 0.45284872343749993 0.305402425 0.46365422343749996 0.308158765625 0.47347740624999995 0.308158765625 0.479371315625 0.3048511578125 0.4872298625