2 0.5110253578124999 0.5422396859374999 0.50441014375 0.546168959375 0.496141125 0.5638506875 0.49724366093750005 0.570726915625 0.5005512671875 0.5677799609374999 0.5110253578124999 0.5422396859374999
2 0.0567805953125 0.99901768125 0.0606394703125 0.99901768125 0.0606394703125 0.9911591359375 0.0567805953125 0.9823182718749999 0.05126791562500001 0.9774066796875 0.0501653796875 0.9616895875000001 0.0363836828125 0.929273084375 0.039140021875 0.9155206281250001 0.0424476296875 0.9106090375000001 0.042998896875 0.8978389 0.0363836828125 0.89882121875 0.0292172 0.9165029468749999 0.0292172 0.928290765625 0.042998896875 0.9577603140625 0.047960309374999996 0.9774066796875 0.0567805953125 0.99901768125
2 0.19790518125 0.5 0.191841234375 0.4901768171875 0.1885336265625 0.47838899843749993 0.1857772875 0.479371315625 0.18412348437499998 0.48526522656250004 0.1912899671875 0.49901768124999996 0.196251378125 0.5029469546875001 0.19790518125 0.5
2 0.7761852265625 0.633595284375 0.7761852265625 0.628192534375 0.7739801546875 0.6247544203125 0.7756339578125 0.621807465625 0.7723263499999999 0.6257367390625 0.76901874375 0.6385068765625 0.7651598671875 0.6444007859374999 0.7651598671875 0.65225933125 0.768467475 0.65225933125 0.7734288859375 0.64243615 0.7761852265625 0.633595284375
2 0.1433296578125 0.9312377203125 0.138919515625 0.9312377203125 0.13009922812500002 0.93713163125 0.1267916203125 0.9410609031250001 0.1289966921875 0.94793713125 0.1438809265625 0.93516699375 0.1433296578125 0.9312377203125
0 0.212789415625 0.520628684375 0.212789415625 0.5294695484374999 0.21830209531250003 0.5284872296875001 0.21775082656250003 0.520628684375 0.212789415625 0.520628684375
1 0.33461962500000003 0.8094302546875 0.33461962500000003 0.8290766203125 0.33020948125 0.84675835 0.33020948125 0.878192534375 0.328555678125 0.8850687625000001 0.33076075 0.902750490625 0.33461962500000003 0.8939096265625001 0.33461962500000003 0.8811394890625 0.3384785 0.87131630625 0.3401323046875 0.851669940625 0.35777287812499997 0.8310412578124999 0.3687982359375 0.8251473484374999 0.3732083796875 0.8172888015625001 0.3704520390625 0.8133595281250001 0.36328555625000003 0.8133595281250001 0.3588754140625 0.8172888015625001 0.3544652703125 0.8143418468749999 0.35611907343750004 0.8055009828124999 0.35611907343750004 0.7711198421875001 0.35942668125 0.7671905703124999 0.361631753125 0.780943025 0.3643880921875 0.78192534375 0.365490628125 0.7662082515625 0.3550165375 0.7426326125 0.3472987875 0.735756384375 0.3461962515625 0.7131630640625 0.3423373765625 0.712180746875 0.3373759640625 0.7161100203124999 0.33517089375000003 0.7210216109375 0.3335170890625 0.736738703125 0.33020948125 0.7406679765625 0.328555678125 0.750491159375 0.3291069453125 0.770137525 0.3274531421875 0.7829076625 0.332965821875 0.7868369359375 0.33461962500000003 0.8094302546875
1 0.7783902984375 0.6935167 0.7778390296875 0.7062868375 0.7850055125 0.7072691546875001 0.787210584375 0.6836935171875 0.7987872109375 0.6365422390625 0.7982359421874999 0.6051080546875001 0.795479603125 0.596267190625 0.7949283359375 0.5805500984374999 0.7921719953124999 0.57563850625 0.7883131203125 0.5746561890625 0.783351709375 0.5795677796875001 0.774531421875 0.6247544203125 0.774531421875 0.646365421875 0.7723263499999999 0.6571709234374999 0.7723263499999999 0.6944990171875001 0.7783902984375 0.6935167
1 0.06339581093749999 0.9616895875000001 0.052370451562499996 0.968565815625 0.05181918437500001 0.9774066796875 0.060088203124999996 0.9783889984374999 0.0689084890625 0.97347740625 0.072216096875 0.9783889984374999 0.0711135609375 0.99901768125 0.09536934999999999 0.99901768125 0.09536934999999999 0.9705304515625001 0.09040793750000001 0.96267190625 0.0898566703125 0.94891945 0.0859977953125 0.9361493125000001 0.07442116875 0.917485265625 0.0738699 0.902750490625 0.0711135609375 0.8978389 0.0589856671875 0.8978389 0.0534729875 0.9066797640625 0.0534729875 0.9145383109375 0.06504961406250001 0.9361493125000001 0.06560088124999999 0.9557956781250001 0.06339581093749999 0.9616895875000001
1 0.173098125 0.5383104125 0.1764057328125 0.5363457765625 0.175303196875 0.525540275 0.1857772875 0.5235756390625 0.1808158765625 0.51178781875 0.1808158765625 0.4970530453125 0.1846747515625 0.48624754374999996 0.18963616249999998 0.479371315625 0.1885336265625 0.45972495156250004 0.191841234375 0.4332023578125 0.1934950390625 0.430255403125 0.191841234375 0.416502946875 0.1852260203125 0.415520628125 0.179713340625 0.430255403125 0.1708930546875 0.43713163125000004 0.165380375 0.45284872343749993 0.1659316421875 0.518664046875 0.1681367140625 0.5284872296875001 0.16758544687500002 0.53732809375 0.173098125 0.5383104125
1 0.0997794921875 0.9833005890625 0.0981256890625 0.98624754375 0.1025358328125 0.9813359531250001 0.10915104687499999 0.9823182718749999 0.117971334375 0.9872298625000001 0.12017640624999999 0.99901768125 0.1289966921875 0.99901768125 0.128445425 0.969548134375 0.12072767343749999 0.94891945 0.12072767343749999 0.9410609031250001 0.12458654843750001 0.9361493125000001 0.12568908437499998 0.91159135625 0.128445425 0.8978389 0.128445425 0.8880157171875 0.12458654843750001 0.872298625 0.12624035312499998 0.8595284875000001 0.1251378171875 0.8388998031250001 0.1163175296875 0.8388998031250001 0.1124586546875 0.8438113953125 0.10970231562499999 0.8673870328125 0.0997794921875 0.8889980359375 0.09371554531250001 0.92436149375 0.09095920625000001 0.9312377203125 0.09095920625000001 0.9616895875000001 0.09536934999999999 0.969548134375 0.097023153125 0.9823182718749999 0.0997794921875 0.9833005890625
1 0.5650496140625 0.712180746875 0.5606394703124999 0.7328094296875001 0.5611907390625 0.7524557953125 0.5667034171875 0.7583497046875001 0.5788313125 0.7583497046875001 0.5832414546875 0.764243615625 0.58710033125 0.7593320234375 0.5898566703125 0.763261296875 0.58710033125 0.770137525 0.59481808125 0.7779960703125 0.5942668140625 0.76915520625 0.5865490624999999 0.7573673875 0.5882028671875 0.7406679765625 0.5876515984374999 0.711198428125 0.5832414546875 0.6944990171875001 0.5815876515625 0.6777996078124999 0.5689084890625 0.6571709234374999 0.5650496140625 0.63948919375 0.55788313125 0.6385068765625 0.5534729875 0.6434184671875001 0.5534729875 0.6512770140625 0.55788313125 0.667976425 0.55788313125 0.6895874265625 0.5650496140625 0.712180746875
1 0.5959206171875 0.7681728875 0.5964718859375 0.7838899796875001 0.5937155453125 0.7956778 0.5959206171875 0.8182711203125 0.5937155453125 0.8418467578125 0.59536935 0.84675835 0.5997794921875 0.84577603125 0.60363836875 0.8388998031250001 0.6041896359375001 0.8251473484374999 0.6085997796875 0.8300589390625 0.6157662625 0.8300589390625 0.6168687984375001 0.7937131625 0.6251378171875001 0.775049115625 0.628445425 0.7583497046875001 0.6251378171875001 0.7288801578124999 0.6212789421875 0.7170923375 0.6113561187500001 0.7023575640625 0.606945975 0.686640471875 0.6025358328125 0.686640471875 0.5997794921875 0.6915520625 0.5986769562500001 0.73084479375 0.6030871 0.7465618859375 0.600882028125 0.7583497046875001 0.5959206171875 0.7681728875
1 0.52094818125 0.5039292734374999 0.52094818125 0.507858546875 0.5259095921875 0.51375245625 0.5292171999999999 0.557956778125 0.5341786109375 0.5726915515625 0.5341786109375 0.5795677796875001 0.531422271875 0.583497053125 0.531422271875 0.5874263265625 0.539691290625 0.5893909625 0.539140021875 0.6051080546875001 0.5463065046875 0.6051080546875001 0.5501653796875 0.5982318265625 0.5501653796875 0.5923379171875001 0.5385887546875 0.557956778125 0.5413450937500001 0.5294695484374999 0.5413450937500001 0.4901768171875 0.533076075 0.4616895875 0.52866593125 0.4587426328125 0.5242557890625 0.4616895875 0.523153253125 0.46561886093749993 0.5259095921875 0.47544204375000004 0.5259095921875 0.495088409375 0.5253583234375 0.5 0.52094818125 0.5039292734374999