2 0.31367144375 0.7652259328125 0.32469680312500004 0.749508840625 0.3274531421875 0.7406679765625 0.3230429984375 0.7406679765625 0.3213891953125 0.7455795671875001 0.30981256875 0.7534381140625 0.30595369375 0.7583497046875001 0.30595369375 0.763261296875 0.3087100328125 0.7662082515625 0.31367144375 0.7652259328125
2 0.5876515984374999 0.5667976421875001 0.58710033125 0.57563850625 0.5942668140625 0.5746561890625 0.5942668140625 0.5667976421875001 0.5876515984374999 0.5667976421875001
2 0.6085997796875 0.5363457765625 0.6085997796875 0.517681728125 0.6052921718750001 0.520628684375 0.600882028125 0.5363457765625 0.601433296875 0.5432220046875 0.6052921718750001 0.5422396859374999 0.6085997796875 0.5363457765625
2 0.509922821875 0.61394891875 0.5154355015625 0.609037328125 0.5220507171875 0.5943025546875 0.5170893046875 0.5943025546875 0.506615215625 0.61394891875 0.4988974640625 0.6178781921875001 0.49834619687500004 0.622789784375 0.5 0.6257367390625 0.5038588749999999 0.6257367390625 0.509922821875 0.61394891875
2 0.7701212796875 0.6561886046875001 0.7701212796875 0.6640471515625 0.8026460859375 0.6316306484374999 0.8125689078124999 0.6257367390625 0.8125689078124999 0.622789784375 0.8084343984375 0.621807465625 0.807607496875 0.627701375 0.8054024249999999 0.621807465625 0.8037486218750001 0.622789784375 0.7717750828125001 0.6552062875 0.7607497249999999 0.6512770140625 0.7613009921875 0.659135559375 0.7651598671875 0.6640471515625 0.766262403125 0.6552062875 0.7701212796875 0.6561886046875001
2 0.10859977968750001 0.495088409375 0.1041896359375 0.5029469546875001 0.1041896359375 0.5108055015625 0.10749724375 0.5108055015625 0.11135611875 0.49901768124999996 0.10859977968750001 0.495088409375
2 0.6560088203125 0.9076620828124999 0.651047409375 0.8889980359375 0.6477398015625 0.8909626718749999 0.6488423375 0.9106090375000001 0.6637265718750001 0.923379175 0.66979051875 0.923379175 0.6725468578125 0.9184675828125 0.671995590625 0.9125736734375 0.6681367140625001 0.91159135625 0.6686879828125 0.902750490625 0.6725468578125 0.902750490625 0.6692392500000001 0.89685658125 0.6725468578125 0.8929273078125 0.6686879828125 0.8899803531250001 0.6686879828125 0.8850687625000001 0.6725468578125 0.88605108125 0.6708930546875 0.878192534375 0.6708930546875 0.8438113953125 0.6681367140625001 0.8428290765625001 0.6686879828125 0.8978389 0.6637265718750001 0.9155206281250001 0.6604189640625 0.9145383109375 0.6560088203125 0.9076620828124999
2 0.673098125 0.9135559921875 0.6708930546875 0.8428290765625001 0.6681367140625001 0.8398821218749999 0.6681367140625001 0.9145383109375 0.6714443218749999 0.9204322203125 0.673098125 0.9135559921875
2 0.6560088203125 0.9086444015625 0.6515986765624999 0.8899803531250001 0.6482910687500001 0.8899803531250001 0.6488423375 0.9106090375000001 0.654906284375 0.917485265625 0.6620727671875 0.9194499015625001 0.6560088203125 0.9086444015625
1 0.8456449828125001 0.5039292734374999 0.84674751875 0.5 0.8517089312499999 0.5029469546875001 0.8544652703125 0.48821218125000004 0.8566703421874999 0.48526522656250004 0.8594266812500001 0.4872298625 0.85997795 0.492141453125 0.8594266812500001 0.5108055015625 0.8627342890625 0.5127701375 0.865490628125 0.49115913593749994 0.8643880921875 0.466601178125 0.869349503125 0.4440078578125 0.86824696875 0.43222003906250006 0.8594266812500001 0.4106090375 0.8555678062500001 0.4106090375 0.8484013234375001 0.4312377203125 0.8478500546875001 0.44007858593750004 0.8484013234375001 0.482318271875 0.8439911796875 0.51178781875 0.8478500546875001 0.5108055015625 0.8456449828125001 0.5039292734374999
1 0.0826901875 0.5667976421875001 0.08213891875 0.5795677796875001 0.084895259375 0.5815324171875 0.09536934999999999 0.576620825 0.09536934999999999 0.5687622796875 0.092613009375 0.5618860515625 0.09151047343749999 0.5363457765625 0.092613009375 0.505893909375 0.09536934999999999 0.5 0.09536934999999999 0.482318271875 0.089305403125 0.47249508906250004 0.08379272343750001 0.453831040625 0.080485115625 0.453831040625 0.07828004375 0.45776031406250006 0.0777287765625 0.468565815625 0.070011025 0.482318271875 0.0694597578125 0.49803536406250004 0.076626240625 0.5166994109374999 0.0793825796875 0.55009823125 0.0826901875 0.5667976421875001
1 0.8070562296875 0.6149312375 0.8092613015625 0.620825146875 0.8125689078124999 0.622789784375 0.8120176406249999 0.6434184671875001 0.81367144375 0.65225933125 0.8120176406249999 0.671905696875 0.8065049609375 0.6817288796875001 0.8031973546875 0.6836935171875 0.8037486218750001 0.6886051078125 0.8092613015625 0.6915520625 0.8175303203125001 0.6905697453124999 0.8175303203125001 0.6699410609374999 0.820286659375 0.6650294703124999 0.824696803125 0.6650294703124999 0.8291069453125001 0.672888015625 0.8313120171874999 0.684675834375 0.8296582140625001 0.7023575640625 0.8373759640625 0.7013752453125 0.83902976875 0.697445971875 0.83902976875 0.6886051078125 0.83020948125 0.6561886046875001 0.8307607499999999 0.62671905625 0.8263506062499999 0.6110019640625 0.8241455343749999 0.5943025546875 0.820286659375 0.5854616890625 0.8131201765625 0.576620825 0.8109151046875 0.5677799609374999 0.807607496875 0.5638506875 0.8037486218750001 0.5677799609374999 0.8037486218750001 0.5785854609375 0.8081587656250001 0.5874263265625 0.8087100328125001 0.6041257375 0.8070562296875 0.6149312375
1 0.6102535828125 0.58840864375 0.614112459375 0.58840864375 0.6168687984375001 0.584479371875 0.6168687984375001 0.5677799609374999 0.614112459375 0.56286836875 0.61521499375 0.5550098234374999 0.6240352812500001 0.5667976421875001 0.6240352812500001 0.5815324171875 0.6273428890625 0.584479371875 0.630099228125 0.5795677796875001 0.630099228125 0.5658153234375 0.6267916203125 0.5609037328124999 0.6240352812500001 0.5481335953124999 0.622381478125 0.51375245625 0.6240352812500001 0.51178781875 0.6245865484374999 0.5039292734374999 0.617420065625 0.48919449843749996 0.6163175296875 0.469548134375 0.6119073875 0.468565815625 0.6085997796875 0.47249508906250004 0.606945975 0.5550098234374999 0.6085997796875 0.5667976421875001 0.6113561187500001 0.5726915515625 0.6102535828125 0.58840864375
1 0.40904079375 0.5491159140625 0.4123484015625 0.5540275046875001 0.42116868749999997 0.5815324171875 0.42171995625 0.597249509375 0.42502756406250003 0.60117878125 0.42833517031249996 0.597249509375 0.43109151093750003 0.5874263265625 0.42943770625 0.576620825 0.42557883125 0.569744596875 0.42116868749999997 0.546168959375 0.42171995625 0.5166994109374999 0.42502756406250003 0.507858546875 0.42171995625 0.492141453125 0.41565600937499997 0.481335953125 0.41455347343750004 0.47544204375000004 0.4123484015625 0.47249508906250004 0.40793825781250004 0.47544204375000004 0.406835721875 0.48526522656250004 0.4035281140625 0.493123771875 0.40407938281250005 0.5225933203124999 0.40904079375 0.5491159140625
1 0.06174200625 0.8555992140625 0.063947078125 0.8555992140625 0.0667034171875 0.8497053046874999 0.072216096875 0.84577603125 0.0771775078125 0.8349705296875 0.081036384375 0.83300589375 0.08324145468750001 0.8379174859375 0.08324145468750001 0.84577603125 0.080485115625 0.8801571703125 0.09040793750000001 0.8811394890625 0.0964718859375 0.8762278984374999 0.0959206171875 0.8703339874999999 0.09095920625000001 0.8683693515625001 0.089305403125 0.8634577609375 0.09151047343749999 0.8349705296875 0.0898566703125 0.8084479375000001 0.09536934999999999 0.8055009828124999 0.09867695625 0.7996070734375 0.0997794921875 0.775049115625 0.09481808124999999 0.7465618859375 0.09151047343749999 0.7396856578125 0.09151047343749999 0.7269155203125 0.089305403125 0.7200392921875001 0.0826901875 0.7220039296875 0.080485115625 0.7416502953124999 0.070011025 0.763261296875 0.067805953125 0.7829076625 0.063947078125 0.7986247546875 0.063947078125 0.8084479375000001 0.068357221875 0.8290766203125 0.05181918437500001 0.8595284875000001 0.05126791562500001 0.87131630625 0.0534729875 0.8762278984374999 0.0567805953125 0.8644400781250001 0.06174200625 0.8555992140625
1 0.33572216093749996 0.775049115625 0.3340683578125 0.7838899796875001 0.328555678125 0.7917485265625 0.33020948125 0.7976424359375 0.33902976875 0.7956778 0.3417861078125 0.7917485265625 0.3417861078125 0.776031434375 0.345093715625 0.7662082515625 0.3511576625 0.7662082515625 0.35611907343750004 0.761296659375 0.35556780625 0.7534381140625 0.3472987875 0.74459725 0.34840132343749997 0.7328094296875001 0.3550165375 0.7200392921875001 0.3544652703125 0.684675834375 0.35170893125 0.671905696875 0.3434399125 0.6561886046875001 0.3423373765625 0.6444007859374999 0.3373759640625 0.6434184671875001 0.33461962500000003 0.647347740625 0.33461962500000003 0.6640471515625 0.33902976875 0.7082514734375 0.33517089375000003 0.7288801578124999 0.33572216093749996 0.775049115625
1 0.774531421875 0.55206286875 0.7794928328124999 0.55108055 0.7822491734375 0.5559921421875 0.7866593171875 0.5746561890625 0.7877618515625 0.58840864375 0.7861080484375 0.597249509375 0.787210584375 0.6001964640625 0.7921719953124999 0.6001964640625 0.7938258 0.597249509375 0.7938258 0.5874263265625 0.7883131203125 0.544204321875 0.78941565625 0.5127701375 0.7778390296875 0.466601178125 0.774531421875 0.466601178125 0.7734288859375 0.469548134375 0.7723263499999999 0.5284872296875001 0.7679162078124999 0.55206286875 0.768467475 0.5746561890625 0.7668136718749999 0.58840864375 0.7734288859375 0.58840864375 0.774531421875 0.55206286875
1 0.526460859375 0.6316306484374999 0.5303197359375 0.635559921875 0.5336273421875 0.633595284375 0.5358324140625 0.6188605109374999 0.542998896875 0.6041257375 0.5418963609375 0.5893909625 0.5468577734375 0.5677799609374999 0.5468577734375 0.5530451859375 0.542998896875 0.5383104125 0.535281146875 0.52652259375 0.5336273421875 0.519646365625 0.526460859375 0.518664046875 0.5259095921875 0.5933202359374999 0.5292171999999999 0.60117878125 0.5292171999999999 0.621807465625 0.526460859375 0.6316306484374999
1 0.49503858906250003 0.5 0.49173098125000003 0.5098231828124999 0.4944873203125 0.51178781875 0.5 0.507858546875 0.5011025359375 0.48624754374999996 0.5077177515625 0.492141453125 0.5145165375 0.49115913593749994 0.5154355015625 0.4872298625 0.5174570015625 0.49115913593749994 0.5259095921875 0.49115913593749994 0.52480705625 0.482318271875 0.5214994484375 0.481335953125 0.5176405734375 0.48526522656250004 0.5132304296875 0.48330058906250006 0.514332965625 0.469548134375 0.5126791625 0.4567779953125 0.5011025359375 0.43418467656250004 0.4988974640625 0.423379175 0.4928335171875 0.423379175 0.4928335171875 0.4361493125 0.4994487328125 0.468565815625 0.4966923921875 0.47544204375000004 0.49503858906250003 0.5