2 0.9117971328125 0.97347740625 0.911245865625 0.9518664046875 0.9084895265625 0.9528487234374999 0.9040793828125 0.9616895875000001 0.890848953125 0.9616895875000001 0.890848953125 0.968565815625 0.8969129 0.97347740625 0.907386990625 0.9774066796875 0.9117971328125 0.97347740625
2 0.9283351703125 0.7328094296875001 0.923373759375 0.7347740671875 0.9095920625 0.7583497046875001 0.90904079375 0.762278978125 0.9162072765625 0.761296659375 0.9266813671874999 0.7406679765625 0.9283351703125 0.7328094296875001
2 0.0788313125 0.9066797640625 0.08213891875 0.90962671875 0.089305403125 0.90962671875 0.09206174218749999 0.9066797640625 0.09206174218749999 0.8978389 0.088754134375 0.8939096265625001 0.0793825796875 0.8929273078125 0.0501653796875 0.8310412578124999 0.0468577734375 0.827111984375 0.0446527015625 0.8290766203125 0.0446527015625 0.8339882125000001 0.0490628453125 0.84577603125 0.068357221875 0.8811394890625 0.0788313125 0.9066797640625
2 0.5711135609375 0.616895875 0.5650496140625 0.6051080546875001 0.5567805953125 0.6051080546875001 0.5567805953125 0.61394891875 0.56174200625 0.621807465625 0.5711135609375 0.622789784375 0.5711135609375 0.616895875
2 0.6030871 0.61394891875 0.6124586546875 0.6051080546875001 0.609151046875 0.60117878125 0.600882028125 0.6021611 0.592613009375 0.6129666015625 0.5959206171875 0.609037328125 0.59683958125 0.61394891875 0.6030871 0.61394891875
2 0.50826901875 0.7318271125 0.50826901875 0.724950884375 0.50441014375 0.722986246875 0.5049614109375 0.719056975 0.506615215625 0.7141453828125 0.50826901875 0.71807465625 0.5110253578124999 0.710216109375 0.5126791625 0.6905697453124999 0.5159867703125001 0.6777996078124999 0.5154355015625 0.672888015625 0.51212789375 0.6777996078124999 0.5088202859375001 0.6915520625 0.50826901875 0.7062868375 0.50441014375 0.7200392921875001 0.5038588749999999 0.7337917484375 0.49503858906250003 0.7593320234375 0.4944873203125 0.770137525 0.5 0.7711198421875001 0.5011025359375 0.7544204328124999 0.50826901875 0.7318271125
2 0.5 0.5363457765625 0.5 0.532416503125 0.49503858906250003 0.52455795625 0.4862183015625 0.52455795625 0.48070562343749995 0.518664046875 0.47850055156250004 0.507858546875 0.4740904078125 0.5088408640625001 0.47353914062499997 0.520628684375 0.4762954796875 0.5235756390625 0.49503858906250003 0.5363457765625 0.5 0.5363457765625
0 0.092613009375 0.88605108125 0.0876515984375 0.8889980359375 0.08710033125 0.8939096265625001 0.09481808124999999 0.8939096265625001 0.09481808124999999 0.8889980359375 0.092613009375 0.88605108125
1 0.92557883125 0.8555992140625 0.9222712234375001 0.8634577609375 0.9134509375000001 0.8683693515625001 0.9128996687500001 0.872298625 0.9173098124999999 0.8762278984374999 0.9288864390624999 0.87328094375 0.929988975 0.8811394890625 0.9206174203125 0.8978389 0.9173098124999999 0.9145383109375 0.9128996687500001 0.92436149375 0.9123484015625 0.94793713125 0.9101433296874999 0.9557956781250001 0.9128996687500001 0.9656188609375 0.9128996687500001 0.9783889984374999 0.9068357218750001 0.98624754375 0.9002205078125 0.98821218125 0.8996692390625001 0.994106090625 0.9184123484375 0.995088409375 0.9217199562499999 0.99901768125 0.9250275640625001 0.9960707265625001 0.9288864390624999 0.99901768125 0.9305402421875 0.995088409375 0.9392227125 0.995088409375 0.9399117968749999 0.9921414531250001 0.94211686875 0.995088409375 0.9393605296875001 0.9852652265625 0.9388092609375001 0.929273084375 0.9476295484374999 0.917485265625 0.9547960312500001 0.8948919453125 0.9547960312500001 0.8801571703125 0.952590959375 0.8703339874999999 0.9536934953125 0.827111984375 0.9476295484374999 0.8094302546875 0.9399117968749999 0.8045186640624999 0.9371554578125 0.7996070734375 0.9388092609375001 0.7917485265625 0.93825799375 0.776031434375 0.9321940468750001 0.7711198421875001 0.9261301 0.7711198421875001 0.9222712234375001 0.775049115625 0.9222712234375001 0.7937131625 0.9288864390624999 0.80746561875 0.9244762953125001 0.8300589390625 0.92557883125 0.8555992140625
1 0.9388092609375001 0.775049115625 0.9388092609375001 0.751473478125 0.9426681359375 0.7455795671875001 0.9448732078125 0.7534381140625 0.9465270125 0.7534381140625 0.960859978125 0.780943025 0.9658213890624999 0.7966601171875001 0.9724366046874999 0.7937131625 0.9729878718749999 0.787819253125 0.9696802640625 0.7838899796875001 0.96306505 0.763261296875 0.956449834375 0.7534381140625 0.9536934953125 0.74459725 0.956449834375 0.7288801578124999 0.964718853125 0.7062868375 0.9652701218749999 0.6827111984374999 0.964718853125 0.65324165 0.9570011031250001 0.6316306484374999 0.956449834375 0.610019646875 0.9547960312500001 0.6060903734374999 0.9470782796874999 0.6051080546875001 0.9432194046875001 0.610019646875 0.9432194046875001 0.6306483296875001 0.94597574375 0.635559921875 0.944321940625 0.678781925 0.937706725 0.685658153125 0.93825799375 0.698428290625 0.9349503859375 0.7043222 0.9294377062500001 0.724950884375 0.929988975 0.751473478125 0.9316427781250001 0.7652259328125 0.9349503859375 0.774066796875 0.9388092609375001 0.775049115625
1 0.38919514843749997 0.6581532421875 0.39525909531250003 0.6650294703124999 0.4035281140625 0.6650294703124999 0.41289966875 0.6561886046875001 0.4244762953125 0.65225933125 0.429988975 0.647347740625 0.43109151093750003 0.6316306484374999 0.4228224921875 0.6198428296875 0.42171995625 0.5795677796875001 0.4173098125 0.5677799609374999 0.41345093750000006 0.5658153234375 0.41124586562500004 0.5530451859375 0.40793825781250004 0.5471512765625001 0.40407938281250005 0.5471512765625001 0.39966923906249996 0.5540275046875001 0.39966923906249996 0.570726915625 0.39250275625 0.5805500984374999 0.390848953125 0.58840864375 0.390848953125 0.6257367390625 0.3869900765625 0.64145383125 0.3869900765625 0.65324165 0.38919514843749997 0.6581532421875
1 0.49558985624999996 0.5284872296875001 0.496141125 0.533398821875 0.50441014375 0.5363457765625 0.5055126796875 0.5402750484375 0.4988974640625 0.57563850625 0.5 0.6001964640625 0.49724366093750005 0.61394891875 0.5 0.6178781921875001 0.5033076078125001 0.61591355625 0.5049614109375 0.60478094375 0.5110253578124999 0.6051080546875001 0.5126791625 0.6129666015625 0.5170893046875 0.6129666015625 0.5170893046875 0.595284871875 0.5242557890625 0.5667976421875001 0.5259095921875 0.5412573671875001 0.5303197359375 0.52652259375 0.52866593125 0.5039292734374999 0.5214994484375 0.493123771875 0.518191840625 0.479371315625 0.5137816984375 0.4774066796875 0.509922821875 0.482318271875 0.5088202859375001 0.494106090625 0.50441014375 0.5039292734374999 0.5033076078125001 0.5127701375 0.49558985624999996 0.5284872296875001
1 0.19955898593750002 0.969548134375 0.19900771718750002 0.9508840859375001 0.1868798234375 0.94990176875 0.18412348437499998 0.9567779953125 0.1830209484375 0.97347740625 0.180264609375 0.9783889984374999 0.1764057328125 0.979371315625 0.16923925 0.9911591359375 0.1686879828125 0.99901768125 0.2039691296875 0.99901768125 0.1957001109375 0.980353634375 0.19955898593750002 0.969548134375
1 0.42171995625 0.5687622796875 0.4244762953125 0.5353634578124999 0.42833517031249996 0.53732809375 0.42943770625 0.56286836875 0.427232634375 0.576620825 0.4305402421875 0.583497053125 0.4327453140625 0.583497053125 0.43439911875000004 0.5795677796875001 0.4371554578125 0.5275049109375 0.43880926093749995 0.520628684375 0.43825799375 0.4872298625 0.42171995625 0.466601178125 0.4173098125 0.466601178125 0.41455347343750004 0.47053045156250006 0.4101433296875 0.48330058906250006 0.40959206249999996 0.49901768124999996 0.41675854531249995 0.52455795625 0.4162072765625 0.5658153234375 0.42171995625 0.5687622796875
1 0 0.8497053046874999 0.002205071875 0.851669940625 0.0071664828125 0.87131630625 0.008269018749999999 0.89685658125 0.012679162499999999 0.89882121875 0.0154355015625 0.8978389 0.0170893046875 0.8889980359375 0.0170893046875 0.851669940625 0.008269018749999999 0.8339882125000001 0.0077177515625 0.8222003921875001 0.0093715546875 0.8143418468749999 0.016538037499999998 0.801571709375 0.0203969125 0.800589390625 0.025909592187500004 0.8084479375000001 0.033076074999999996 0.8133595281250001 0.039140021875 0.8241650296874999 0.0424476296875 0.827111984375 0.0468577734375 0.826129665625 0.0468577734375 0.821218075 0.043550165625 0.8143418468749999 0.0363836828125 0.801571709375 0.027012128125 0.7907662078125 0.030871003125 0.763261296875 0.03748621875 0.748526521875 0.03748621875 0.729862475 0.0336273421875 0.723968565625 0.024255789062499998 0.724950884375 0.018191840625 0.7328094296875001 0.0176405734375 0.748526521875 0.0027563390625 0.7652259328125 0 0.7711198421875001 0 0.8497053046874999
1 0.5303197359375 0.678781925 0.5319735390625 0.6895874265625 0.5385887546875 0.7043222 0.539691290625 0.7200392921875001 0.551267915625 0.750491159375 0.5523704515625 0.7779960703125 0.5573318640625 0.7779960703125 0.5600882031250001 0.775049115625 0.5606394703124999 0.762278978125 0.5562293281249999 0.748526521875 0.5562293281249999 0.7200392921875001 0.551267915625 0.7092337921875 0.5529217203125001 0.672888015625 0.551267915625 0.6493123765625 0.54520396875 0.6434184671875001 0.527012128125 0.6365422390625 0.5214994484375 0.622789784375 0.5132304296875 0.6247544203125 0.5137816984375 0.6817288796875001 0.5154355015625 0.6817288796875001 0.5203969125000001 0.6699410609374999 0.5303197359375 0.678781925
1 0.163726571875 0.994106090625 0.163726571875 0.9813359531250001 0.1598676953125 0.96267190625 0.16097023125 0.954813359375 0.1642778390625 0.94793713125 0.163175303125 0.9322200390625 0.159316428125 0.9273084484374999 0.1543550171875 0.9273084484374999 0.1488423375 0.9361493125000001 0.1477398015625 0.94990176875 0.1394707828125 0.9567779953125 0.1312017640625 0.9705304515625001 0.1273428890625 0.979371315625 0.1312017640625 0.99901768125 0.16207276718750002 0.99901768125 0.163726571875 0.994106090625
1 0.6085997796875 0.621807465625 0.6080485109375 0.647347740625 0.600882028125 0.660117878125 0.6052921718750001 0.6640471515625 0.6157662625 0.6571709234374999 0.6207276734375 0.6660117875 0.6212789421875 0.685658153125 0.625689084375 0.685658153125 0.6289966921875 0.6777996078124999 0.622381478125 0.6365422390625 0.625689084375 0.620825146875 0.626240353125 0.5992141453125 0.630099228125 0.5893909625 0.630650496875 0.5795677796875001 0.6251378171875001 0.5638506875 0.617971334375 0.5540275046875001 0.6163175296875 0.5422396859374999 0.613561190625 0.53732809375 0.609702315625 0.53929273125 0.6041896359375001 0.5599214140625 0.6025358328125 0.5874263265625 0.5997794921875 0.5992141453125 0.599228225 0.6051080546875001 0.6052921718750001 0.6051080546875001 0.6080485109375 0.608055009375 0.6085997796875 0.621807465625