2 0.8109151046875 0.6296660125 0.8125689078124999 0.6198428296875 0.8213891953125 0.608055009375 0.8213891953125 0.60117878125 0.8169790515625 0.6021611 0.8147739796875 0.610019646875 0.80595369375 0.620825146875 0.7965821390625 0.622789784375 0.7960308703125001 0.6257367390625 0.7982359421874999 0.6296660125 0.8081587656250001 0.634577603125 0.8109151046875 0.6296660125
2 0.8169790515625 0.7426326125 0.8169790515625 0.750491159375 0.8241455343749999 0.7583497046875001 0.83020948125 0.7583497046875001 0.8450937156249999 0.737721021875 0.8428886437499999 0.7337917484375 0.8439911796875 0.7318271125 0.8506063953125 0.7318271125 0.8676957 0.710216109375 0.865490628125 0.7062868375 0.8616317531250001 0.7082514734375 0.8544652703125 0.7200392921875001 0.8522601984374999 0.7200392921875001 0.8307607499999999 0.748526521875 0.8169790515625 0.7426326125
2 0.530871003125 0.8889980359375 0.5551267921874999 0.88408644375 0.5600882031250001 0.8811394890625 0.5606394703124999 0.878192534375 0.5490628453124999 0.8762278984374999 0.5441014328125 0.878192534375 0.539140021875 0.8850687625000001 0.5363836828124999 0.8811394890625 0.535281146875 0.8870333984375 0.5319735390625 0.8821218078124999 0.5242557890625 0.8850687625000001 0.5220507171875 0.8880157171875 0.5281146640625 0.8889980359375 0.5297684671875 0.8850687625000001 0.530871003125 0.8889980359375
2 0.25633958125 0.622789784375 0.2557883125 0.616895875 0.23869900781250003 0.60117878125 0.2348401328125 0.60117878125 0.2348401328125 0.6051080546875001 0.25248070624999996 0.622789784375 0.25633958125 0.622789784375
1 0.8632855562499999 0.6640471515625 0.865490628125 0.6748526515625 0.8737596468750001 0.6915520625 0.869349503125 0.699410609375 0.8687982359375 0.7092337921875 0.87210584375 0.7170923375 0.8726571109375 0.7347740671875 0.8809261296875001 0.764243615625 0.8809261296875001 0.7711198421875001 0.8732083796874999 0.7829076625 0.8770672546875 0.7868369359375 0.890297684375 0.7848722984375 0.8914002203125 0.7779960703125 0.8880926125 0.7583497046875001 0.8914002203125 0.750491159375 0.8869900765625 0.7396856578125 0.886438809375 0.7269155203125 0.8996692390625001 0.7062868375 0.8991179718750001 0.685658153125 0.8814773984375 0.65225933125 0.869900771875 0.647347740625 0.8660418968749999 0.635559921875 0.8621830203125 0.6316306484374999 0.857221609375 0.6316306484374999 0.8555678062500001 0.6375245578125 0.8528114656250001 0.63948919375 0.8561190734374999 0.659135559375 0.8632855562499999 0.6640471515625
1 0.4349503859375 0.556974459375 0.43439911875000004 0.5667976421875001 0.4305402421875 0.576620825 0.429988975 0.584479371875 0.436052921875 0.5913555984375 0.436052921875 0.596267190625 0.43164277812499996 0.608055009375 0.43825799375 0.610019646875 0.44211686875 0.608055009375 0.44597574375000004 0.60117878125 0.443770671875 0.59037328125 0.44818081562499995 0.5795677796875001 0.46306505 0.570726915625 0.469128996875 0.5618860515625 0.469128996875 0.55009823125 0.46306505 0.533398821875 0.45644983437500003 0.52455795625 0.4492833515625 0.520628684375 0.44266813593750004 0.504911590625 0.43880926093749995 0.504911590625 0.4349503859375 0.5108055015625 0.4349503859375 0.519646365625 0.4393605296875 0.5275049109375 0.43880926093749995 0.5491159140625 0.4349503859375 0.556974459375
1 0.976846746875 0.5874263265625 0.9807056234375 0.60117878125 0.977398015625 0.616895875 0.9740904078125 0.6237721015625 0.973539140625 0.6365422390625 0.98787210625 0.6444007859374999 0.9867695703124999 0.661100196875 0.9900771781250001 0.6817288796875001 0.985667034375 0.6895874265625 0.981256890625 0.6905697453124999 0.9807056234375 0.6944990171875001 0.9829106953125001 0.698428290625 0.9911797140624999 0.7013752453125 0.985667034375 0.7131630640625 0.9873208375000001 0.7200392921875001 0.9994487328125 0.7200392921875001 0.9994487328125 0.5726915515625 0.9972436609375 0.5726915515625 0.989525909375 0.5599214140625 0.9862183015625 0.558939096875 0.9823594265625 0.5422396859374999 0.973539140625 0.5422396859374999 0.9718853359375 0.55108055 0.9724366046874999 0.56286836875 0.977398015625 0.5726915515625 0.976846746875 0.5874263265625
1 0.1808158765625 0.634577603125 0.1868798234375 0.6188605109374999 0.19404630625 0.6129666015625 0.19900771718750002 0.61394891875 0.20727673593749998 0.622789784375 0.21389195156250002 0.6640471515625 0.21885336249999998 0.6640471515625 0.225468578125 0.659135559375 0.22877618593750002 0.6512770140625 0.22767365 0.647347740625 0.21664829062500002 0.6453831046875 0.2155457546875 0.61394891875 0.204520396875 0.5913555984375 0.20562293281250002 0.5795677796875001 0.21058434374999999 0.5805500984374999 0.212789415625 0.584479371875 0.21664829062500002 0.584479371875 0.21664829062500002 0.5795677796875001 0.20948180781249998 0.571709234375 0.20507166406250002 0.5609037328124999 0.2039691296875 0.51375245625 0.1951488421875 0.51375245625 0.19404630625 0.532416503125 0.18357221562499998 0.55206286875 0.1824696796875 0.597249509375 0.17861080468749999 0.616895875 0.1565600875 0.6561886046875001 0.15711135625 0.667976425 0.16482910625 0.660117878125 0.16979051875 0.647347740625 0.1808158765625 0.634577603125
1 0.8335170890624999 0.5658153234375 0.8263506062499999 0.5923379171875001 0.834619625 0.5982318265625 0.834619625 0.61394891875 0.8379272328124999 0.6237721015625 0.8401323046875 0.6404715125 0.8395810359375 0.659135559375 0.8484013234375001 0.660117878125 0.8506063953125 0.6571709234374999 0.848952590625 0.64243615 0.8528114656250001 0.635559921875 0.8506063953125 0.5992141453125 0.8588754140624999 0.57563850625 0.8594266812500001 0.5618860515625 0.8500551265625 0.533398821875 0.8379272328124999 0.5166994109374999 0.834619625 0.5039292734374999 0.8274531421875 0.5039292734374999 0.8263506062499999 0.507858546875 0.8257993390625 0.5235756390625 0.8307607499999999 0.533398821875 0.8340683578125001 0.55108055 0.8335170890624999 0.5658153234375
1 0.9729878718749999 0.5667976421875001 0.977398015625 0.5687622796875 0.9729878718749999 0.5550098234374999 0.9729878718749999 0.5667976421875001
1 0.9922822484375 0.5166994109374999 0.9994487328125 0.5166994109374999 0.9994487328125 0.4459724953125 0.9972436609375 0.4440078578125 0.996141125 0.4312377203125 0.9928335171875 0.428290765625 0.9867695703124999 0.430255403125 0.9840132296874999 0.4361493125 0.981256890625 0.47544204375000004 0.9823594265625 0.49901768124999996 0.9746416765625 0.52652259375 0.9746416765625 0.5412573671875001 0.981256890625 0.5422396859374999 0.9862183015625 0.52652259375 0.9922822484375 0.5166994109374999
1 0.6196251375 0.821218075 0.625689084375 0.8300589390625 0.630650496875 0.8555992140625 0.642227121875 0.8555992140625 0.642227121875 0.84675835 0.646637265625 0.8369351671875 0.658765159375 0.8565815328124999 0.66097023125 0.8673870328125 0.6642778390624999 0.872298625 0.6708930546875 0.87131630625 0.6764057328125 0.8634577609375 0.6764057328125 0.8555992140625 0.6664829109375 0.8546168953125 0.6620727671875 0.8497053046874999 0.6504961406249999 0.8222003921875001 0.642778390625 0.8133595281250001 0.630099228125 0.7868369359375 0.630650496875 0.7671905703124999 0.6356119078125 0.763261296875 0.6598676953125 0.776031434375 0.6637265718750001 0.775049115625 0.663175303125 0.7711198421875001 0.64057331875 0.7534381140625 0.633958103125 0.7426326125 0.628445425 0.73084479375 0.628445425 0.7161100203124999 0.6251378171875001 0.7072691546875001 0.6196251375 0.7072691546875001 0.6168687984375001 0.712180746875 0.6168687984375001 0.7269155203125 0.6052921718750001 0.7426326125 0.6052921718750001 0.80746561875 0.6085997796875 0.8172888015625001 0.6124586546875 0.821218075 0.6196251375 0.821218075
1 0.5523704515625 0.8555992140625 0.5551267921874999 0.8644400781250001 0.5562293281249999 0.878192534375 0.5650496140625 0.8811394890625 0.5689084890625 0.9017681734374999 0.570011025 0.9312377203125 0.5738699 0.943025540625 0.5749724359374999 0.9646365421875001 0.57828004375 0.9774066796875 0.5815876515625 0.9823182718749999 0.5837927234375 0.99901768125 0.5915104734375001 0.99901768125 0.5904079375 0.974459725 0.5865490624999999 0.9587426328124999 0.584895259375 0.9410609031250001 0.5865490624999999 0.928290765625 0.59095920625 0.917485265625 0.59536935 0.88408644375 0.592613009375 0.8624754421875 0.5937155453125 0.8388998031250001 0.5898566703125 0.827111984375 0.5837927234375 0.8182711203125 0.5777287765625 0.8143418468749999 0.5689084890625 0.8143418468749999 0.5667034171875 0.7956778 0.563947078125 0.788801571875 0.5562293281249999 0.787819253125 0.5529217203125001 0.7927308453124999 0.5529217203125001 0.7996070734375 0.559536934375 0.82023575625 0.551819184375 0.8388998031250001 0.5523704515625 0.8555992140625
1 0.7486218296875 0.609037328125 0.7431091515625 0.62671905625 0.7431091515625 0.6453831046875 0.74751929375 0.659135559375 0.74751929375 0.672888015625 0.74366041875 0.6817288796875001 0.7519294375000001 0.6886051078125 0.7568908484375 0.684675834375 0.75633958125 0.671905696875 0.7651598671875 0.6694499015625001 0.7651598671875 0.684675834375 0.7701212796875 0.6777996078124999 0.770672546875 0.659135559375 0.768467475 0.6316306484374999 0.7717750828125001 0.6051080546875001 0.7679162078124999 0.571709234375 0.7646086000000001 0.558939096875 0.7590959203125001 0.5530451859375 0.75633958125 0.533398821875 0.74751929375 0.533398821875 0.7469680265624999 0.53732809375 0.7469680265624999 0.5540275046875001 0.74366041875 0.56286836875 0.7431091515625 0.5805500984374999 0.7486218296875 0.609037328125
1 0.36328555625000003 0.52455795625 0.37210584375 0.51375245625 0.37651598750000004 0.51178781875 0.378169790625 0.517681728125 0.3754134515625 0.5363457765625 0.37210584375 0.546168959375 0.3732083796875 0.55009823125 0.3836824703125 0.5530451859375 0.38478500625 0.5491159140625 0.382028665625 0.5422396859374999 0.382579934375 0.530451865625 0.390297684375 0.507858546875 0.3914002203125 0.467583496875 0.39581036406250003 0.4459724953125 0.394156559375 0.43713163125000004 0.3880926125 0.43713163125000004 0.369900771875 0.46561886093749993 0.36824696874999996 0.481335953125 0.3649393609375 0.49115913593749994 0.3643880921875 0.5029469546875001 0.3605292171875 0.5108055015625 0.352811465625 0.5166994109374999 0.34840132343749997 0.5166994109374999 0.3434399125 0.525540275 0.3434399125 0.5422396859374999 0.3461962515625 0.5432220046875 0.3522601984375 0.5294695484374999 0.36328555625000003 0.52455795625