2 0.5826901875 0.635559921875 0.57828004375 0.635559921875 0.564498346875 0.65225933125 0.5551267921874999 0.65324165 0.5562293281249999 0.660117878125 0.564498346875 0.661100196875 0.581036384375 0.64243615 0.5826901875 0.635559921875
2 0.93439911875 0.7328094296875001 0.9553472984375 0.7072691546875001 0.9619625140625001 0.6944990171875001 0.956449834375 0.6944990171875001 0.952590959375 0.698428290625 0.9371554578125 0.722986246875 0.9283351703125 0.7328094296875001 0.923925028125 0.7278978390625 0.918963615625 0.7288801578124999 0.918963615625 0.7328094296875001 0.9228224921875 0.7406679765625 0.9305402421875 0.7406679765625 0.93439911875 0.7328094296875001
2 0.43329658281250005 0.7524557953125 0.4349503859375 0.736738703125 0.42833517031249996 0.748526521875 0.41786108125 0.750491159375 0.4173098125 0.7573673875 0.42061742031250005 0.761296659375 0.4288864390625 0.761296659375 0.43329658281250005 0.7524557953125
2 0.15600882031250002 0.5088408640625001 0.151047409375 0.50098231875 0.1488423375 0.5 0.1449834625 0.504911590625 0.14443219375 0.5 0.142227121875 0.49803536406250004 0.14002205 0.49901768124999996 0.14939360468750001 0.51178781875 0.15711135625 0.5157170921875001 0.15600882031250002 0.5088408640625001
2 0.9966923921875 0.6060903734374999 0.996141125 0.6129666015625 0.9994487328125 0.61394891875 0.9994487328125 0.6060903734374999 0.9966923921875 0.6060903734374999
2 0.8092613015625 0.99901768125 0.8070562296875 0.9332023578124999 0.8048511578124999 0.9332023578124999 0.8031973546875 0.9400785859375 0.8015435500000001 0.9705304515625001 0.8037486218750001 0.979371315625 0.8042998890625 0.9970530453125 0.8092613015625 0.99901768125
2 0.6394707828125 0.6060903734374999 0.636163175 0.6060903734374999 0.625689084375 0.6188605109374999 0.6245865484374999 0.622789784375 0.6295479609375 0.622789784375 0.6372657109375 0.61394891875 0.6394707828125 0.6060903734374999
1 0.44487320781250006 0.6817288796875001 0.4476295484375 0.6895874265625 0.44707827968749997 0.697445971875 0.44211686875 0.7141453828125 0.4476295484375 0.711198428125 0.45038588749999997 0.7131630640625 0.45203969062500005 0.7406679765625 0.45644983437500003 0.7534381140625 0.4581036390625 0.7829076625 0.45203969062500005 0.7927308453124999 0.45203969062500005 0.7966601171875001 0.4536934953125 0.7996070734375 0.4614112453125 0.7996070734375 0.46582138906250004 0.79469548125 0.46582138906250004 0.770137525 0.46306505 0.7396856578125 0.46582138906250004 0.7033398828124999 0.4619625140625 0.6876227890625 0.4597574421875 0.6561886046875001 0.45203969062500005 0.646365421875 0.45038588749999997 0.635559921875 0.44211686875 0.635559921875 0.44046306562500004 0.63948919375 0.44046306562500004 0.648330059375 0.44432194062499997 0.6620825140625 0.44487320781250006 0.6817288796875001
1 0.5170893046875 0.597249509375 0.5198456453125 0.597249509375 0.523153253125 0.583497053125 0.5259095921875 0.584479371875 0.5292171999999999 0.5913555984375 0.5319735390625 0.58840864375 0.5336273421875 0.55108055 0.535281146875 0.531434184375 0.5380374859375 0.5216110015625001 0.5380374859375 0.5088408640625001 0.533076075 0.49607072656250006 0.5303197359375 0.494106090625 0.52866593125 0.48330058906250006 0.5259095921875 0.47838899843749993 0.5214994484375 0.480353634375 0.5198456453125 0.49115913593749994 0.5115766265625 0.5098231828124999 0.5115766265625 0.5166994109374999 0.5159867703125001 0.517681728125 0.518191840625 0.530451865625 0.5170893046875 0.597249509375
1 0.46582138906250004 0.58840864375 0.469128996875 0.60117878125 0.469128996875 0.6110019640625 0.46471885312500005 0.6188605109374999 0.46471885312500005 0.6257367390625 0.472987871875 0.62671905625 0.47739801562500006 0.622789784375 0.4762954796875 0.5726915515625 0.4779492828125 0.5599214140625 0.4779492828125 0.52455795625 0.47023153281249996 0.492141453125 0.46582138906250004 0.48821218125000004 0.4619625140625 0.492141453125 0.4636163171875 0.504911590625 0.4636163171875 0.56483300625 0.46582138906250004 0.58840864375
1 0.964718853125 0.673870334375 0.9641675859375001 0.678781925 0.9575523703125001 0.685658153125 0.9575523703125001 0.6895874265625 0.9619625140625001 0.6944990171875001 0.9581036390625 0.7161100203124999 0.9636163171875 0.736738703125 0.96306505 0.74459725 0.9575523703125001 0.7534381140625 0.9575523703125001 0.7583497046875001 0.9696802640625 0.762278978125 0.9718853359375 0.7671905703124999 0.9718853359375 0.7711198421875001 0.9652701218749999 0.7799607078124999 0.9663726578125 0.7868369359375 0.9779492828125 0.787819253125 0.9807056234375 0.7848722984375 0.9785005515625 0.76915520625 0.9779492828125 0.7288801578124999 0.9834619625000001 0.7043222 0.9834619625000001 0.6915520625 0.977398015625 0.6561886046875001 0.9685777281249999 0.63948919375 0.9652701218749999 0.6237721015625 0.9570011031250001 0.6237721015625 0.956449834375 0.634577603125 0.960859978125 0.648330059375 0.960859978125 0.659135559375 0.964718853125 0.673870334375
1 0.09426681406250001 0.8143418468749999 0.09481808124999999 0.8359528484375 0.0997794921875 0.8506876234374999 0.1047409046875 0.8978389 0.10970231562499999 0.89685658125 0.10859977968750001 0.8634577609375 0.105843440625 0.8546168953125 0.10859977968750001 0.8438113953125 0.1157662625 0.851669940625 0.122381478125 0.851669940625 0.12568908437499998 0.8565815328124999 0.1328555671875 0.878192534375 0.136163175 0.8978389 0.138919515625 0.9017681734374999 0.1477398015625 0.8978389 0.150496140625 0.8929273078125 0.14939360468750001 0.8889980359375 0.1416758546875 0.8811394890625 0.138919515625 0.8742632609375001 0.1372657109375 0.8595284875000001 0.1273428890625 0.840864440625 0.12458654843750001 0.827111984375 0.117971334375 0.8163064828125 0.117971334375 0.8104125734375 0.12293274531250001 0.800589390625 0.11962513749999999 0.7711198421875001 0.1130099234375 0.76915520625 0.10859977968750001 0.7534381140625 0.1025358328125 0.7534381140625 0.0997794921875 0.7583497046875001 0.1003307609375 0.776031434375 0.09371554531250001 0.789783890625 0.092613009375 0.80746561875 0.09426681406250001 0.8143418468749999
1 0.1334068359375 0.530451865625 0.13175303124999999 0.56286836875 0.1372657109375 0.56286836875 0.14002205 0.52652259375 0.1433296578125 0.517681728125 0.14718853437499999 0.5147347734375 0.15159867656249998 0.517681728125 0.15214994531249998 0.5363457765625 0.154906284375 0.5530451859375 0.1604189640625 0.557956778125 0.163175303125 0.5530451859375 0.15766262343749998 0.531434184375 0.15711135625 0.5166994109374999 0.1527012125 0.5039292734374999 0.155457553125 0.492141453125 0.15600882031250002 0.469548134375 0.1488423375 0.44499017656250006 0.142227121875 0.44499017656250006 0.1416758546875 0.4518664046875 0.1334068359375 0.469548134375 0.1334068359375 0.48526522656250004 0.136163175 0.49607072656250006 0.136163175 0.5157170921875001 0.1334068359375 0.530451865625
1 0.9316427781250001 0.596267190625 0.93439911875 0.608055009375 0.93439911875 0.633595284375 0.9426681359375 0.635559921875 0.9432194046875001 0.6306483296875001 0.948180815625 0.6306483296875001 0.9476295484374999 0.6434184671875001 0.948732084375 0.646365421875 0.9520396906249999 0.646365421875 0.9547960312500001 0.6434184671875001 0.9547960312500001 0.622789784375 0.9509371546875001 0.5913555984375 0.9547960312500001 0.5294695484374999 0.9492833515625 0.5157170921875001 0.9476295484374999 0.50098231875 0.9448732078125 0.495088409375 0.9404630656249999 0.495088409375 0.937706725 0.5039292734374999 0.93439911875 0.55108055 0.9288864390624999 0.558939096875 0.93384785 0.5638506875 0.9316427781250001 0.596267190625
1 0.8941565593749999 0.99901768125 0.9305402421875 0.99901768125 0.9288864390624999 0.9823182718749999 0.9178610812500001 0.9646365421875001 0.9162072765625 0.9449901765625001 0.9095920625 0.9390962671875001 0.90132304375 0.9400785859375 0.8996692390625001 0.9440078578125 0.90132304375 0.96267190625 0.8952590953125 0.97544204375 0.8925027562500001 0.9911591359375 0.8941565593749999 0.99901768125
1 0.9779492828125 0.5491159140625 0.985115765625 0.5294695484374999 0.9867695703124999 0.519646365625 0.9906284453125 0.51375245625 0.9950385890625 0.5216110015625001 0.99558985625 0.5363457765625 0.9939360531249999 0.55009823125 0.9994487328125 0.55108055 0.9994487328125 0.44499017656250006 0.9966923921875 0.443025540625 0.9950385890625 0.43222003906250006 0.9906284453125 0.43418467656250004 0.985115765625 0.45284872343749993 0.985115765625 0.47249508906250004 0.97905181875 0.519646365625 0.9724366046874999 0.55009823125 0.9779492828125 0.5491159140625
1 0.5876515984374999 0.6296660125 0.59095920625 0.6306483296875001 0.592613009375 0.6571709234374999 0.59481808125 0.6660117875 0.59481808125 0.6748526515625 0.59095920625 0.6817288796875001 0.59095920625 0.6944990171875001 0.5997794921875 0.697445971875 0.6025358328125 0.6944990171875001 0.6041896359375001 0.6817288796875001 0.6052921718750001 0.6502946953125 0.6119073875 0.6296660125 0.6124586546875 0.609037328125 0.6074972437499999 0.5893909625 0.59536935 0.5677799609374999 0.59481808125 0.5599214140625 0.5920617421875 0.5559921421875 0.5854465265625 0.557956778125 0.584895259375 0.56483300625 0.589305403125 0.6021611 0.58710033125 0.62671905625 0.5876515984374999 0.6296660125
1 0.6328555671875 0.685658153125 0.6356119078125 0.6895874265625 0.6433296578125 0.6895874265625 0.6460859984375 0.685658153125 0.6438809265625001 0.6768172890625 0.6449834625 0.66699410625 0.6488423375 0.6620825140625 0.65325248125 0.6660117875 0.65711135625 0.6650294703124999 0.6560088203125 0.65324165 0.6477398015625 0.647347740625 0.6477398015625 0.635559921875 0.6521499453125 0.62671905625 0.654906284375 0.6060903734374999 0.658765159375 0.5943025546875 0.654906284375 0.571709234375 0.6521499453125 0.5677799609374999 0.651047409375 0.546168959375 0.6477398015625 0.5432220046875 0.642778390625 0.55009823125 0.6433296578125 0.5746561890625 0.6416758546875 0.596267190625 0.6389195156249999 0.60314341875 0.6389195156249999 0.622789784375 0.6350606390625 0.6316306484374999 0.6350606390625 0.647347740625 0.6389195156249999 0.6640471515625 0.6389195156249999 0.6768172890625 0.6328555671875 0.685658153125