1 0.5407938265625 0.6876227890625 0.5363836828124999 0.6915520625 0.5363836828124999 0.6944990171875001 0.539140021875 0.698428290625 0.5468577734375 0.698428290625 0.5501653796875 0.6944990171875001 0.547960309375 0.684675834375 0.547960309375 0.6660117875 0.5501653796875 0.661100196875 0.5551267921874999 0.6699410609374999 0.5562293281249999 0.6807465625 0.5606394703124999 0.6915520625 0.5606394703124999 0.7043222 0.55788313125 0.7141453828125 0.5633958109375 0.7151277015625 0.5694597578125 0.710216109375 0.562293275 0.6709233796875 0.5650496140625 0.6434184671875001 0.5650496140625 0.6237721015625 0.5678059531249999 0.6178781921875001 0.568357221875 0.608055009375 0.564498346875 0.5982318265625 0.5562293281249999 0.5864440078125 0.5523704515625 0.570726915625 0.547960309375 0.5687622796875 0.5441014328125 0.5746561890625 0.5463065046875 0.6149312375 0.5418963609375 0.635559921875 0.542998896875 0.6817288796875001 0.5407938265625 0.6876227890625
1 0.2535832421875 0.750491159375 0.2513781703125 0.7652259328125 0.24751929375 0.7711198421875001 0.2447629546875 0.787819253125 0.2431091515625 0.8163064828125 0.2370452046875 0.827111984375 0.23869900781250003 0.8300589390625 0.2442116875 0.8300589390625 0.26019845625000004 0.8163064828125 0.268467475 0.7868369359375 0.26901874375 0.7711198421875001 0.2761852265625 0.761296659375 0.278941565625 0.748526521875 0.2778390296875 0.712180746875 0.266813671875 0.6915520625 0.26074972500000004 0.6876227890625 0.25633958125 0.672888015625 0.2530319734375 0.672888015625 0.24862182968750002 0.67976424375 0.24917309843750002 0.6944990171875001 0.24586549062500002 0.7210216109375 0.2403528109375 0.7328094296875001 0.23925027499999998 0.7534381140625 0.23980154374999998 0.7583497046875001 0.24145534687499998 0.7583497046875001 0.2469680265625 0.7455795671875001 0.2535832421875 0.750491159375
1 0.45755237031249996 0.5667976421875001 0.4581036390625 0.5913555984375 0.45534729843750005 0.60117878125 0.46471885312500005 0.60117878125 0.46471885312500005 0.5667976421875001 0.4696802640625 0.56286836875 0.481256890625 0.5943025546875 0.47960308749999997 0.6060903734374999 0.4834619625 0.6129666015625 0.4867695703125 0.610019646875 0.48787210625000005 0.6051080546875001 0.47905181875 0.5667976421875001 0.481256890625 0.5422396859374999 0.48070562343749995 0.5284872296875001 0.4779492828125 0.517681728125 0.46582138906250004 0.5019646359375 0.46416758593749996 0.492141453125 0.4597574421875 0.49115913593749994 0.45644983437500003 0.495088409375 0.45755237031249996 0.5294695484374999 0.45534729843750005 0.5412573671875001 0.460308709375 0.55009823125 0.45755237031249996 0.5667976421875001
1 0.081036384375 0.94793713125 0.0793825796875 0.94990176875 0.0793825796875 0.96070726875 0.08379272343750001 0.968565815625 0.089305403125 0.9715127703125 0.089305403125 0.9823182718749999 0.09206174218749999 0.994106090625 0.11135611875 0.994106090625 0.1130099234375 0.9911591359375 0.1124586546875 0.97544204375 0.11852260156250001 0.968565815625 0.12127894218749999 0.9577603140625 0.117971334375 0.9440078578125 0.117971334375 0.9361493125000001 0.12017640624999999 0.9302554031250001 0.11962513749999999 0.9194499015625001 0.1163175296875 0.90962671875 0.1168687984375 0.902750490625 0.12017640624999999 0.89685658125 0.11962513749999999 0.8821218078124999 0.1168687984375 0.878192534375 0.11135611875 0.878192534375 0.10804851093750001 0.8850687625000001 0.106945975 0.89685658125 0.0997794921875 0.9017681734374999 0.0876515984375 0.923379175 0.09206174218749999 0.9528487234374999 0.089305403125 0.9577603140625 0.0854465265625 0.94891945 0.081036384375 0.94793713125
1 0 0.7062868375 0.00441014375 0.7072691546875001 0.00441014375 0.6817288796875001 0.0005512671874999999 0.6660117875 0 0.67104616875 0.0027563390625 0.6758349703125 0 0.67608055 0 0.7062868375
1 0.2557883125 0.9813359531250001 0.26185226093749997 0.96070726875 0.26074972500000004 0.94891945 0.2535832421875 0.9390962671875001 0.2557883125 0.928290765625 0.2546857765625 0.90962671875 0.25248070624999996 0.9066797640625 0.24751929375 0.9066797640625 0.2442116875 0.9106090375000001 0.2403528109375 0.9273084484374999 0.24145534687499998 0.9312377203125 0.23098125625 0.9410609031250001 0.22657111406250002 0.9577603140625 0.225468578125 0.9724950890624999 0.22216097031249998 0.9823182718749999 0.22160970156249998 0.99901768125 0.24917309843750002 0.99901768125 0.25192943749999996 0.9833005890625 0.2557883125 0.9813359531250001
1 0.326901875 0.6434184671875001 0.33902976875 0.6434184671875001 0.3434399125 0.63948919375 0.3434399125 0.62671905625 0.33902976875 0.6129666015625 0.3395810359375 0.608055009375 0.3340683578125 0.57563850625 0.3213891953125 0.55009823125 0.31587651562499997 0.5550098234374999 0.3125689078125 0.571709234375 0.3048511578125 0.5943025546875 0.305402425 0.647347740625 0.3131201765625 0.6552062875 0.3169790515625 0.6552062875 0.326901875 0.6434184671875001
1 0.2822491734375 0.94891945 0.2822491734375 0.93516699375 0.278941565625 0.9312377203125 0.27232635 0.9312377203125 0.2701212796875 0.93713163125 0.2695700109375 0.9518664046875 0.262403528125 0.9577603140625 0.2557883125 0.9823182718749999 0.2552370453125 0.99901768125 0.2811466375 0.99901768125 0.2783902984375 0.953831040625 0.2822491734375 0.94891945
1 0.21885336249999998 0.570726915625 0.21003307656249998 0.5943025546875 0.208379271875 0.6051080546875001 0.202315325 0.6119842828125 0.202315325 0.616895875 0.21058434374999999 0.61591355625 0.21719955937500002 0.5923379171875001 0.22601984531250002 0.576620825 0.233737596875 0.5726915515625 0.24200661562499998 0.5785854609375 0.250275634375 0.596267190625 0.2546857765625 0.61591355625 0.2590959203125 0.6178781921875001 0.26019845625000004 0.608055009375 0.25633958125 0.60117878125 0.24751929375 0.5667976421875001 0.24751929375 0.5559921421875 0.25192943749999996 0.545186640625 0.2513781703125 0.5294695484374999 0.2480705625 0.520628684375 0.2403528109375 0.51178781875 0.2353914 0.50098231875 0.23098125625 0.50098231875 0.22932745312499997 0.505893909375 0.22932745312499997 0.5157170921875001 0.22601984531250002 0.52455795625 0.22601984531250002 0.56286836875 0.21885336249999998 0.570726915625
1 0.138368246875 0.8339882125000001 0.136163175 0.851669940625 0.138919515625 0.8546168953125 0.158765159375 0.8555992140625 0.1598676953125 0.84675835 0.15766262343749998 0.8388998031250001 0.163726571875 0.82023575625 0.165380375 0.8035363453125001 0.1642778390625 0.7917485265625 0.15766262343749998 0.776031434375 0.15766262343749998 0.7711198421875001 0.1642778390625 0.7573673875 0.1664829109375 0.7573673875 0.1681367140625 0.762278978125 0.1725468578125 0.7534381140625 0.1708930546875 0.7278978390625 0.163175303125 0.711198428125 0.163726571875 0.6935167 0.1604189640625 0.685658153125 0.15711135625 0.684675834375 0.15214994531249998 0.6915520625 0.151047409375 0.710216109375 0.14057331875 0.7288801578124999 0.136163175 0.7534381140625 0.134509371875 0.777013753125 0.136163175 0.7917485265625 0.138919515625 0.7966601171875001 0.138368246875 0.8339882125000001
1 0.136163175 0.979371315625 0.1416758546875 0.9783889984374999 0.14663726562499999 0.968565815625 0.15600882031250002 0.9774066796875 0.158765159375 0.97347740625 0.15214994531249998 0.9508840859375001 0.150496140625 0.9322200390625 0.1477398015625 0.923379175 0.1433296578125 0.917485265625 0.1438809265625 0.9017681734374999 0.1416758546875 0.8939096265625001 0.1334068359375 0.8948919453125 0.13065049687500002 0.9066797640625 0.1312017640625 0.9184675828125 0.12624035312499998 0.923379175 0.12072767343749999 0.9361493125000001 0.12017640624999999 0.9616895875000001 0.117971334375 0.9666011781250001 0.117971334375 0.97347740625 0.136163175 0.979371315625
1 0.20948180781249998 0.99901768125 0.2111356125 0.995088409375 0.21664829062500002 0.995088409375 0.21885336249999998 0.9911591359375 0.2199558984375 0.9833005890625 0.2160970234375 0.9724950890624999 0.21719955937500002 0.9440078578125 0.2111356125 0.9332023578124999 0.212789415625 0.923379175 0.2122381484375 0.902750490625 0.200661521875 0.9017681734374999 0.1957001109375 0.923379175 0.1957001109375 0.9312377203125 0.1885336265625 0.9400785859375 0.1874310921875 0.9459724953125 0.18412348437499998 0.995088409375 0.19955898593750002 0.995088409375 0.2012127890625 0.99901768125 0.20948180781249998 0.99901768125
1 0.173098125 0.9960707265625001 0.17916207343749999 0.995088409375 0.1824696796875 0.9911591359375 0.1857772875 0.9823182718749999 0.1874310921875 0.9459724953125 0.194597575 0.93516699375 0.19790518125 0.90962671875 0.196251378125 0.9007858546874999 0.18798235937500002 0.89882121875 0.18357221562499998 0.902750490625 0.1808158765625 0.9194499015625001 0.1742006609375 0.92436149375 0.16923925 0.9332023578124999 0.16482910625 0.96070726875 0.16097023125 0.97347740625 0.1604189640625 0.980353634375 0.1681367140625 0.99901768125 0.1725468578125 0.99901768125 0.173098125 0.9960707265625001