1 0.8263506062499999 0.46561886093749993 0.8252480703125 0.47347740624999995 0.8263506062499999 0.4774066796875 0.8335170890624999 0.48330058906250006 0.8340683578125001 0.494106090625 0.8291069453125001 0.5039292734374999 0.828555678125 0.5157170921875001 0.832965821875 0.5402750484375 0.8340683578125001 0.5618860515625 0.8412348406250001 0.55108055 0.8423373765625 0.558939096875 0.8395810359375 0.56286836875 0.8395810359375 0.5667976421875001 0.8478500546875001 0.5687622796875 0.8500551265625 0.5677799609374999 0.8506063953125 0.5618860515625 0.8472987875 0.5491159140625 0.84674751875 0.5039292734374999 0.8506063953125 0.494106090625 0.853362734375 0.474459725 0.8594266812500001 0.4616895875 0.85997795 0.45284872343749993 0.8555678062500001 0.4361493125 0.844542446875 0.4204322203125 0.8423373765625 0.40176817343750004 0.8384785000000001 0.3978389 0.834619625 0.39882121875 0.8313120171874999 0.40864440156250004 0.832965821875 0.430255403125 0.8307607499999999 0.43516699374999995 0.83020948125 0.46070726874999995 0.8263506062499999 0.46561886093749993
1 0.6747519296875 0.762278978125 0.6764057328125 0.7583497046875001 0.6753031968750001 0.7524557953125 0.6692392500000001 0.7534381140625 0.6637265718750001 0.749508840625 0.6620727671875 0.750491159375 0.6620727671875 0.7544204328124999 0.6664829109375 0.762278978125 0.6747519296875 0.762278978125
1 0.6686879828125 0.698428290625 0.67750826875 0.6944990171875001 0.6819184125 0.6817288796875001 0.6852260203125 0.6817288796875001 0.6896361625 0.6905697453124999 0.6857772875 0.7043222 0.6868798234375 0.7475442046875 0.7034178609375 0.775049115625 0.7039691296874999 0.78192534375 0.6995589859375 0.800589390625 0.7012127890625 0.8035363453125001 0.7083792718749999 0.8035363453125001 0.717199559375 0.7917485265625 0.717199559375 0.7848722984375 0.7094818078125 0.76915520625 0.7083792718749999 0.7573673875 0.6995589859375 0.7396856578125 0.6995589859375 0.73084479375 0.7094818078125 0.697445971875 0.7083792718749999 0.673870334375 0.7034178609375 0.660117878125 0.69845645 0.635559921875 0.6929437703125 0.62671905625 0.6841234843749999 0.6237721015625 0.6808158765625001 0.616895875 0.6808158765625001 0.6051080546875001 0.6742006609375 0.5982318265625 0.6708930546875 0.6021611 0.66979051875 0.609037328125 0.6764057328125 0.633595284375 0.6769570015624999 0.646365421875 0.6747519296875 0.6768172890625 0.6686879828125 0.698428290625
1 0.4707828 0.5638506875 0.481256890625 0.5530451859375 0.4834619625 0.583497053125 0.49503858906250003 0.584479371875 0.49558985624999996 0.5795677796875001 0.4884233734375 0.571709234375 0.4873208375 0.5383104125 0.489525909375 0.532416503125 0.4944873203125 0.5284872296875001 0.49834619687500004 0.5166994109374999 0.50826901875 0.5029469546875001 0.5088202859375001 0.4872298625 0.5110253578124999 0.4774066796875 0.5088202859375001 0.467583496875 0.502205071875 0.46561886093749993 0.49834619687500004 0.47249508906250004 0.4906284453125 0.474459725 0.4779492828125 0.49115913593749994 0.47353914062499997 0.5088408640625001 0.4746416765625 0.532416503125 0.472987871875 0.546168959375 0.4674751921875 0.5550098234374999 0.4614112453125 0.558939096875 0.45479603125 0.570726915625 0.4476295484375 0.57563850625 0.44707827968749997 0.584479371875 0.448732084375 0.5874263265625 0.46802646093750006 0.570726915625 0.4707828 0.5638506875
1 0.3919514890625 0.62868369375 0.3914002203125 0.64243615 0.3869900765625 0.65225933125 0.3831312015625 0.6709233796875 0.382028665625 0.6886051078125 0.3787210578125 0.6944990171875001 0.3792723265625 0.7033398828124999 0.382579934375 0.7062868375 0.38974641718749997 0.7033398828124999 0.390848953125 0.6817288796875001 0.394156559375 0.672888015625 0.3974641671875 0.6493123765625 0.402425578125 0.6434184671875001 0.40793825781250004 0.6434184671875001 0.4140022046875 0.65324165 0.41675854531249995 0.6493123765625 0.4173098125 0.6188605109374999 0.42116868749999997 0.6001964640625 0.42557883125 0.5923379171875001 0.42557883125 0.5677799609374999 0.41675854531249995 0.55009823125 0.41675854531249995 0.5294695484374999 0.41289966875 0.520628684375 0.40793825781250004 0.520628684375 0.4057331859375 0.52455795625 0.4035281140625 0.530451865625 0.402976846875 0.546168959375 0.3974641671875 0.5540275046875001 0.3919514890625 0.569744596875 0.390848953125 0.58840864375 0.39525909531250003 0.60117878125 0.39581036406250003 0.6129666015625 0.3919514890625 0.62868369375
1 0.8197353906249999 0.6561886046875001 0.8169790515625 0.6915520625 0.8131201765625 0.698428290625 0.8114663734375 0.7072691546875001 0.8026460859375 0.712180746875 0.8015435500000001 0.7200392921875001 0.807607496875 0.7200392921875001 0.8092613015625 0.7161100203124999 0.8081587656250001 0.710216109375 0.8197353906249999 0.710216109375 0.8257993390625 0.7062868375 0.8269018750000001 0.7141453828125 0.8230429984375001 0.7288801578124999 0.8230429984375001 0.74459725 0.8274531421875 0.7524557953125 0.8428886437499999 0.75638506875 0.8660418968749999 0.7534381140625 0.8660418968749999 0.7465618859375 0.8561190734374999 0.724950884375 0.8561190734374999 0.7151277015625 0.8605292171875 0.7072691546875001 0.8605292171875 0.699410609375 0.8506063953125 0.65324165 0.8401323046875 0.6375245578125 0.836273428125 0.627701375 0.8340683578125001 0.6149312375 0.828555678125 0.610019646875 0.8213891953125 0.610019646875 0.81863285625 0.6178781921875001 0.81863285625 0.62671905625 0.8224917312500001 0.635559921875 0.8224917312500001 0.646365421875 0.8197353906249999 0.6561886046875001
1 0 0.9901768171875001 0.003858875 0.99901768125 0.0066152156249999995 0.99901768125 0.0071664828125 0.9960707265625001 0.0088202859375 0.99901768125 0.022601984375000002 0.99901768125 0.025358323437500004 0.994106090625 0.025909592187500004 0.9656188609375 0.039691290625 0.9440078578125 0.04134509375 0.93713163125 0.039691290625 0.9106090375000001 0.0341786109375 0.8909626718749999 0.0214994484375 0.878192534375 0.022601984375000002 0.8614931234375 0.025358323437500004 0.851669940625 0.023704520312499998 0.8428290765625001 0.015986770312500002 0.8398821218749999 0.0093715546875 0.8438113953125 0.0049614109375 0.8536345781250001 0.0071664828125 0.878192534375 0 0.8889980359375 0 0.9901768171875001
1 0.28059536875 0.763261296875 0.27287761875 0.777013753125 0.2739801546875 0.7838899796875001 0.2783902984375 0.7838899796875001 0.28390297656249996 0.7711198421875001 0.2899669234375 0.763261296875 0.29382579999999997 0.762278978125 0.2822491734375 0.872298625 0.275082690625 0.8801571703125 0.2739801546875 0.8850687625000001 0.2861080484375 0.8929273078125 0.2905181921875 0.8889980359375 0.28941565625 0.8693516703125 0.29217199531250004 0.84774066875 0.29713340625 0.8280943031250001 0.3048511578125 0.8113948921875 0.307607496875 0.8094302546875 0.3153252484375 0.8300589390625 0.3169790515625 0.8497053046874999 0.3213891953125 0.8624754421875 0.32249173125 0.8939096265625001 0.32635060625 0.9007858546874999 0.3291069453125 0.9007858546874999 0.33076075 0.8978389 0.3296582140625 0.8634577609375 0.32579933906249997 0.8349705296875 0.32249173125 0.8241650296874999 0.3230429984375 0.787819253125 0.320286659375 0.7465618859375 0.32414553437500004 0.737721021875 0.33020948125 0.736738703125 0.33076075 0.7278978390625 0.32524807031249997 0.712180746875 0.320286659375 0.7043222 0.3142227125 0.7023575640625 0.3092613015625 0.6964636546875 0.307607496875 0.672888015625 0.2987872109375 0.6699410609374999 0.2949283359375 0.6758349703125 0.29658213906249997 0.7023575640625 0.2877618515625 0.7210216109375 0.2861080484375 0.74459725 0.28059536875 0.763261296875
1 0.1703417859375 0.5874263265625 0.1742006609375 0.5893909625 0.175303196875 0.6021611 0.1703417859375 0.647347740625 0.171995590625 0.6777996078124999 0.16979051875 0.685658153125 0.1642778390625 0.6915520625 0.1642778390625 0.698428290625 0.16923925 0.7023575640625 0.1780595375 0.7013752453125 0.1808158765625 0.6365422390625 0.18798235937500002 0.6178781921875001 0.1951488421875 0.6316306484374999 0.200661521875 0.6552062875 0.20562293281250002 0.667976425 0.20782800468749998 0.6689587421875001 0.2116868796875 0.69253438125 0.22160970156249998 0.6954813359375 0.22326350625 0.6915520625 0.21444321875 0.671905696875 0.2116868796875 0.6493123765625 0.20562293281250002 0.6316306484374999 0.2039691296875 0.576620825 0.20672546875000003 0.570726915625 0.20672546875000003 0.5559921421875 0.18412348437499998 0.533398821875 0.17916207343749999 0.520628684375 0.17364939375 0.520628684375 0.1708930546875 0.52455795625 0.16923925 0.545186640625 0.165380375 0.5559921421875 0.1659316421875 0.569744596875 0.1681367140625 0.5736738703125 0.1664829109375 0.5805500984374999 0.1703417859375 0.5874263265625
1 0.5567805953125 0.6453831046875 0.555678059375 0.7023575640625 0.5606394703124999 0.7023575640625 0.56174200625 0.6758349703125 0.5650496140625 0.6650294703124999 0.56615215 0.6316306484374999 0.5738699 0.6178781921875001 0.5826901875 0.6306483296875001 0.5826901875 0.6944990171875001 0.5876515984374999 0.7013752453125 0.5904079375 0.6954813359375 0.5920617421875 0.6512770140625 0.5920617421875 0.622789784375 0.58710033125 0.597249509375 0.58710033125 0.5864440078125 0.59095920625 0.570726915625 0.59095920625 0.5491159140625 0.584895259375 0.5343811390625001 0.57828004375 0.5284872296875001 0.5777287765625 0.5039292734374999 0.57442116875 0.50098231875 0.5694597578125 0.50098231875 0.5678059531249999 0.5039292734374999 0.56560088125 0.52455795625 0.5562293281249999 0.5422396859374999 0.5551267921874999 0.55009823125 0.5545755234375 0.570726915625 0.5606394703124999 0.584479371875 0.559536934375 0.6296660125 0.5567805953125 0.6453831046875
1 0.41455347343750004 0.750491159375 0.40959206249999996 0.7711198421875001 0.4101433296875 0.7779960703125 0.41289966875 0.78192534375 0.42116868749999997 0.7789783890625 0.42613009999999996 0.762278978125 0.4327453140625 0.748526521875 0.436052921875 0.7210216109375 0.44432194062499997 0.6748526515625 0.44597574375000004 0.672888015625 0.44818081562499995 0.65422396875 0.4558985671875 0.635559921875 0.45534729843750005 0.6149312375 0.44707827968749997 0.5982318265625 0.44046306562500004 0.5933202359374999 0.439911796875 0.5726915515625 0.43880926093749995 0.5677799609374999 0.4366041890625 0.5667976421875001 0.43109151093750003 0.5667976421875001 0.4288864390625 0.571709234375 0.42943770625 0.5913555984375 0.42171995625 0.610019646875 0.41896361562499995 0.622789784375 0.41675854531249995 0.7062868375 0.4140022046875 0.711198428125 0.41289966875 0.7210216109375 0.41455347343750004 0.750491159375
1 0.5529217203125001 0.5726915515625 0.5474090406250001 0.576620825 0.547960309375 0.584479371875 0.55402425625 0.584479371875 0.555678059375 0.5795677796875001 0.5529217203125001 0.5726915515625
1 0.5115766265625 0.545186640625 0.514332965625 0.5471512765625001 0.5259095921875 0.5412573671875001 0.5446527015625 0.5216110015625001 0.562293275 0.520628684375 0.564498346875 0.5157170921875001 0.56560088125 0.5039292734374999 0.5611907390625 0.48919449843749996 0.559536934375 0.47347740624999995 0.5606394703124999 0.44695481406250004 0.563947078125 0.43222003906250006 0.5606394703124999 0.423379175 0.5562293281249999 0.423379175 0.5468577734375 0.44007858593750004 0.542998896875 0.442043221875 0.5385887546875 0.45972495156250004 0.5380374859375 0.47249508906250004 0.5358324140625 0.47642436093749996 0.5347298781250001 0.494106090625 0.5292171999999999 0.517681728125 0.5115766265625 0.517681728125 0.5126791625 0.519646365625 0.509922821875 0.5284872296875001 0.509922821875 0.5383104125 0.5115766265625 0.545186640625
2 0.5468577734375 0.5805500984374999 0.5463065046875 0.57563850625 0.523153253125 0.5550098234374999 0.518191840625 0.546168959375 0.5137816984375 0.5471512765625001 0.514884234375 0.5530451859375 0.5303197359375 0.570726915625 0.539140021875 0.5785854609375 0.5468577734375 0.5805500984374999
2 0.25248070624999996 0.8133595281250001 0.24751929375 0.8133595281250001 0.233186328125 0.8339882125000001 0.231532525 0.8418467578125 0.233737596875 0.8428290765625001 0.24751929375 0.8251473484374999 0.25248070624999996 0.8133595281250001