1 0.80981256875 0.5284872296875001 0.8125689078124999 0.532416503125 0.8158765156250001 0.5471512765625001 0.8158765156250001 0.5618860515625 0.81863285625 0.56286836875 0.8213891953125 0.558939096875 0.8213891953125 0.5088408640625001 0.8230429984375001 0.495088409375 0.8257993390625 0.49115913593749994 0.8307607499999999 0.49115913593749994 0.8434399125 0.50098231875 0.8478500546875001 0.50098231875 0.8500551265625 0.49901768124999996 0.8500551265625 0.494106090625 0.8340683578125001 0.468565815625 0.8318632859375 0.455795678125 0.8318632859375 0.43713163125000004 0.8296582140625001 0.42730844843750004 0.8180815875 0.4106090375 0.8131201765625 0.3948919453125 0.8070562296875 0.3939096265625 0.8048511578124999 0.3978389 0.8037486218750001 0.40667976406250006 0.8054024249999999 0.4184675828125 0.8004410140625 0.4312377203125 0.799889746875 0.46561886093749993 0.8081587656250001 0.4872298625 0.8109151046875 0.51178781875 0.80981256875 0.5284872296875001
1 0.4823594265625 0.5726915515625 0.4740904078125 0.5805500984374999 0.47960308749999997 0.5913555984375 0.4840132296875 0.5874263265625 0.48787210625000005 0.571709234375 0.49503858906250003 0.5550098234374999 0.5077177515625 0.55009823125 0.5170893046875 0.55009823125 0.5226019843749999 0.52455795625 0.523153253125 0.5029469546875001 0.52094818125 0.48919449843749996 0.52094818125 0.474459725 0.518191840625 0.469548134375 0.514332965625 0.469548134375 0.5077177515625 0.48624754374999996 0.5005512671875 0.4872298625 0.49228224843749996 0.5039292734374999 0.49117971406249994 0.5383104125 0.489525909375 0.546168959375 0.4840132296875 0.558939096875 0.4823594265625 0.5726915515625
1 0.320286659375 0.635559921875 0.31367144375 0.647347740625 0.30374862187499996 0.6827111984374999 0.30319735468750003 0.6886051078125 0.305402425 0.6915520625 0.30981256875 0.6886051078125 0.32524807031249997 0.648330059375 0.3340683578125 0.635559921875 0.3423373765625 0.634577603125 0.34399117968750004 0.61591355625 0.3544652703125 0.58840864375 0.35556780625 0.5795677796875001 0.35556780625 0.5638506875 0.35170893125 0.5530451859375 0.3550165375 0.533398821875 0.3522601984375 0.525540275 0.3434399125 0.52455795625 0.3401323046875 0.530451865625 0.33902976875 0.546168959375 0.3274531421875 0.558939096875 0.3208379265625 0.5805500984374999 0.320286659375 0.5874263265625 0.32414553437500004 0.5933202359374999 0.32579933906249997 0.6051080546875001 0.320286659375 0.635559921875
1 0.32249173125 0.762278978125 0.3219404625 0.7789783890625 0.32414553437500004 0.7838899796875001 0.3291069453125 0.7838899796875001 0.33131201718750003 0.7544204328124999 0.3379272328125 0.7318271125 0.340683571875 0.7131630640625 0.3434399125 0.7043222 0.349503859375 0.7013752453125 0.35777287812499997 0.7092337921875 0.35997795 0.7161100203124999 0.35611907343750004 0.7593320234375 0.353362734375 0.770137525 0.3539140015625 0.7779960703125 0.35777287812499997 0.7829076625 0.366041896875 0.7838899796875001 0.36769569999999996 0.7779960703125 0.36383682500000003 0.76915520625 0.36328555625000003 0.7573673875 0.36824696874999996 0.7278978390625 0.3687982359375 0.7082514734375 0.3643880921875 0.6689587421875001 0.365490628125 0.6561886046875001 0.369349503125 0.6512770140625 0.3710033078125 0.6434184671875001 0.3710033078125 0.633595284375 0.374310915625 0.6149312375 0.3732083796875 0.6051080546875001 0.36769569999999996 0.596267190625 0.36824696874999996 0.57563850625 0.3649393609375 0.5687622796875 0.35942668125 0.5677799609374999 0.35611907343750004 0.5726915515625 0.35556780625 0.5913555984375 0.3472987875 0.6060903734374999 0.345093715625 0.61394891875 0.3417861078125 0.64243615 0.336273428125 0.6640471515625 0.33461962500000003 0.7072691546875001 0.33020948125 0.7210216109375 0.32524807031249997 0.7573673875 0.32249173125 0.762278978125
1 0.7783902984375 0.6895874265625 0.7618522609375 0.722986246875 0.7651598671875 0.723968565625 0.7717750828125001 0.7151277015625 0.7822491734375 0.712180746875 0.7839029765625 0.7151277015625 0.7811466375 0.7220039296875 0.7822491734375 0.7406679765625 0.78941565625 0.75638506875 0.824696803125 0.7573673875 0.8263506062499999 0.750491159375 0.8252480703125 0.7416502953124999 0.81863285625 0.735756384375 0.8153252484375001 0.7278978390625 0.8153252484375001 0.7210216109375 0.81863285625 0.711198428125 0.81863285625 0.699410609375 0.8153252484375001 0.6777996078124999 0.8070562296875 0.648330059375 0.7960308703125001 0.633595284375 0.7943770671875 0.6178781921875001 0.78941565625 0.6110019640625 0.7822491734375 0.610019646875 0.778941565625 0.6149312375 0.778941565625 0.62868369375 0.7822491734375 0.6385068765625 0.78059536875 0.6768172890625 0.7783902984375 0.6895874265625
1 0.5882028671875 0.6512770140625 0.5920617421875 0.6640471515625 0.5904079375 0.6886051078125 0.5859977953125 0.6954813359375 0.5837927234375 0.7062868375 0.5876515984374999 0.7062868375 0.6003307609374999 0.6817288796875001 0.60363836875 0.6817288796875001 0.6041896359375001 0.7043222 0.6003307609374999 0.722986246875 0.5964718859375 0.729862475 0.597023153125 0.7337917484375 0.6052921718750001 0.748526521875 0.6130099234374999 0.7534381140625 0.6168687984375001 0.7593320234375 0.6168687984375001 0.7789783890625 0.6196251375 0.7838899796875001 0.6240352812500001 0.7838899796875001 0.634509371875 0.76915520625 0.6334068359375 0.762278978125 0.6267916203125 0.748526521875 0.6207276734375 0.723968565625 0.6267916203125 0.6886051078125 0.6240352812500001 0.6650294703124999 0.6130099234374999 0.634577603125 0.6085997796875 0.627701375 0.59536935 0.622789784375 0.5898566703125 0.6051080546875001 0.5832414546875 0.6060903734374999 0.5815876515625 0.6110019640625 0.58213891875 0.622789784375 0.5859977953125 0.627701375 0.5882028671875 0.6512770140625
1 0.5132304296875 0.47053045156250006 0.5170893046875 0.466601178125 0.5159867703125001 0.453831040625 0.506615215625 0.4440078578125 0.506615215625 0.43516699374999995 0.5 0.428290765625 0.4966923921875 0.428290765625 0.49173098125000003 0.43811394843749996 0.49228224843749996 0.482318271875 0.4994487328125 0.4872298625 0.510474090625 0.48330058906250006 0.5132304296875 0.47053045156250006
1 0.1102535828125 0.659135559375 0.113561190625 0.6817288796875001 0.1130099234375 0.6935167 0.105843440625 0.7023575640625 0.10529217187499999 0.7072691546875001 0.10859977968750001 0.711198428125 0.113561190625 0.711198428125 0.122381478125 0.7062868375 0.12072767343749999 0.6404715125 0.1251378171875 0.6296660125 0.1295479609375 0.6316306484374999 0.138919515625 0.6905697453124999 0.1477398015625 0.6905697453124999 0.14939360468750001 0.6817288796875001 0.1433296578125 0.6709233796875 0.1416758546875 0.648330059375 0.1372657109375 0.6257367390625 0.138919515625 0.5864440078125 0.14002205 0.584479371875 0.1433296578125 0.5923379171875001 0.1477398015625 0.5913555984375 0.14718853437499999 0.558939096875 0.1372657109375 0.5432220046875 0.12789415625 0.5353634578124999 0.1267916203125 0.5216110015625001 0.122381478125 0.519646365625 0.11852260156250001 0.520628684375 0.114112459375 0.5363457765625 0.0997794921875 0.5599214140625 0.097023153125 0.5805500984374999 0.100882028125 0.58840864375 0.10859977968750001 0.5933202359374999 0.1102535828125 0.659135559375
1 0.5165380374999999 0.6316306484374999 0.5132304296875 0.6434184671875001 0.5126791625 0.678781925 0.50826901875 0.6905697453124999 0.5088202859375001 0.6964636546875 0.5159867703125001 0.698428290625 0.5176405734375 0.6944990171875001 0.523153253125 0.6316306484374999 0.5259095921875 0.622789784375 0.5363836828124999 0.6129666015625 0.5474090406250001 0.635559921875 0.5562293281249999 0.6807465625 0.5573318640625 0.698428290625 0.563947078125 0.7013752453125 0.5678059531249999 0.6944990171875001 0.56174200625 0.6807465625 0.5606394703124999 0.65225933125 0.5501653796875 0.5913555984375 0.551819184375 0.5805500984374999 0.5562293281249999 0.5785854609375 0.5567805953125 0.57563850625 0.555678059375 0.558939096875 0.551819184375 0.5383104125 0.5468577734375 0.530451865625 0.5385887546875 0.5235756390625 0.539140021875 0.507858546875 0.53693495 0.50098231875 0.5275633953125001 0.50098231875 0.527012128125 0.5216110015625001 0.5214994484375 0.532416503125 0.5170893046875 0.55009823125 0.5214994484375 0.5805500984374999 0.5214994484375 0.5923379171875001 0.518743109375 0.6051080546875001 0.5165380374999999 0.6316306484374999
1 0.22712238125 0.8035363453125001 0.23980154374999998 0.7848722984375 0.24200661562499998 0.787819253125 0.2403528109375 0.8418467578125 0.24145534687499998 0.8565815328124999 0.23925027499999998 0.872298625 0.24200661562499998 0.9155206281250001 0.2370452046875 0.9322200390625 0.23814773906250003 0.9361493125000001 0.24751929375 0.93713163125 0.24917309843750002 0.8939096265625001 0.2480705625 0.866404715625 0.24917309843750002 0.85854616875 0.2574421171875 0.8369351671875 0.26460859999999997 0.852652259375 0.2657111359375 0.866404715625 0.27232635 0.8909626718749999 0.2701212796875 0.9066797640625 0.274531421875 0.917485265625 0.28059536875 0.9145383109375 0.2778390296875 0.8939096265625001 0.2778390296875 0.8683693515625001 0.27287761875 0.84577603125 0.2734288859375 0.8035363453125001 0.27287761875 0.787819253125 0.2695700109375 0.7730844796875 0.2701212796875 0.7603143421875 0.27232635 0.7583497046875001 0.2822491734375 0.776031434375 0.2877618515625 0.7956778 0.29382579999999997 0.7956778 0.2861080484375 0.763261296875 0.275082690625 0.7426326125 0.27287761875 0.7328094296875001 0.26791620781250003 0.724950884375 0.2557883125 0.71807465625 0.2552370453125 0.697445971875 0.25192943749999996 0.6905697453124999 0.2442116875 0.6905697453124999 0.24200661562499998 0.6954813359375 0.2425578828125 0.722986246875 0.2353914 0.7337917484375 0.231532525 0.749508840625 0.22987872031249998 0.78192534375 0.22326350625 0.7956778 0.22326350625 0.800589390625 0.22712238125 0.8035363453125001
2 0.539140021875 0.6178781921875001 0.535281146875 0.6178781921875001 0.5253583234375 0.6404715125 0.523153253125 0.646365421875 0.52480705625 0.6512770140625 0.5347298781250001 0.633595284375 0.539140021875 0.6178781921875001
2 0.5738699 0.576620825 0.5689084890625 0.57563850625 0.559536934375 0.5854616890625 0.5606394703124999 0.5923379171875001 0.568357221875 0.5923379171875001 0.5738699 0.584479371875 0.5738699 0.576620825
2 0.20286659375 0.8300589390625 0.20727673593749998 0.8339882125000001 0.212789415625 0.8231827109375001 0.21664829062500002 0.82023575625 0.212789415625 0.82023575625 0.2039691296875 0.827111984375 0.19018743124999998 0.84675835 0.1824696796875 0.84774066875 0.175854465625 0.8536345781250001 0.1780595375 0.8595284875000001 0.191841234375 0.8555992140625 0.2034178609375 0.8398821218749999 0.20286659375 0.8300589390625
2 0.5529217203125001 0.7583497046875001 0.5606394703124999 0.7583497046875001 0.56560088125 0.748526521875 0.5727673656250001 0.7406679765625 0.5733186328125 0.736738703125 0.5711135609375 0.7416502953124999 0.5694597578125 0.736738703125 0.5589856671875 0.74459725 0.5468577734375 0.7406679765625 0.5446527015625 0.7426326125 0.5446527015625 0.7465618859375 0.547960309375 0.7534381140625 0.5529217203125001 0.7583497046875001
2 0.6025358328125 0.7023575640625 0.59536935 0.7033398828124999 0.5815876515625 0.7200392921875001 0.5804851156249999 0.723968565625 0.5826259625 0.7287371015625 0.58710033125 0.7200392921875001 0.59095920625 0.719056975 0.601433296875 0.7082514734375 0.6025358328125 0.7023575640625
2 0.625689084375 0.749508840625 0.626240353125 0.736738703125 0.6207276734375 0.7220039296875 0.6196251375 0.7210216109375 0.6163175296875 0.7278978390625 0.6157662625 0.7328094296875001 0.617971334375 0.7406679765625 0.622381478125 0.748526521875 0.625689084375 0.749508840625