1 0.9432194046875001 0.7082514734375 0.9404630656249999 0.7151277015625 0.9310915109375 0.7200392921875001 0.9316427781250001 0.723968565625 0.9393605296875001 0.729862475 0.94211686875 0.7455795671875001 0.9415656015625 0.7524557953125 0.9393605296875001 0.7573673875 0.935501653125 0.7593320234375 0.9332965828124999 0.7671905703124999 0.9349503859375 0.770137525 0.9470782796874999 0.770137525 0.9558985671875 0.7848722984375 0.956449834375 0.7907662078125 0.9514884234375 0.800589390625 0.9520396906249999 0.8055009828124999 0.9597574421875 0.80746561875 0.964718853125 0.8045186640624999 0.964718853125 0.788801571875 0.960859978125 0.78192534375 0.956449834375 0.764243615625 0.956449834375 0.7534381140625 0.9636163171875 0.7396856578125 0.9674751921875 0.7269155203125 0.9674751921875 0.711198428125 0.956449834375 0.6886051078125 0.9547960312500001 0.6807465625 0.9465270125 0.6699410609374999 0.94211686875 0.667976425 0.937706725 0.65324165 0.9310915109375 0.65225933125 0.9288864390624999 0.6561886046875001 0.9288864390624999 0.667976425 0.93439911875 0.6777996078124999 0.9360529218750001 0.6886051078125 0.9432194046875001 0.7082514734375
1 0.43109151093750003 0.9410609031250001 0.42613009999999996 0.9675834968749999 0.43164277812499996 0.969548134375 0.4393605296875 0.9449901765625001 0.4465270125 0.93516699375 0.44818081562499995 0.9253438109375001 0.452590959375 0.92436149375 0.4581036390625 0.9312377203125 0.45755237031249996 0.9400785859375 0.45148842343749995 0.9636542234375 0.452590959375 0.968565815625 0.45644983437500003 0.969548134375 0.45920617343750003 0.9656188609375 0.4663726578125 0.9273084484374999 0.465270121875 0.9066797640625 0.46085997812499996 0.8939096265625001 0.4614112453125 0.883104125 0.46416758593749996 0.877210215625 0.4636163171875 0.84774066875 0.460308709375 0.8379174859375 0.4509371546875 0.832023575 0.4465270125 0.8104125734375 0.44211686875 0.8104125734375 0.43770672499999996 0.8172888015625001 0.43880926093749995 0.8369351671875 0.4305402421875 0.8555992140625 0.43439911875000004 0.88408644375 0.43439911875000004 0.91159135625 0.43109151093750003 0.9253438109375001 0.43109151093750003 0.9410609031250001
1 0.32249173125 0.7023575640625 0.32414553437500004 0.697445971875 0.32414553437500004 0.678781925 0.32579933906249997 0.6699410609374999 0.33076075 0.6699410609374999 0.33020948125 0.6964636546875 0.33186328593750003 0.7023575640625 0.33517089375000003 0.7033398828124999 0.3373759640625 0.7013752453125 0.33572216093749996 0.67976424375 0.3384785 0.672888015625 0.3379272328125 0.6404715125 0.3395810359375 0.6188605109374999 0.34288864375 0.608055009375 0.3434399125 0.58840864375 0.3384785 0.571709234375 0.33517089375000003 0.5667976421875001 0.33461962500000003 0.5550098234374999 0.332414553125 0.5530451859375 0.32635060625 0.5550098234374999 0.32524807031249997 0.5638506875 0.31367144375 0.5795677796875001 0.3125689078125 0.60117878125 0.3175303203125 0.6257367390625 0.3169790515625 0.7023575640625 0.32249173125 0.7023575640625
1 0.869900771875 0.994106090625 0.8726571109375 0.99901768125 0.90518191875 0.99901768125 0.907386990625 0.9921414531250001 0.9057331859375 0.9901768171875001 0.90463065 0.969548134375 0.8919514890625001 0.9557956781250001 0.8919514890625001 0.9410609031250001 0.890297684375 0.93516699375 0.885887540625 0.9302554031250001 0.8781697906250001 0.9302554031250001 0.874310915625 0.9341846765625 0.8748621828124999 0.9557956781250001 0.8704520390624999 0.9616895875000001 0.8665931640625001 0.9783889984374999 0.869900771875 0.994106090625
1 0.02094818125 0.6493123765625 0.016538037499999998 0.697445971875 0.018191840625 0.7072691546875001 0.022601984375000002 0.7072691546875001 0.026460859375 0.699410609375 0.033076074999999996 0.697445971875 0.029768467187499998 0.6817288796875001 0.0358324140625 0.646365421875 0.03748621875 0.620825146875 0.039691290625 0.6149312375 0.0463065046875 0.61394891875 0.047960309374999996 0.609037328125 0.04134509375 0.5805500984374999 0.034729878125 0.569744596875 0.033076074999999996 0.5540275046875001 0.029768467187499998 0.5471512765625001 0.0275633953125 0.5471512765625001 0.023153253125000002 0.5550098234374999 0.0214994484375 0.5677799609374999 0.014332965625 0.5805500984374999 0.0093715546875 0.597249509375 0.0088202859375 0.6051080546875001 0.0170893046875 0.621807465625 0.0170893046875 0.6375245578125 0.02094818125 0.6493123765625
1 0.9994487328125 0.94793713125 0.9906284453125 0.94891945 0.9867695703124999 0.9528487234374999 0.9862183015625 0.96070726875 0.9829106953125001 0.969548134375 0.9823594265625 0.98624754375 0.9785005515625 0.99901768125 0.9994487328125 0.99901768125 0.9994487328125 0.94793713125
1 0.981808159375 0.58840864375 0.985667034375 0.596267190625 0.9922822484375 0.622789784375 0.996141125 0.6296660125 0.9994487328125 0.6306483296875001 0.9994487328125 0.507858546875 0.99558985625 0.5019646359375 0.9950385890625 0.48624754374999996 0.9900771781250001 0.48330058906250006 0.9867695703124999 0.48624754374999996 0.985667034375 0.492141453125 0.9862183015625 0.532416503125 0.981808159375 0.546168959375 0.9840132296874999 0.5559921421875 0.981808159375 0.58840864375
1 0.708930540625 0.673870334375 0.7078280046875001 0.6886051078125 0.7050716640625 0.6954813359375 0.7050716640625 0.7062868375 0.7094818078125 0.7062868375 0.7177508265625 0.6709233796875 0.7260198453125 0.6650294703124999 0.729327453125 0.6650294703124999 0.733737596875 0.6699410609374999 0.7353913999999999 0.697445971875 0.737596471875 0.7043222 0.7403528109375 0.7062868375 0.741455346875 0.686640471875 0.7386990078125 0.659135559375 0.7386990078125 0.609037328125 0.7331863281250001 0.597249509375 0.72712238125 0.5923379171875001 0.7199558984375 0.576620825 0.7133406828125 0.5795677796875001 0.712789415625 0.6257367390625 0.7160970234375 0.6434184671875001 0.716648290625 0.659135559375 0.708930540625 0.673870334375
1 0.8142227125 0.974459725 0.8081587656250001 0.9656188609375 0.8026460859375 0.96267190625 0.799889746875 0.94793713125 0.795479603125 0.9410609031250001 0.7899669234375 0.9410609031250001 0.7866593171875 0.9459724953125 0.7866593171875 0.96267190625 0.7822491734375 0.9764243609375001 0.7816979046875 0.99901768125 0.8175303203125001 0.99901768125 0.8180815875 0.9921414531250001 0.8142227125 0.974459725
1 0.48070562343749995 0.8055009828124999 0.481256890625 0.8123772109375 0.47519294375000004 0.84774066875 0.47188533593750004 0.8821218078124999 0.4696802640625 0.8929273078125 0.46582138906250004 0.89882121875 0.46582138906250004 0.903732809375 0.4696802640625 0.9066797640625 0.4779492828125 0.9007858546874999 0.4823594265625 0.902750490625 0.48291069531249997 0.9106090375000001 0.49117971406249994 0.9106090375000001 0.4944873203125 0.902750490625 0.4966923921875 0.852652259375 0.506615215625 0.8133595281250001 0.506615215625 0.8035363453125001 0.4988974640625 0.7838899796875001 0.493936053125 0.775049115625 0.48787210625000005 0.7711198421875001 0.485115765625 0.7593320234375 0.47960308749999997 0.7534381140625 0.4740904078125 0.7593320234375 0.47188533593750004 0.7907662078125 0.4663726578125 0.8094302546875 0.4696802640625 0.8104125734375 0.47519294375000004 0.800589390625 0.4779492828125 0.800589390625 0.48070562343749995 0.8055009828124999
1 0.601433296875 0.4901768171875 0.6030871 0.495088409375 0.6074972437499999 0.495088409375 0.6080485109375 0.4842829078125 0.6146637265625 0.4587426328125 0.6240352812500001 0.4390962671875 0.6251378171875001 0.4204322203125 0.6212789421875 0.3978389 0.6146637265625 0.3978389 0.6130099234374999 0.40667976406250006 0.609151046875 0.4106090375 0.605843440625 0.41944990156250006 0.60363836875 0.44793713124999995 0.601433296875 0.453831040625 0.601433296875 0.469548134375 0.6030871 0.47544204375000004 0.600882028125 0.482318271875 0.601433296875 0.4901768171875
1 0.7386990078125 0.608055009375 0.7386990078125 0.6326129671875 0.7403528109375 0.6444007859374999 0.7469680265624999 0.6571709234374999 0.7508269015625 0.6699410609374999 0.75248070625 0.6886051078125 0.75633958125 0.6895874265625 0.7590959203125001 0.684675834375 0.7590959203125001 0.6777996078124999 0.74751929375 0.635559921875 0.7480705624999999 0.584479371875 0.737596471875 0.56286836875 0.7348401328125 0.5618860515625 0.7326350609375 0.546168959375 0.7304299890625 0.5422396859374999 0.7260198453125 0.5422396859374999 0.72326350625 0.546168959375 0.72326350625 0.5677799609374999 0.7260198453125 0.59037328125 0.7331863281250001 0.596267190625 0.7386990078125 0.608055009375
2 0.4184123484375 0.94990176875 0.4173098125 0.9440078578125 0.415104740625 0.943025540625 0.40518191875 0.9459724953125 0.40463065 0.94891945 0.41124586562500004 0.9567779953125 0.41565600937499997 0.9557956781250001 0.4184123484375 0.94990176875
2 0.3384785 0.6807465625 0.3373759640625 0.6650294703124999 0.3296582140625 0.6444007859374999 0.326901875 0.64243615 0.32579933906249997 0.647347740625 0.33020948125 0.661100196875 0.33186328593750003 0.6748526515625 0.3384785 0.6807465625
2 0.902425578125 0.762278978125 0.9173098124999999 0.7455795671875001 0.915656009375 0.7406679765625 0.9178610812500001 0.736738703125 0.9206174203125 0.735756384375 0.9200661515625 0.7406679765625 0.9217199562499999 0.7406679765625 0.9288491343749999 0.73241059375 0.9283351703125 0.7269155203125 0.9211686875 0.7347740671875 0.8936052921875 0.750491159375 0.8897464171875 0.748526521875 0.8869900765625 0.751473478125 0.8925027562500001 0.761296659375 0.902425578125 0.762278978125
2 0.76901874375 0.929273084375 0.7646086000000001 0.929273084375 0.7651598671875 0.9518664046875 0.770672546875 0.9587426328124999 0.7761852265625 0.9587426328124999 0.76901874375 0.929273084375
2 0.8649393609375 0.9783889984374999 0.85997795 0.97544204375 0.857221609375 0.9774066796875 0.857221609375 0.98624754375 0.869349503125 0.9872298625000001 0.8687982359375 0.9823182718749999 0.8649393609375 0.9783889984374999
2 0.0468577734375 0.608055009375 0.029768467187499998 0.6178781921875001 0.026907834375000002 0.61819678125 0.025082690624999997 0.6237721015625 0.034729878125 0.622789784375 0.039140021875 0.6178781921875001 0.0507166484375 0.61394891875 0.05126791562500001 0.6110019640625 0.0468577734375 0.608055009375
2 0 0.9145383109375 0.0055126796875 0.9106090375000001 0.003858875 0.9047151281250001 0 0.9047151281250001 0 0.9145383109375