1 0.5203969125000001 0.7043222 0.5159867703125001 0.7013752453125 0.5132304296875 0.7033398828124999 0.5132304296875 0.7151277015625 0.5154355015625 0.719056975 0.5198456453125 0.7170923375 0.5203969125000001 0.7043222
1 0.5115766265625 0.6777996078124999 0.5154355015625 0.684675834375 0.5170893046875 0.6620825140625 0.5214994484375 0.647347740625 0.5198456453125 0.6365422390625 0.5214994484375 0.633595284375 0.52866593125 0.6365422390625 0.530871003125 0.633595284375 0.531422271875 0.61394891875 0.5198456453125 0.5736738703125 0.50826901875 0.5677799609374999 0.50441014375 0.5815324171875 0.5033076078125001 0.61591355625 0.5038588749999999 0.620825146875 0.5115766265625 0.6316306484374999 0.5115766265625 0.6777996078124999
1 0.6598676953125 0.6404715125 0.66482910625 0.6385068765625 0.667585446875 0.646365421875 0.6681367140625001 0.6552062875 0.6681367140625001 0.660117878125 0.6620727671875 0.6777996078124999 0.6620727671875 0.7082514734375 0.659316428125 0.719056975 0.6560088203125 0.723968565625 0.6560088203125 0.73084479375 0.66482910625 0.7318271125 0.6692392500000001 0.6915520625 0.6708930546875 0.6886051078125 0.6769570015624999 0.6915520625 0.6857772875 0.7023575640625 0.6874310921875 0.7082514734375 0.6857772875 0.7161100203124999 0.6879823593750001 0.719056975 0.6957001109375 0.7151277015625 0.69790518125 0.7082514734375 0.696251378125 0.7033398828124999 0.680264609375 0.678781925 0.6830209484374999 0.647347740625 0.6824696796875 0.6237721015625 0.671995590625 0.609037328125 0.6664829109375 0.6051080546875001 0.663175303125 0.5893909625 0.6543550171875 0.5893909625 0.6560088203125 0.6296660125 0.651047409375 0.65324165 0.654906284375 0.6561886046875001 0.6598676953125 0.6404715125
1 0.5170893046875 0.660117878125 0.5159867703125001 0.6964636546875 0.5170893046875 0.7023575640625 0.5214994484375 0.7033398828124999 0.5226019843749999 0.7082514734375 0.5198456453125 0.750491159375 0.52094818125 0.76915520625 0.5159867703125001 0.78192534375 0.518191840625 0.7868369359375 0.526460859375 0.7868369359375 0.527012128125 0.7426326125 0.5325248078125 0.729862475 0.53748621875 0.7416502953124999 0.542998896875 0.7789783890625 0.5468577734375 0.7838899796875001 0.5485115765625 0.7721021609375 0.5418963609375 0.73084479375 0.542998896875 0.6905697453124999 0.5413450937500001 0.6561886046875001 0.539140021875 0.6493123765625 0.526460859375 0.6306483296875001 0.5170893046875 0.6316306484374999 0.5159867703125001 0.635559921875 0.5203969125000001 0.6444007859374999 0.5203969125000001 0.6512770140625 0.5170893046875 0.660117878125
1 0.1312017640625 0.8821218078124999 0.13175303124999999 0.91159135625 0.13561190781250002 0.928290765625 0.136163175 0.9440078578125 0.142227121875 0.9813359531250001 0.138368246875 0.99901768125 0.1477398015625 0.99901768125 0.14939360468750001 0.994106090625 0.14829106875 0.9616895875000001 0.1433296578125 0.9253438109375001 0.1438809265625 0.9194499015625001 0.151047409375 0.9145383109375 0.1527012125 0.9400785859375 0.155457553125 0.9449901765625001 0.15711135625 0.9557956781250001 0.16482910625 0.9567779953125 0.1642778390625 0.9459724953125 0.1604189640625 0.93516699375 0.1604189640625 0.9076620828124999 0.1642778390625 0.8909626718749999 0.16703417812500002 0.8978389 0.1708930546875 0.8978389 0.1725468578125 0.8939096265625001 0.1742006609375 0.8654223968749999 0.1725468578125 0.8398821218749999 0.163726571875 0.8222003921875001 0.15711135625 0.8163064828125 0.1543550171875 0.7956778 0.15159867656249998 0.7917485265625 0.14829106875 0.7917485265625 0.1438809265625 0.7956778 0.1416758546875 0.801571709375 0.1416758546875 0.8163064828125 0.13561190781250002 0.821218075 0.1273428890625 0.8349705296875 0.12127894218749999 0.851669940625 0.12072767343749999 0.8595284875000001 0.12127894218749999 0.8850687625000001 0.12568908437499998 0.8801571703125 0.12624035312499998 0.8850687625000001 0.1312017640625 0.8821218078124999
1 0.5071664828125 0.5667976421875001 0.5220507171875 0.57563850625 0.5259095921875 0.5599214140625 0.5253583234375 0.51375245625 0.5226019843749999 0.5088408640625001 0.5214994484375 0.50098231875 0.5154355015625 0.492141453125 0.5115766265625 0.48821218125000004 0.50441014375 0.4872298625 0.5038588749999999 0.494106090625 0.5071664828125 0.506876228125 0.5088202859375001 0.532416503125 0.5071664828125 0.5667976421875001
1 0.1951488421875 0.55009823125 0.1968026453125 0.546168959375 0.196251378125 0.5412573671875001 0.19955898593750002 0.53732809375 0.1957001109375 0.5284872296875001 0.1951488421875 0.5166994109374999 0.200110253125 0.507858546875 0.19955898593750002 0.466601178125 0.2012127890625 0.4459724953125 0.2039691296875 0.4390962671875 0.20286659375 0.428290765625 0.192392503125 0.42730844843750004 0.1907386984375 0.4390962671875 0.18412348437499998 0.44990176875000004 0.1824696796875 0.4567779953125 0.18191841250000002 0.4872298625 0.1868798234375 0.5039292734374999 0.18798235937500002 0.546168959375 0.1951488421875 0.55009823125
1 0.7056229328125 0.6660117875 0.704520396875 0.673870334375 0.6995589859375 0.6827111984374999 0.6995589859375 0.6876227890625 0.70672546875 0.6905697453124999 0.7122381484375 0.686640471875 0.7138919515625 0.6817288796875001 0.712789415625 0.6326129671875 0.717199559375 0.61394891875 0.717199559375 0.56286836875 0.7138919515625 0.53732809375 0.7111356125 0.530451865625 0.70672546875 0.530451865625 0.7039691296874999 0.5363457765625 0.7050716640625 0.5618860515625 0.7028665937499999 0.5805500984374999 0.700110253125 0.5864440078125 0.7028665937499999 0.5933202359374999 0.7012127890625 0.6365422390625 0.7039691296874999 0.646365421875 0.7056229328125 0.6660117875
2 0.4988974640625 0.7573673875 0.5 0.762278978125 0.5038588749999999 0.762278978125 0.50826901875 0.748526521875 0.50826901875 0.735756384375 0.5110253578124999 0.7269155203125 0.514332965625 0.699410609375 0.51212789375 0.698428290625 0.5126791625 0.70530451875 0.5093715546875 0.7033398828124999 0.50826901875 0.7072691546875001 0.50826901875 0.7170923375 0.50441014375 0.729862475 0.5033076078125001 0.7465618859375 0.4988974640625 0.7573673875
2 0.13230429999999999 0.8850687625000001 0.122381478125 0.88408644375 0.121830209375 0.88605108125 0.12568908437499998 0.8899803531250001 0.1334068359375 0.8889980359375 0.13230429999999999 0.8850687625000001
2 0.6444321937499999 0.6512770140625 0.6455347296875 0.6561886046875001 0.6482910687500001 0.65225933125 0.6488423375 0.6561886046875001 0.6521499453125 0.6561886046875001 0.6515986765624999 0.65225933125 0.636163175 0.6493123765625 0.6323043 0.6453831046875 0.628445425 0.635559921875 0.6245865484374999 0.6365422390625 0.6245865484374999 0.646365421875 0.6289966921875 0.6552062875 0.642227121875 0.6561886046875001 0.6444321937499999 0.6512770140625
2 0.6995589859375 0.6060903734374999 0.6951488421875001 0.6178781921875001 0.6934950390625 0.62671905625 0.6995589859375 0.621807465625 0.702315325 0.608055009375 0.6995589859375 0.6060903734374999
0 0.2125 0.5375 0.2171875 0.5390625 0.2171875 0.5453125 0.2125 0.54375 0.2125 0.5390625