1 0.75248070625 0.9400785859375 0.76019845625 0.93713163125 0.7673649390625 0.923379175 0.7717750828125001 0.9253438109375001 0.7778390296875 0.9449901765625001 0.774531421875 0.94891945 0.774531421875 0.9528487234374999 0.78059536875 0.979371315625 0.7822491734375 0.995088409375 0.7839029765625 0.99901768125 0.787210584375 0.99901768125 0.7883131203125 0.9616895875000001 0.7861080484375 0.9410609031250001 0.7883131203125 0.917485265625 0.783351709375 0.8811394890625 0.7877618515625 0.8762278984374999 0.7899669234375 0.8683693515625001 0.7883131203125 0.8654223968749999 0.7883131203125 0.8497053046874999 0.7905181921875 0.827111984375 0.7877618515625 0.8133595281250001 0.7877618515625 0.800589390625 0.7855567812500001 0.79469548125 0.7822491734375 0.7917485265625 0.7778390296875 0.7956778 0.775082690625 0.8045186640624999 0.7761852265625 0.8172888015625001 0.7651598671875 0.826129665625 0.7613009921875 0.83300589375 0.7574421171875 0.851669940625 0.75248070625 0.8634577609375 0.75248070625 0.8703339874999999 0.7557883125 0.8762278984374999 0.7557883125 0.8889980359375 0.7535832421875 0.89685658125 0.7546857765625 0.9106090375000001 0.7530319734375001 0.917485265625 0.7491730984375 0.9204322203125 0.73980154375 0.9145383109375 0.7348401328125 0.9155206281250001 0.7342888640624999 0.9253438109375001 0.73594266875 0.929273084375 0.7469680265624999 0.9332023578124999 0.75248070625 0.9400785859375
1 0.890297684375 0.8035363453125001 0.886438809375 0.8182711203125 0.8847850062499999 0.8428290765625001 0.8869900765625 0.8506876234374999 0.8925027562500001 0.851669940625 0.8941565593749999 0.8497053046874999 0.8925027562500001 0.8349705296875 0.8941565593749999 0.8222003921875001 0.9002205078125 0.8133595281250001 0.907386990625 0.8123772109375 0.9128996687500001 0.7996070734375 0.915656009375 0.7573673875 0.9250275640625001 0.723968565625 0.9200661515625 0.686640471875 0.9134509375000001 0.684675834375 0.9084895265625 0.6915520625 0.907386990625 0.7023575640625 0.9002205078125 0.719056975 0.8891951484374999 0.736738703125 0.8897464171875 0.750491159375 0.8880926125 0.761296659375 0.8880926125 0.7662082515625 0.890848953125 0.7721021609375 0.8914002203125 0.7907662078125 0.890297684375 0.8035363453125001
1 0.49117971406249994 0.5284872296875001 0.4867695703125 0.546168959375 0.4867695703125 0.5550098234374999 0.4906284453125 0.5658153234375 0.49228224843749996 0.584479371875 0.4873208375 0.597249509375 0.49007717812499996 0.6001964640625 0.4966923921875 0.6001964640625 0.5005512671875 0.596267190625 0.5005512671875 0.5893909625 0.5126791625 0.5854616890625 0.514332965625 0.58840864375 0.523153253125 0.5864440078125 0.523153253125 0.5805500984374999 0.5110253578124999 0.545186640625 0.5115766265625 0.5108055015625 0.5071664828125 0.495088409375 0.4994487328125 0.47544204375000004 0.49117971406249994 0.4616895875 0.485115765625 0.45776031406250006 0.481808159375 0.45972495156250004 0.48070562343749995 0.468565815625 0.48787210625000005 0.482318271875 0.49228224843749996 0.504911590625 0.49117971406249994 0.5284872296875001
1 0.1328555671875 0.94891945 0.1328555671875 0.9567779953125 0.1378169796875 0.9567779953125 0.1394707828125 0.953831040625 0.14057331875 0.9557956781250001 0.14002205 0.968565815625 0.13561190781250002 0.9823182718749999 0.134509371875 0.995088409375 0.13561190781250002 0.99901768125 0.16482910625 0.99901768125 0.1659316421875 0.98624754375 0.16923925 0.974459725 0.16979051875 0.953831040625 0.17364939375 0.943025540625 0.17364939375 0.9273084484374999 0.1703417859375 0.902750490625 0.16482910625 0.8899803531250001 0.1615215 0.8889980359375 0.15711135625 0.8801571703125 0.15600882031250002 0.8555992140625 0.1543550171875 0.852652259375 0.1433296578125 0.852652259375 0.14002205 0.85854616875 0.1394707828125 0.8644400781250001 0.14002205 0.8850687625000001 0.1433296578125 0.89685658125 0.142227121875 0.93516699375 0.1328555671875 0.94891945
1 0.1460859984375 0.5422396859374999 0.14829106875 0.546168959375 0.15214994531249998 0.546168959375 0.1543550171875 0.5432220046875 0.15214994531249998 0.5294695484374999 0.1604189640625 0.5294695484374999 0.163726571875 0.532416503125 0.16979051875 0.532416503125 0.171995590625 0.5294695484374999 0.1659316421875 0.5166994109374999 0.165380375 0.493123771875 0.1686879828125 0.48330058906250006 0.171995590625 0.481335953125 0.173098125 0.44891945 0.1708930546875 0.43418467656250004 0.173098125 0.4263261296875 0.173098125 0.41453831093750004 0.165380375 0.4106090375 0.1598676953125 0.42534381093749996 0.15325248125 0.4312377203125 0.1449834625 0.44891945 0.1433296578125 0.453831040625 0.1433296578125 0.47347740624999995 0.1477398015625 0.4901768171875 0.1460859984375 0.5422396859374999
1 0.2651598671875 0.82023575625 0.26901874375 0.8349705296875 0.26901874375 0.84577603125 0.266262403125 0.8634577609375 0.26405733124999997 0.8703339874999999 0.26074972500000004 0.87328094375 0.25633958125 0.89685658125 0.2574421171875 0.9007858546874999 0.2756339578125 0.902750490625 0.27949283281250004 0.89685658125 0.2772877625 0.8742632609375001 0.2861080484375 0.8418467578125 0.291069459375 0.8094302546875 0.2982359421875 0.800589390625 0.29988974687500003 0.7927308453124999 0.29933847812500003 0.7534381140625 0.29272326406250004 0.737721021875 0.2866593171875 0.7318271125 0.2866593171875 0.711198428125 0.2778390296875 0.7072691546875001 0.2739801546875 0.711198428125 0.2739801546875 0.73084479375 0.27067254687500003 0.7328094296875001 0.26130099218749997 0.750491159375 0.2590959203125 0.764243615625 0.2590959203125 0.7789783890625 0.26074972500000004 0.7868369359375 0.2635060640625 0.788801571875 0.2651598671875 0.82023575625
1 0.9702315328125 0.99901768125 0.9994487328125 0.99901768125 0.9994487328125 0.9872298625000001 0.985667034375 0.9833005890625 0.9592061734374999 0.9872298625000001 0.9581036390625 0.9911591359375 0.9597574421875 0.995088409375 0.9691289968750001 0.9960707265625001 0.9702315328125 0.99901768125
1 0.996141125 0.969548134375 0.99558985625 0.974459725 0.9994487328125 0.974459725 0.9994487328125 0.969548134375 0.996141125 0.969548134375
1 0.3814773984375 0.7868369359375 0.37651598750000004 0.8064833 0.37210584375 0.8752455796874999 0.3643880921875 0.8889980359375 0.36659316406250003 0.89685658125 0.373759646875 0.89882121875 0.3770672546875 0.89882121875 0.378169790625 0.8939096265625001 0.377618521875 0.8811394890625 0.3831312015625 0.8310412578124999 0.390297684375 0.8172888015625001 0.3936052921875 0.8182711203125 0.40022050781249996 0.8300589390625 0.42502756406250003 0.8379174859375 0.4349503859375 0.8506876234374999 0.43770672499999996 0.84577603125 0.4371554578125 0.8339882125000001 0.43384785 0.8251473484374999 0.41124586562500004 0.8222003921875001 0.40904079375 0.8192534374999999 0.40407938281250005 0.7868369359375 0.40407938281250005 0.7544204328124999 0.39856670312500003 0.7328094296875001 0.390848953125 0.7200392921875001 0.390848953125 0.699410609375 0.3875413453125 0.6944990171875001 0.3792723265625 0.6944990171875001 0.3754134515625 0.7023575640625 0.3787210578125 0.724950884375 0.378169790625 0.7652259328125 0.3809261296875 0.7721021609375 0.3814773984375 0.7868369359375
2 0.7965821390625 0.9184675828125 0.7982359421874999 0.9194499015625001 0.796949834375 0.923379175 0.799889746875 0.923379175 0.799889746875 0.9194499015625001 0.78941565625 0.9145383109375 0.7883131203125 0.9184675828125 0.791069459375 0.923379175 0.794009371875 0.923379175 0.7965821390625 0.9184675828125
2 0.7546857765625 0.8909626718749999 0.757993384375 0.8889980359375 0.7557883125 0.8811394890625 0.7513781703125 0.8801571703125 0.7386990078125 0.8683693515625001 0.7331863281250001 0.8683693515625001 0.7342888640624999 0.872298625 0.7469680265624999 0.8850687625000001 0.7546857765625 0.8909626718749999
2 0.476846746875 0.5540275046875001 0.4779492828125 0.5422396859374999 0.47353914062499997 0.546168959375 0.4663726578125 0.5658153234375 0.46582138906250004 0.571709234375 0.4696802640625 0.571709234375 0.47188533593750004 0.5677799609374999 0.476846746875 0.5540275046875001
2 0.9140022046875 0.8035363453125001 0.9184123484375 0.8045186640624999 0.9162072765625 0.7956778 0.911245865625 0.7927308453124999 0.9095920625 0.7956778 0.9123484015625 0.79469548125 0.9117971328125 0.7996070734375 0.9140022046875 0.8035363453125001
2 0.8996692390625001 0.788801571875 0.9029768468749999 0.788801571875 0.9007717749999999 0.787819253125 0.8996692390625001 0.788801571875
2 0.8952590953125 0.7711198421875001 0.8831312015625 0.7593320234375 0.8814773984375 0.7652259328125 0.8792723265625 0.7593320234375 0.8792723265625 0.763261296875 0.893054025 0.7789783890625 0.8941565593749999 0.7868369359375 0.8952590953125 0.7711198421875001
2 0.13506063906250002 0.9813359531250001 0.13175303124999999 0.979371315625 0.1295479609375 0.9823182718749999 0.1163175296875 0.9842829078124999 0.117420065625 0.9901768171875001 0.12458654843750001 0.9901768171875001 0.133958103125 0.9872298625000001 0.13506063906250002 0.9813359531250001
2 0.1824696796875 0.9823182718749999 0.19018743124999998 0.9813359531250001 0.19404630625 0.9774066796875 0.1929437703125 0.974459725 0.1708930546875 0.97544204375 0.1686879828125 0.9783889984374999 0.159316428125 0.979371315625 0.1659316421875 0.9823182718749999 0.1824696796875 0.9823182718749999
2 0.1824696796875 0.5088408640625001 0.1824696796875 0.5039292734374999 0.1742006609375 0.49115913593749994 0.173098125 0.4970530453125 0.175854465625 0.5039292734374999 0.1780595375 0.507858546875 0.1824696796875 0.5088408640625001
2 0.1824696796875 0.5039292734374999 0.17861080468749999 0.49901768124999996 0.1725468578125 0.481335953125 0.16979051875 0.479371315625 0.16758544687500002 0.4872298625 0.17861080468749999 0.507858546875 0.18191841250000002 0.5088408640625001 0.1824696796875 0.5039292734374999
0 0.2 0.5296875 0.2046875 0.5296875 0.2078125 0.5359375 0.20625 0.5421875 0.203125 0.5421875 0.1984375 0.5359375 0.2 0.53125