1 0.4173098125 0.610019646875 0.41786108125 0.61394891875 0.4228224921875 0.61394891875 0.42502756406250003 0.610019646875 0.4288864390625 0.6129666015625 0.4327453140625 0.608055009375 0.43329658281250005 0.5943025546875 0.43880926093749995 0.584479371875 0.43880926093749995 0.5726915515625 0.4415656015625 0.5658153234375 0.4432194046875 0.55009823125 0.4465270125 0.545186640625 0.4476295484375 0.53732809375 0.4476295484375 0.52652259375 0.43880926093749995 0.5039292734374999 0.4327453140625 0.504911590625 0.42943770625 0.518664046875 0.42557883125 0.520628684375 0.42116868749999997 0.530451865625 0.42392502812500005 0.576620825 0.42171995625 0.584479371875 0.42116868749999997 0.6001964640625 0.4173098125 0.610019646875
1 0.8180815875 0.6512770140625 0.81863285625 0.635559921875 0.8208379265625 0.6296660125 0.824696803125 0.6306483296875001 0.8340683578125001 0.6552062875 0.834619625 0.673870334375 0.8373759640625 0.673870334375 0.8395810359375 0.6689587421875001 0.83902976875 0.65324165 0.8313120171874999 0.6247544203125 0.828555678125 0.56286836875 0.8180815875 0.5422396859374999 0.8125689078124999 0.544204321875 0.8125689078124999 0.6630648328125 0.8158765156250001 0.6660117875 0.8208379265625 0.6650294703124999 0.8180815875 0.6512770140625
1 0.0424476296875 0.98624754375 0.04134509375 0.9833005890625 0.039691290625 0.96267190625 0.0341786109375 0.9557956781250001 0.025358323437500004 0.9597249515625 0.022601984375000002 0.9656188609375 0.0220507171875 0.9872298625000001 0.0137816984375 0.9960707265625001 0.0132304296875 0.99901768125 0.0485115765625 0.99901768125 0.0463065046875 0.98624754375 0.0424476296875 0.98624754375
1 0.0567805953125 0.8742632609375001 0.0529217203125 0.8762278984374999 0.05181918437500001 0.8811394890625 0.0567805953125 0.8899803531250001 0.05788313125 0.9047151281250001 0.056229328125 0.9145383109375 0.042998896875 0.9410609031250001 0.0424476296875 0.9508840859375001 0.0490628453125 0.979371315625 0.0567805953125 0.9901768171875001 0.05788313125 0.9724950890624999 0.0534729875 0.94793713125 0.055678059375 0.9440078578125 0.07331863281249999 0.9440078578125 0.080485115625 0.9106090375000001 0.0876515984375 0.9106090375000001 0.0882028671875 0.9047151281250001 0.084895259375 0.8811394890625 0.0788313125 0.85854616875 0.0777287765625 0.8428290765625001 0.0711135609375 0.827111984375 0.0711135609375 0.8133595281250001 0.068357221875 0.8084479375000001 0.06174200625 0.8084479375000001 0.056229328125 0.8143418468749999 0.055126792187499996 0.8192534374999999 0.055678059375 0.83300589375 0.059536934374999996 0.8418467578125 0.059536934374999996 0.8555992140625 0.0567805953125 0.8742632609375001
1 0.6295479609375 0.5039292734374999 0.6312017640625001 0.519646365625 0.646637265625 0.517681728125 0.651047409375 0.5284872296875001 0.6576626234375 0.5284872296875001 0.658765159375 0.52455795625 0.6560088203125 0.519646365625 0.654906284375 0.5088408640625001 0.6477398015625 0.49803536406250004 0.6433296578125 0.46267190625000004 0.6389195156249999 0.4440078578125 0.6356119078125 0.441060903125 0.6328555671875 0.4312377203125 0.630099228125 0.428290765625 0.625689084375 0.4312377203125 0.625689084375 0.44891945 0.628445425 0.4587426328125 0.6267916203125 0.49901768124999996 0.6295479609375 0.5039292734374999
1 0.5038588749999999 0.8339882125000001 0.50826901875 0.8369351671875 0.5154355015625 0.8241650296874999 0.5214994484375 0.8055009828124999 0.523153253125 0.7927308453124999 0.5297684671875 0.7789783890625 0.5303197359375 0.7534381140625 0.5336273421875 0.737721021875 0.5358324140625 0.7337917484375 0.5413450937500001 0.7318271125 0.5435501656249999 0.7269155203125 0.542998896875 0.7151277015625 0.531422271875 0.69253438125 0.5336273421875 0.6768172890625 0.5297684671875 0.6699410609374999 0.5226019843749999 0.6748526515625 0.5214994484375 0.69253438125 0.5176405734375 0.6954813359375 0.509922821875 0.712180746875 0.5159867703125001 0.787819253125 0.50826901875 0.82023575625 0.50441014375 0.826129665625 0.5038588749999999 0.8339882125000001
1 0.0997794921875 0.994106090625 0.105843440625 0.98624754375 0.1041896359375 0.9764243609375001 0.1047409046875 0.9656188609375 0.10915104687499999 0.9577603140625 0.113561190625 0.954813359375 0.1163175296875 0.9410609031250001 0.1124586546875 0.92436149375 0.1047409046875 0.9145383109375 0.10363836875000002 0.89882121875 0.09867695625 0.8948919453125 0.0777287765625 0.923379175 0.07331863281249999 0.94891945 0.07331863281249999 0.99901768125 0.09481808124999999 0.99901768125 0.0959206171875 0.995088409375 0.0997794921875 0.994106090625
1 0.16758544687500002 0.5491159140625 0.171444321875 0.5540275046875001 0.17364939375 0.5402750484375 0.1780595375 0.5294695484374999 0.1824696796875 0.5 0.1857772875 0.495088409375 0.18632855625 0.47544204375000004 0.17916207343749999 0.453831040625 0.173098125 0.45284872343749993 0.1604189640625 0.4774066796875 0.1604189640625 0.49115913593749994 0.16482910625 0.5 0.16758544687500002 0.517681728125 0.16758544687500002 0.5491159140625
2 0.016538037499999998 0.9007858546874999 0.0203969125 0.8909626718749999 0.024255789062499998 0.8870333984375 0.0501653796875 0.88605108125 0.0507166484375 0.8821218078124999 0.0464167578125 0.8811394890625 0.045755237500000004 0.8850687625000001 0.042998896875 0.8850687625000001 0.043219404687500004 0.8811394890625 0.0402425578125 0.8850687625000001 0.040022049999999997 0.8811394890625 0.03748621875 0.8850687625000001 0.036824696875 0.8811394890625 0.034729878125 0.8850687625000001 0.033076074999999996 0.8801571703125 0.030319735937499998 0.8801571703125 0.0292172 0.8850687625000001 0.02480705625 0.88605108125 0.024255789062499998 0.8801571703125 0.0176405734375 0.8801571703125 0.0132304296875 0.8850687625000001 0.0110253578125 0.8899803531250001 0.0110253578125 0.8978389 0.012679162499999999 0.9007858546874999 0.016538037499999998 0.9007858546874999
2 0.6063947078124999 0.506876228125 0.6289966921875 0.47347740624999995 0.6229327453125 0.474459725 0.6074972437499999 0.49803536406250004 0.5959206171875 0.5039292734374999 0.5964718859375 0.507858546875 0.6063947078124999 0.506876228125
2 0.1681367140625 0.494106090625 0.1681367140625 0.49901768124999996 0.1824696796875 0.49115913593749994 0.1824696796875 0.4872298625 0.17750826875 0.4872298625 0.1725468578125 0.49115913593749994 0.16097023125 0.492141453125 0.1642778390625 0.49901768124999996 0.1681367140625 0.494106090625
0 0.1397100328125 0.65583300625 0.1398638375 0.6593939093750001 0.14170727656249998 0.6602161093750001 0.14378114687500002 0.65980451875 0.144933296875 0.6592573671874999 0.145240353125 0.6556964640625 0.1443958109375 0.6524086437500001 0.14279162031249998 0.6520933203125 0.14132304375 0.65186149375 0.14017089375 0.6528202359375 0.1397100328125 0.65583300625