1 0.90132304375 0.7662082515625 0.9084895265625 0.7996070734375 0.9084895265625 0.8339882125000001 0.9029768468749999 0.8614931234375 0.902425578125 0.87328094375 0.8980154359375 0.8939096265625001 0.8897464171875 0.9017681734374999 0.890297684375 0.9066797640625 0.8969129 0.9106090375000001 0.9068357218750001 0.8939096265625001 0.9095920625 0.8693516703125 0.9145534734374999 0.8497053046874999 0.9250275640625001 0.851669940625 0.9371554578125 0.8349705296875 0.9492833515625 0.826129665625 0.9448732078125 0.8222003921875001 0.93439911875 0.8222003921875001 0.9283351703125 0.826129665625 0.92557883125 0.8231827109375001 0.9261301 0.8025540281250001 0.929988975 0.7917485265625 0.9310915109375 0.775049115625 0.9288864390624999 0.7593320234375 0.9217199562499999 0.748526521875 0.9228224921875 0.724950884375 0.9211686875 0.7200392921875001 0.9140022046875 0.7170923375 0.9084895265625 0.723968565625 0.9079382578124999 0.7318271125 0.9018743109375 0.7396856578125 0.886438809375 0.7406679765625 0.8792723265625 0.74459725 0.8781697906250001 0.7475442046875 0.882579934375 0.750491159375 0.8996692390625001 0.750491159375 0.90132304375 0.7662082515625
1 0.21719955937500002 0.6257367390625 0.21885336249999998 0.6512770140625 0.22601984531250002 0.671905696875 0.22601984531250002 0.6944990171875001 0.23042998906249998 0.6954813359375 0.2326350609375 0.6895874265625 0.233186328125 0.6777996078124999 0.22932745312499997 0.6571709234374999 0.22712238125 0.65324165 0.22712238125 0.648330059375 0.22987872031249998 0.6434184671875001 0.2370452046875 0.6552062875 0.23869900781250003 0.673870334375 0.2431091515625 0.672888015625 0.2431091515625 0.65225933125 0.2353914 0.634577603125 0.2342888640625 0.61591355625 0.2342888640625 0.60314341875 0.23869900781250003 0.5933202359374999 0.2342888640625 0.5815324171875 0.224917309375 0.5677799609374999 0.22216097031249998 0.5550098234374999 0.21664829062500002 0.5559921421875 0.2155457546875 0.5687622796875 0.2111356125 0.5815324171875 0.212789415625 0.61394891875 0.21719955937500002 0.6257367390625
1 0.0275633953125 0.93516699375 0.0292172 0.9390962671875001 0.035281146875 0.9273084484374999 0.0441014328125 0.9273084484374999 0.047409040624999996 0.93516699375 0.0424476296875 0.9557956781250001 0.042998896875 0.96070726875 0.047409040624999996 0.9616895875000001 0.052370451562499996 0.9528487234374999 0.05181918437500001 0.9302554031250001 0.059536934374999996 0.9145383109375 0.059536934374999996 0.902750490625 0.0507166484375 0.8801571703125 0.039140021875 0.8703339874999999 0.03748621875 0.851669940625 0.030319735937499998 0.8497053046874999 0.023153253125000002 0.8565815328124999 0.0220507171875 0.866404715625 0.027012128125 0.88605108125 0.025909592187500004 0.9125736734375 0.0275633953125 0.93516699375
1 0.0854465265625 0.9911591359375 0.0876515984375 0.99901768125 0.10363836875000002 0.99901768125 0.1047409046875 0.9852652265625 0.1130099234375 0.9656188609375 0.1130099234375 0.9567779953125 0.10859977968750001 0.9449901765625001 0.1102535828125 0.90962671875 0.10749724375 0.9007858546874999 0.10749724375 0.8939096265625001 0.1119073875 0.878192534375 0.106945975 0.8654223968749999 0.100882028125 0.8644400781250001 0.097023153125 0.8683693515625001 0.09536934999999999 0.87328094375 0.09536934999999999 0.8909626718749999 0.0865490625 0.902750490625 0.084895259375 0.9194499015625001 0.0859977953125 0.9557956781250001 0.08379272343750001 0.9666011781250001 0.08379272343750001 0.9833005890625 0.0854465265625 0.9911591359375
1 0.11466372656249998 0.6777996078124999 0.11852260156250001 0.678781925 0.122381478125 0.6581532421875 0.12458654843750001 0.6552062875 0.12624035312499998 0.64145383125 0.1295479609375 0.633595284375 0.13009922812500002 0.6198428296875 0.134509371875 0.608055009375 0.1372657109375 0.58840864375 0.1372657109375 0.5795677796875001 0.1334068359375 0.5677799609374999 0.1334068359375 0.55009823125 0.1273428890625 0.55009823125 0.12403528125 0.5618860515625 0.1168687984375 0.5687622796875 0.113561190625 0.57760314375 0.11466372656249998 0.6110019640625 0.11852260156250001 0.635559921875 0.1130099234375 0.671905696875 0.11466372656249998 0.6777996078124999
1 0.7431091515625 0.5913555984375 0.7508269015625 0.5923379171875001 0.7519294375000001 0.584479371875 0.74751929375 0.57760314375 0.74751929375 0.5726915515625 0.7486218296875 0.570726915625 0.7519294375000001 0.57563850625 0.7530319734375001 0.5677799609374999 0.75633958125 0.56286836875 0.7590959203125001 0.56286836875 0.7695700109375 0.5795677796875001 0.7717750828125001 0.5913555984375 0.775082690625 0.5923379171875001 0.77673649375 0.5795677796875001 0.7657111359375001 0.558939096875 0.76405733125 0.544204321875 0.7646086000000001 0.5157170921875001 0.7552370453125 0.481335953125 0.750275634375 0.482318271875 0.7486218296875 0.49803536406250004 0.7447629546875 0.51178781875 0.7491730984375 0.5284872296875001 0.750275634375 0.56286836875 0.7425578828125 0.583497053125 0.7431091515625 0.5913555984375
1 0.985667034375 0.6768172890625 0.97905181875 0.6817288796875001 0.97905181875 0.685658153125 0.9867695703124999 0.6935167 0.9917309812499999 0.6895874265625 0.9928335171875 0.6748526515625 0.9944873203125001 0.671905696875 0.9994487328125 0.671905696875 0.9994487328125 0.55108055 0.9906284453125 0.55009823125 0.9884233734375 0.5530451859375 0.9867695703124999 0.5815324171875 0.9807056234375 0.5923379171875001 0.981256890625 0.597249509375 0.9862183015625 0.6060903734374999 0.9867695703124999 0.6699410609374999 0.985667034375 0.6768172890625
1 0.9029768468749999 0.7829076625 0.9035281140625001 0.7711198421875001 0.8991179718750001 0.770137525 0.902425578125 0.762278978125 0.9007717749999999 0.7583497046875001 0.8996692390625001 0.7603143421875 0.898566703125 0.7711198421875001 0.8919514890625001 0.7956778 0.8980154359375 0.79469548125 0.9029768468749999 0.7829076625
1 0.8952590953125 0.735756384375 0.9035281140625001 0.736738703125 0.907386990625 0.7278978390625 0.9095920625 0.6964636546875 0.9123484015625 0.6827111984374999 0.9228224921875 0.6817288796875001 0.9211686875 0.6660117875 0.9095920625 0.646365421875 0.9084895265625 0.627701375 0.9040793828125 0.622789784375 0.8996692390625001 0.62671905625 0.8980154359375 0.64243615 0.8880926125 0.65324165 0.8836824703125 0.6689587421875001 0.8836824703125 0.6768172890625 0.8891951484374999 0.685658153125 0.890848953125 0.710216109375 0.8952590953125 0.735756384375
1 0.647188534375 0.736738703125 0.6504961406249999 0.7288801578124999 0.6515986765624999 0.729862475 0.6515986765624999 0.7789783890625 0.65325248125 0.7838899796875001 0.6637265718750001 0.7838899796875001 0.6598676953125 0.770137525 0.6604189640625 0.7465618859375 0.6637265718750001 0.7337917484375 0.6637265718750001 0.7141453828125 0.6615215 0.6964636546875 0.665380375 0.6905697453124999 0.6681367140625001 0.6777996078124999 0.6681367140625001 0.6561886046875001 0.6642778390624999 0.635559921875 0.6565600875000001 0.635559921875 0.65325248125 0.659135559375 0.6499448734375 0.6640471515625 0.6438809265625001 0.6660117875 0.64002205 0.672888015625 0.6389195156249999 0.7161100203124999 0.636163175 0.719056975 0.6334068359375 0.711198428125 0.628445425 0.711198428125 0.625689084375 0.7151277015625 0.625689084375 0.723968565625 0.633958103125 0.7278978390625 0.6389195156249999 0.736738703125 0.647188534375 0.736738703125
1 0.5694597578125 0.51178781875 0.5694597578125 0.50098231875 0.5711135609375 0.5 0.57442116875 0.507858546875 0.5733186328125 0.5225933203124999 0.5777287765625 0.52455795625 0.58213891875 0.49901768124999996 0.58213891875 0.47544204375000004 0.584895259375 0.46561886093749993 0.5832414546875 0.43222003906250006 0.5777287765625 0.41159135625000004 0.5738699 0.4106090375 0.572216096875 0.415520628125 0.56560088125 0.47249508906250004 0.5611907390625 0.48330058906250006 0.5633958109375 0.5039292734374999 0.5606394703124999 0.5157170921875001 0.5678059531249999 0.5157170921875001 0.5694597578125 0.51178781875
1 0.13175303124999999 0.9823182718749999 0.1295479609375 0.9774066796875 0.13009922812500002 0.94990176875 0.12624035312499998 0.9449901765625001 0.12127894218749999 0.9459724953125 0.114112459375 0.9577603140625 0.113561190625 0.97347740625 0.1047409046875 0.98821218125 0.1041896359375 0.99901768125 0.142778390625 0.99901768125 0.14002205 0.98821218125 0.13175303124999999 0.9823182718749999
2 0.5640625 0.48125 0.01015625 0.053125
2 0.740625 0.49375 0.7375 0.4890625 0.7390625 0.4765625 0.7421875 0.475 0.740625 0.4921875
2 0.7453125 0.5203125 0.740625 0.5125 0.740625 0.4984375 0.7375 0.490625 0.740625 0.4765625 0.7421875 0.4765625 0.740625 0.490625 0.7484375 0.5140625 0.7484375 0.5234375 0.746875 0.5203125
2 0.56875 0.45625 0.5671875 0.478125 0.5640625 0.4828125 0.5609375 0.48125 0.5609375 0.4765625 0.5640625 0.4734375 0.5640625 0.4671875 0.56875 0.4578125
2 0.1375 0.925 0.140625 0.9375 0.140625 0.9671875 0.1421875 0.96875 0.140625 0.975 0.1421875 0.9890625 0.140625 0.99375 0.1375 0.9859375 0.1375 0.95 0.1359375 0.9484375 0.1375 0.9265625
2 0.7421875 0.49765625 0.0125 0.0453125
2 0.1375 0.628125 0.1421875 0.628125 0.146875 0.6328125 0.15 0.640625 0.1484375 0.6453125 0.140625 0.6375 0.1375 0.6296875
2 0.9671875 0.5828125 0.98125 0.5875 0.98125 0.5921875 0.971875 0.5921875 0.9671875 0.5890625 0.965625 0.5859375 0.9671875 0.584375
2 0.56875 0.453125 0.5671875 0.5046875 0.5609375 0.50625 0.5609375 0.4875 0.559375 0.4859375 0.559375 0.4796875 0.5640625 0.471875 0.56875 0.4546875
2 0.740625 0.4765625 0.7421875 0.4765625 0.740625 0.490625 0.7453125 0.5046875 0.7421875 0.5078125 0.7375 0.490625 0.7375 0.484375 0.740625 0.478125
0 0.171875 0.65625 0.1734375 0.6625 0.171875 0.6640625 0.1703125 0.6625 0.1703125 0.6578125