1 0.5077177515625 0.5913555984375 0.5038588749999999 0.597249509375 0.5038588749999999 0.61394891875 0.51212789375 0.6365422390625 0.5093715546875 0.65225933125 0.5110253578124999 0.6552062875 0.5165380374999999 0.6552062875 0.52094818125 0.6512770140625 0.5226019843749999 0.63948919375 0.5292171999999999 0.6306483296875001 0.5292171999999999 0.6237721015625 0.5259095921875 0.6188605109374999 0.5214994484375 0.60314341875 0.5214994484375 0.5923379171875001 0.5259095921875 0.5785854609375 0.5275633953125001 0.56286836875 0.52480705625 0.53732809375 0.52094818125 0.5216110015625001 0.5126791625 0.507858546875 0.5115766265625 0.5 0.5038588749999999 0.49803536406250004 0.5027563390625 0.506876228125 0.509922821875 0.5471512765625001 0.509922821875 0.5785854609375 0.5077177515625 0.5913555984375
1 0.8417861078125 0.519646365625 0.8439911796875 0.492141453125 0.8478500546875001 0.4872298625 0.8517089312499999 0.49901768124999996 0.8588754140624999 0.5039292734374999 0.8638368249999999 0.5127701375 0.8649393609375 0.525540275 0.8687982359375 0.525540275 0.8687982359375 0.507858546875 0.8649393609375 0.5 0.8561190734374999 0.49115913593749994 0.8561190734374999 0.47544204375000004 0.85997795 0.4616895875 0.861080484375 0.4312377203125 0.8561190734374999 0.3889980359375 0.8522601984374999 0.389980353125 0.848952590625 0.40176817343750004 0.8461962515625 0.4263261296875 0.844542446875 0.429273084375 0.8434399125 0.45284872343749993 0.83902976875 0.46267190625000004 0.8379272328124999 0.507858546875 0.834619625 0.519646365625 0.8379272328124999 0.5235756390625 0.8417861078125 0.519646365625
1 0.8897464171875 0.6149312375 0.8897464171875 0.634577603125 0.885887540625 0.6453831046875 0.8869900765625 0.659135559375 0.8919514890625001 0.671905696875 0.9084895265625 0.6777996078124999 0.9167585453125 0.6768172890625 0.9206174203125 0.671905696875 0.9200661515625 0.6620825140625 0.9173098124999999 0.6552062875 0.9178610812500001 0.622789784375 0.9002205078125 0.5874263265625 0.8963616312499999 0.5726915515625 0.886438809375 0.5726915515625 0.885887540625 0.584479371875 0.886438809375 0.5913555984375 0.8891951484374999 0.5943025546875 0.8897464171875 0.6149312375
1 0.0589856671875 0.85854616875 0.0589856671875 0.8644400781250001 0.052370451562499996 0.878192534375 0.05126791562500001 0.8880157171875 0.0446527015625 0.8978389 0.0385887546875 0.9165029468749999 0.034729878125 0.9390962671875001 0.0275633953125 0.94891945 0.0275633953125 0.9528487234374999 0.0319735390625 0.9577603140625 0.03693495 0.953831040625 0.042998896875 0.9361493125000001 0.0441014328125 0.9273084484374999 0.0749724359375 0.8811394890625 0.09040793750000001 0.88605108125 0.0981256890625 0.902750490625 0.0997794921875 0.917485265625 0.1047409046875 0.9361493125000001 0.11135611875 0.93516699375 0.113561190625 0.92239685625 0.106945975 0.8948919453125 0.1025358328125 0.8811394890625 0.09481808124999999 0.87131630625 0.09206174218749999 0.8595284875000001 0.09151047343749999 0.84675835 0.09536934999999999 0.8369351671875 0.09536934999999999 0.8222003921875001 0.0854465265625 0.801571709375 0.0711135609375 0.7956778 0.067805953125 0.7789783890625 0.0611907390625 0.7779960703125 0.056229328125 0.78192534375 0.0567805953125 0.8055009828124999 0.05126791562500001 0.8241650296874999 0.05126791562500001 0.832023575 0.0589856671875 0.85854616875
1 0.29382579999999997 0.761296659375 0.29603087031249997 0.7475442046875 0.3004410140625 0.737721021875 0.30374862187499996 0.7337917484375 0.3114663734375 0.735756384375 0.31367144375 0.7406679765625 0.3125689078125 0.7524557953125 0.31642778437499997 0.7593320234375 0.3219404625 0.7917485265625 0.32414553437500004 0.79469548125 0.326901875 0.7907662078125 0.3274531421875 0.7779960703125 0.3219404625 0.7583497046875001 0.328555678125 0.7524557953125 0.332414553125 0.7416502953124999 0.3649393609375 0.737721021875 0.37982359374999997 0.7406679765625 0.3809261296875 0.736738703125 0.37651598750000004 0.729862475 0.3605292171875 0.724950884375 0.34840132343749997 0.724950884375 0.3384785 0.711198428125 0.3230429984375 0.698428290625 0.3213891953125 0.6915520625 0.3379272328125 0.671905696875 0.33902976875 0.6640471515625 0.33131201718750003 0.6660117875 0.31642778437499997 0.6817288796875001 0.308158765625 0.686640471875 0.30319735468750003 0.6944990171875001 0.2982359421875 0.6915520625 0.29272326406250004 0.6915520625 0.2905181921875 0.6944990171875001 0.29382579999999997 0.722986246875 0.291069459375 0.7347740671875 0.28941565625 0.762278978125 0.29382579999999997 0.761296659375
1 0.646637265625 0.5147347734375 0.6477398015625 0.5235756390625 0.6460859984375 0.5491159140625 0.6433296578125 0.5618860515625 0.647188534375 0.5667976421875001 0.6515986765624999 0.558939096875 0.654906284375 0.557956778125 0.659316428125 0.5687622796875 0.6642778390624999 0.60117878125 0.6686879828125 0.60117878125 0.6681367140625001 0.5815324171875 0.6637265718750001 0.5491159140625 0.66482910625 0.47249508906250004 0.6543550171875 0.4616895875 0.6482910687500001 0.4616895875 0.6444321937499999 0.469548134375 0.6477398015625 0.479371315625 0.6477398015625 0.494106090625 0.642227121875 0.51178781875 0.646637265625 0.5147347734375
1 0.597023153125 0.530451865625 0.5997794921875 0.533398821875 0.600882028125 0.5412573671875001 0.59536935 0.5550098234374999 0.59536935 0.56286836875 0.597023153125 0.570726915625 0.60363836875 0.584479371875 0.601433296875 0.6021611 0.6025358328125 0.6051080546875001 0.606945975 0.6051080546875001 0.6146637265625 0.5943025546875 0.6212789421875 0.5913555984375 0.617420065625 0.584479371875 0.6163175296875 0.5726915515625 0.6124586546875 0.558939096875 0.6130099234374999 0.546168959375 0.6157662625 0.5343811390625001 0.6157662625 0.517681728125 0.6130099234374999 0.504911590625 0.6041896359375001 0.4872298625 0.5997794921875 0.48526522656250004 0.5981256890625 0.481335953125 0.59481808125 0.481335953125 0.592613009375 0.48624754374999996 0.59481808125 0.5157170921875001 0.5904079375 0.5353634578124999 0.5920617421875 0.5363457765625 0.597023153125 0.530451865625
1 0.633958103125 0.5815324171875 0.638368246875 0.6060903734374999 0.6389195156249999 0.6237721015625 0.636163175 0.63948919375 0.636163175 0.6561886046875001 0.6433296578125 0.6650294703124999 0.642227121875 0.6836935171875 0.651047409375 0.684675834375 0.6543550171875 0.6817288796875001 0.654906284375 0.6777996078124999 0.6477398015625 0.64145383125 0.65711135625 0.6178781921875001 0.6565600875000001 0.597249509375 0.6477398015625 0.570726915625 0.6433296578125 0.5638506875 0.6372657109375 0.5618860515625 0.630099228125 0.55009823125 0.625689084375 0.55009823125 0.6229327453125 0.5540275046875001 0.622381478125 0.558939096875 0.6251378171875001 0.570726915625 0.630099228125 0.5726915515625 0.633958103125 0.5815324171875
1 0.5226019843749999 0.48624754374999996 0.526460859375 0.47347740624999995 0.533076075 0.4616895875 0.53748621875 0.46267190625000004 0.5413450937500001 0.47053045156250006 0.5418963609375 0.47838899843749993 0.539691290625 0.4872298625 0.5402425578125001 0.51178781875 0.5363836828124999 0.5284872296875001 0.5385887546875 0.532416503125 0.542998896875 0.532416503125 0.5468577734375 0.52652259375 0.5573318640625 0.530451865625 0.56615215 0.5294695484374999 0.568357221875 0.52455795625 0.56615215 0.5157170921875001 0.5678059531249999 0.5039292734374999 0.5567805953125 0.4715127703125 0.555678059375 0.44007858593750004 0.535281146875 0.423379175 0.5303197359375 0.42436149375000004 0.5292171999999999 0.429273084375 0.5292171999999999 0.44990176875000004 0.5214994484375 0.47053045156250006 0.5203969125000001 0.481335953125 0.5226019843749999 0.48624754374999996
1 0.56615215 0.49803536406250004 0.56615215 0.5039292734374999 0.5633958109375 0.51178781875 0.563947078125 0.519646365625 0.5667034171875 0.519646365625 0.57442116875 0.5039292734374999 0.5771775078125 0.5088408640625001 0.5771775078125 0.520628684375 0.5837927234375 0.520628684375 0.5859977953125 0.5127701375 0.5826901875 0.506876228125 0.58213891875 0.49607072656250006 0.5788313125 0.49115913593749994 0.5777287765625 0.4842829078125 0.5815876515625 0.474459725 0.584895259375 0.47249508906250004 0.584895259375 0.468565815625 0.5727673656250001 0.42730844843750004 0.5667034171875 0.42239685624999995 0.5611907390625 0.41159135625000004 0.5567805953125 0.41159135625000004 0.5551267921874999 0.416502946875 0.5545755234375 0.42436149375000004 0.55788313125 0.43516699374999995 0.5562293281249999 0.46561886093749993 0.56615215 0.49803536406250004
1 0.295479603125 0.506876228125 0.295479603125 0.517681728125 0.29272326406250004 0.5294695484374999 0.295479603125 0.5363457765625 0.29603087031249997 0.545186640625 0.291069459375 0.5559921421875 0.291069459375 0.5599214140625 0.29933847812500003 0.5618860515625 0.3042998890625 0.5550098234374999 0.30154355 0.5363457765625 0.30319735468750003 0.531434184375 0.31367144375 0.5294695484374999 0.31587651562499997 0.52455795625 0.3131201765625 0.5157170921875001 0.3125689078125 0.504911590625 0.29988974687500003 0.466601178125 0.291069459375 0.45776031406250006 0.2850055125 0.46267190625000004 0.2850055125 0.47249508906250004 0.28941565625 0.481335953125 0.29272326406250004 0.50098231875 0.295479603125 0.506876228125
2 0.5694597578125 0.55009823125 0.5633958109375 0.5383104125 0.559536934375 0.53929273125 0.5589856671875 0.544204321875 0.562293275 0.5540275046875001 0.5694597578125 0.5550098234374999 0.5694597578125 0.55009823125
2 0.2574421171875 0.7917485265625 0.2557883125 0.7907662078125 0.23869900781250003 0.7907662078125 0.2348401328125 0.7937131625 0.2342888640625 0.800589390625 0.23594266875 0.801571709375 0.2574421171875 0.7956778 0.2574421171875 0.7917485265625
2 0.6146637265625 0.6385068765625 0.6185226015625 0.6326129671875 0.6207276734375 0.6385068765625 0.626240353125 0.627701375 0.6229327453125 0.6247544203125 0.6245865484374999 0.621807465625 0.630099228125 0.621807465625 0.628445425 0.6149312375 0.634509371875 0.6149312375 0.6350606390625 0.609037328125 0.6317530312499999 0.609037328125 0.622381478125 0.6247544203125 0.6245865484374999 0.6296660125 0.6185226015625 0.6316306484374999 0.6080485109375 0.648330059375 0.5964718859375 0.6493123765625 0.597023153125 0.6561886046875001 0.6080485109375 0.659135559375 0.617420065625 0.6434184671875001 0.6146637265625 0.6385068765625