1 0.43439911875000004 0.686640471875 0.43439911875000004 0.699410609375 0.4305402421875 0.7072691546875001 0.4305402421875 0.712180746875 0.432194046875 0.7151277015625 0.43550165312500005 0.711198428125 0.4371554578125 0.7161100203124999 0.43880926093749995 0.7406679765625 0.44266813593750004 0.761296659375 0.43439911875000004 0.770137525 0.43439911875000004 0.777013753125 0.44432194062499997 0.7789783890625 0.44597574375000004 0.78192534375 0.44046306562500004 0.79469548125 0.45203969062500005 0.7956778 0.4536934953125 0.787819253125 0.45203969062500005 0.7789783890625 0.45038588749999997 0.7337917484375 0.45314222656250003 0.7033398828124999 0.4492833515625 0.6895874265625 0.4465270125 0.6571709234374999 0.43880926093749995 0.646365421875 0.436052921875 0.635559921875 0.429988975 0.635559921875 0.4288864390625 0.6512770140625 0.43109151093750003 0.661100196875 0.43164277812499996 0.6777996078124999 0.43439911875000004 0.686640471875
1 0.5170893046875 0.5658153234375 0.514332965625 0.584479371875 0.5154355015625 0.58840864375 0.5198456453125 0.58840864375 0.5259095921875 0.55108055 0.5303197359375 0.5422396859374999 0.5336273421875 0.5284872296875001 0.5341786109375 0.506876228125 0.5275633953125001 0.492141453125 0.5259095921875 0.47838899843749993 0.52094818125 0.47838899843749993 0.5176405734375 0.49115913593749994 0.5132304296875 0.4970530453125 0.509922821875 0.507858546875 0.5093715546875 0.5166994109374999 0.5126791625 0.525540275 0.5132304296875 0.5422396859374999 0.5170893046875 0.5658153234375
1 0.9470782796874999 0.6768172890625 0.9415656015625 0.6836935171875 0.9432194046875001 0.7023575640625 0.9399117968749999 0.711198428125 0.9470782796874999 0.7406679765625 0.9404630656249999 0.750491159375 0.9437706718750001 0.75638506875 0.9520396906249999 0.761296659375 0.9514884234375 0.76915520625 0.9470782796874999 0.7730844796875 0.9465270125 0.7789783890625 0.9492833515625 0.78192534375 0.956449834375 0.78192534375 0.960859978125 0.7789783890625 0.9581036390625 0.7288801578124999 0.9636163171875 0.7141453828125 0.9658213890624999 0.6886051078125 0.9597574421875 0.65225933125 0.9520396906249999 0.6385068765625 0.9503858875000001 0.622789784375 0.9476295484374999 0.6178781921875001 0.9399117968749999 0.6188605109374999 0.9399117968749999 0.635559921875 0.944321940625 0.6444007859374999 0.9470782796874999 0.6699410609374999 0.9470782796874999 0.6768172890625
1 0.089305403125 0.8349705296875 0.0876515984375 0.8487229859375001 0.09371554531250001 0.8673870328125 0.09536934999999999 0.89685658125 0.099228225 0.8978389 0.1003307609375 0.8939096265625001 0.1003307609375 0.872298625 0.0981256890625 0.851669940625 0.1025358328125 0.8379174859375 0.106945975 0.8388998031250001 0.10970231562499999 0.84577603125 0.117971334375 0.852652259375 0.1295479609375 0.88605108125 0.13009922812500002 0.89685658125 0.138919515625 0.89685658125 0.14002205 0.8850687625000001 0.13506063906250002 0.878192534375 0.1289966921875 0.852652259375 0.122381478125 0.8398821218749999 0.12072767343749999 0.827111984375 0.1130099234375 0.80746561875 0.1124586546875 0.775049115625 0.106945975 0.7671905703124999 0.1025358328125 0.7662082515625 0.09867695625 0.750491159375 0.09206174218749999 0.750491159375 0.09040793750000001 0.7544204328124999 0.09095920625000001 0.7721021609375 0.084895259375 0.788801571875 0.084895259375 0.800589390625 0.089305403125 0.8349705296875
1 0.452590959375 0.622789784375 0.45479603125 0.6257367390625 0.4619625140625 0.6257367390625 0.46471885312500005 0.622789784375 0.46416758593749996 0.6060903734374999 0.46582138906250004 0.5943025546875 0.4707828 0.60117878125 0.4707828 0.616895875 0.4740904078125 0.616895875 0.4779492828125 0.6021611 0.4696802640625 0.5864440078125 0.4674751921875 0.57760314375 0.4724366046875 0.55108055 0.47739801562500006 0.5530451859375 0.4779492828125 0.545186640625 0.46471885312500005 0.5029469546875001 0.46416758593749996 0.495088409375 0.4619625140625 0.492141453125 0.45644983437500003 0.494106090625 0.45644983437500003 0.532416503125 0.45479603125 0.5422396859374999 0.45755237031249996 0.55108055 0.457001103125 0.57563850625 0.45920617343750003 0.609037328125 0.452590959375 0.622789784375
1 0.1295479609375 0.5235756390625 0.12568908437499998 0.53732809375 0.12403528125 0.56286836875 0.1267916203125 0.5658153234375 0.1295479609375 0.5618860515625 0.1312017640625 0.5343811390625001 0.13506063906250002 0.5225933203124999 0.138368246875 0.519646365625 0.1416758546875 0.519646365625 0.1433296578125 0.5235756390625 0.151047409375 0.55108055 0.15214994531249998 0.5609037328124999 0.15711135625 0.5618860515625 0.158765159375 0.5550098234374999 0.15325248125 0.53929273125 0.14663726562499999 0.506876228125 0.1488423375 0.494106090625 0.1488423375 0.47838899843749993 0.1477398015625 0.469548134375 0.1438809265625 0.46070726874999995 0.1433296578125 0.44891945 0.136163175 0.44990176875000004 0.134509371875 0.4616895875 0.12568908437499998 0.47838899843749993 0.12568908437499998 0.49115913593749994 0.1289966921875 0.49607072656250006 0.13009922812500002 0.5108055015625 0.1295479609375 0.5235756390625
1 0.9128996687500001 0.597249509375 0.9162072765625 0.6110019640625 0.9162072765625 0.622789784375 0.9145534734374999 0.62671905625 0.9173098124999999 0.6306483296875001 0.923925028125 0.6306483296875001 0.9266813671874999 0.63948919375 0.9305402421875 0.63948919375 0.93439911875 0.633595284375 0.9288864390624999 0.595284871875 0.929988975 0.5559921421875 0.9327453140624999 0.5294695484374999 0.9294377062500001 0.51375245625 0.9261301 0.506876228125 0.92557883125 0.495088409375 0.923925028125 0.492141453125 0.9184123484375 0.492141453125 0.915656009375 0.5039292734374999 0.9134509375000001 0.546168959375 0.9095920625 0.5530451859375 0.9128996687500001 0.5618860515625 0.9128996687500001 0.597249509375
1 0.9128996687500001 0.994106090625 0.915656009375 0.99901768125 0.9117971328125 0.9891944984375 0.911245865625 0.9783889984374999 0.90904079375 0.9724950890624999 0.9057331859375 0.9656188609375 0.9002205078125 0.96070726875 0.898566703125 0.9400785859375 0.8941565593749999 0.9312377203125 0.8831312015625 0.9322200390625 0.8820286656249999 0.9400785859375 0.8847850062499999 0.9567779953125 0.8781697906250001 0.9636542234375 0.8748621828124999 0.97544204375 0.8737596468750001 0.9852652265625 0.8765159875 0.99901768125 0.9128605296875 0.99901768125 0.9128996687500001 0.994106090625
1 0.9994487328125 0.94891945 0.9944873203125001 0.94990176875 0.9906284453125 0.9567779953125 0.9867695703124999 0.9833005890625 0.9845644984374999 0.98624754375 0.9762954796875001 0.9872298625000001 0.97519294375 0.995088409375 0.976846746875 0.99901768125 0.9994487328125 0.99901768125 0.9994487328125 0.94891945
1 0.6334068359375 0.671905696875 0.6289966921875 0.6777996078124999 0.6334068359375 0.6817288796875001 0.638368246875 0.6807465625 0.64002205 0.6777996078124999 0.64002205 0.6630648328125 0.647188534375 0.6561886046875001 0.647188534375 0.65225933125 0.6438809265625001 0.646365421875 0.6433296578125 0.6365422390625 0.6504961406249999 0.6149312375 0.6504961406249999 0.5982318265625 0.6521499453125 0.5923379171875001 0.651047409375 0.5726915515625 0.6449834625 0.557956778125 0.6449834625 0.546168959375 0.6433296578125 0.5412573671875001 0.6394707828125 0.5402750484375 0.6356119078125 0.544204321875 0.634509371875 0.610019646875 0.630099228125 0.62671905625 0.630099228125 0.6375245578125 0.633958103125 0.648330059375 0.634509371875 0.659135559375 0.6334068359375 0.671905696875
1 0.976846746875 0.5491159140625 0.9807056234375 0.5422396859374999 0.981808159375 0.5343811390625001 0.9823594265625 0.492141453125 0.9867695703124999 0.474459725 0.9884233734375 0.4587426328125 0.9779492828125 0.430255403125 0.973539140625 0.43222003906250006 0.9724366046874999 0.443025540625 0.9691289968750001 0.44990176875000004 0.9680264609375 0.4774066796875 0.96306505 0.5 0.9652701218749999 0.546168959375 0.976846746875 0.5491159140625
1 0.5777287765625 0.6257367390625 0.5804851156249999 0.6365422390625 0.5793825796875 0.6434184671875001 0.58213891875 0.6571709234374999 0.5826901875 0.671905696875 0.5777287765625 0.6817288796875001 0.5788313125 0.684675834375 0.5854465265625 0.685658153125 0.5865490624999999 0.6935167 0.5937155453125 0.6935167 0.5959206171875 0.685658153125 0.59536935 0.64145383125 0.5986769562500001 0.634577603125 0.601433296875 0.6060903734374999 0.59481808125 0.576620825 0.59095920625 0.5687622796875 0.58710033125 0.5667976421875001 0.5843439906250001 0.5550098234374999 0.5788313125 0.55108055 0.5749724359374999 0.5550098234374999 0.5749724359374999 0.56286836875 0.5771775078125 0.570726915625 0.5777287765625 0.6257367390625
1 0.8213891953125 0.995088409375 0.8213891953125 0.9724950890624999 0.8158765156250001 0.9469548140624999 0.8125689078124999 0.9440078578125 0.8070562296875 0.9449901765625001 0.8042998890625 0.94990176875 0.8026460859375 0.969548134375 0.8004410140625 0.9764243609375001 0.7960308703125001 0.980353634375 0.7905181921875 0.9783889984374999 0.7877618515625 0.98821218125 0.787210584375 0.995088409375 0.78941565625 0.99901768125 0.8197353906249999 0.99901768125 0.8213891953125 0.995088409375
2 0.0876515984375 0.8438113953125 0.08213891875 0.84774066875 0.08213891875 0.8567125078125001 0.0859977953125 0.851669940625 0.0876515984375 0.8438113953125
2 0.0777287765625 0.8624754421875 0.08159364375 0.8574250453125 0.07828004375 0.8565815328124999 0.0777287765625 0.8624754421875
2 0.9206174203125 0.7151277015625 0.9228224921875 0.711198428125 0.9250275640625001 0.7161100203124999 0.93439911875 0.7072691546875001 0.94211686875 0.698428290625 0.9432194046875001 0.6915520625 0.9388092609375001 0.6915520625 0.9244762953125001 0.710216109375 0.9040793828125 0.7210216109375 0.9002205078125 0.7200392921875001 0.8996692390625001 0.7278978390625 0.9079382578124999 0.735756384375 0.9222712234375001 0.7200392921875001 0.9206174203125 0.7151277015625
2 0.150496140625 0.517681728125 0.150496140625 0.51375245625 0.14718853437499999 0.507858546875 0.1416758546875 0.507858546875 0.1416758546875 0.51178781875 0.1449834625 0.5166994109374999 0.150496140625 0.517681728125
2 0.42171995625 0.7455795671875001 0.4200661515625 0.736738703125 0.42171995625 0.7337917484375 0.4140022046875 0.7455795671875001 0.40463065 0.749508840625 0.40518191875 0.7583497046875001 0.41675854531249995 0.7583497046875001 0.4184123484375 0.750491159375 0.42171995625 0.7455795671875001
2 0.064498346875 0.9017681734374999 0.0667034171875 0.8939096265625001 0.0667034171875 0.8889980359375 0.064498346875 0.8880157171875 0.052370451562499996 0.8899803531250001 0.0490628453125 0.8948919453125 0.0490628453125 0.9007858546874999 0.0529217203125 0.9047151281250001 0.064498346875 0.9017681734374999
2 0.13561190781250002 0.507858546875 0.1488423375 0.5166994109374999 0.1449834625 0.504911590625 0.13561190781250002 0.5029469546875001 0.13009922812500002 0.49115913593749994 0.1273428890625 0.49115913593749994 0.1273428890625 0.494106090625 0.1289966921875 0.494106090625 0.13561190781250002 0.507858546875
2 0.6334068359375 0.6021611 0.6212789421875 0.622789784375 0.62029115 0.63247073125 0.6328555671875 0.616895875 0.6334068359375 0.6021611
2 0.6201764062499999 0.633595284375 0.6146637265625 0.635559921875 0.6124586546875 0.63948919375 0.6124586546875 0.647347740625 0.6196251375 0.647347740625 0.622381478125 0.6434184671875001 0.6245865484374999 0.63948919375 0.6240352812500001 0.6365422390625 0.6202672031249999 0.6327054203125 0.6201764062499999 0.633595284375
2 0.572216096875 0.63948919375 0.5727673656250001 0.635559921875 0.5711135609375 0.63948919375 0.5689084890625 0.635559921875 0.5667034171875 0.6365422390625 0.5562293281249999 0.65225933125 0.5474090406250001 0.65324165 0.5446527015625 0.6571709234374999 0.5485115765625 0.6640471515625 0.5551267921874999 0.6640471515625 0.572216096875 0.63948919375
2 0.78941565625 0.99901768125 0.7943770671875 0.9911591359375 0.7921719953124999 0.9783889984374999 0.7877618515625 0.9823182718749999 0.787210584375 0.9724950890624999 0.7921719953124999 0.969548134375 0.791069459375 0.9332023578124999 0.7949283359375 0.923379175 0.795479603125 0.9076620828124999 0.791069459375 0.9066797640625 0.7866593171875 0.9204322203125 0.787210584375 0.9852652265625 0.7822491734375 0.994106090625 0.7822491734375 0.99901768125 0.78941565625 0.99901768125
2 0.633958103125 0.610019646875 0.6317530312499999 0.6051080546875001 0.633958103125 0.6041257375 0.6334068359375 0.6021611 0.626240353125 0.6110019640625 0.6212789421875 0.622789784375 0.6207276734375 0.627701375 0.622381478125 0.6296660125 0.630650496875 0.6178781921875001 0.633958103125 0.610019646875