1 0.4663726578125 0.6051080546875001 0.46582138906250004 0.609037328125 0.4707828 0.6110019640625 0.4746416765625 0.6188605109374999 0.4740904078125 0.647347740625 0.4746416765625 0.6512770140625 0.4779492828125 0.65324165 0.481256890625 0.6493123765625 0.48070562343749995 0.6316306484374999 0.48291069531249997 0.6051080546875001 0.489525909375 0.5815324171875 0.49117971406249994 0.5667976421875001 0.49558985624999996 0.558939096875 0.4966923921875 0.55108055 0.49117971406249994 0.5343811390625001 0.49007717812499996 0.52455795625 0.4873208375 0.520628684375 0.4823594265625 0.520628684375 0.4707828 0.55009823125 0.47353914062499997 0.5677799609374999 0.47353914062499997 0.5943025546875 0.4724366046875 0.6001964640625 0.4663726578125 0.6051080546875001
1 0.022601984375000002 0.7996070734375 0.026460859375 0.800589390625 0.030319735937499998 0.7956778 0.033076074999999996 0.7868369359375 0.0336273421875 0.777013753125 0.0380374859375 0.7583497046875001 0.039691290625 0.7347740671875 0.045755237500000004 0.7033398828124999 0.0463065046875 0.685658153125 0.0418963609375 0.673870334375 0.0418963609375 0.6571709234374999 0.034729878125 0.6571709234374999 0.030319735937499998 0.6699410609374999 0.02094818125 0.685658153125 0.018743109375 0.6944990171875001 0.018743109375 0.711198428125 0.023153253125000002 0.75638506875 0.0220507171875 0.7966601171875001 0.022601984375000002 0.7996070734375
1 0.783351709375 0.6198428296875 0.7877618515625 0.6237721015625 0.7921719953124999 0.622789784375 0.7921719953124999 0.6110019640625 0.7949283359375 0.6060903734374999 0.7982359421874999 0.6060903734374999 0.80595369375 0.620825146875 0.8081587656250001 0.620825146875 0.8081587656250001 0.6051080546875001 0.8015435500000001 0.60117878125 0.7960308703125001 0.5913555984375 0.799889746875 0.5540275046875001 0.8037486218750001 0.545186640625 0.8037486218750001 0.5383104125 0.7927232640625 0.519646365625 0.791069459375 0.51178781875 0.7861080484375 0.51178781875 0.7839029765625 0.5166994109374999 0.7850055125 0.5402750484375 0.782800440625 0.5618860515625 0.787210584375 0.6051080546875001 0.783351709375 0.6198428296875
1 0.0385887546875 0.96267190625 0.0424476296875 0.9774066796875 0.0468577734375 0.9783889984374999 0.0501653796875 0.9322200390625 0.0534729875 0.9145383109375 0.0534729875 0.878192534375 0.0501653796875 0.87328094375 0.04134509375 0.8762278984374999 0.039140021875 0.8801571703125 0.03748621875 0.8958742624999999 0.0325248078125 0.9017681734374999 0.023153253125000002 0.9066797640625 0.0214994484375 0.9106090375000001 0.018743109375 0.93516699375 0.0214994484375 0.9440078578125 0.0336273421875 0.9528487234374999 0.0385887546875 0.96267190625
1 0.0716648296875 0.8565815328124999 0.0606394703125 0.8555992140625 0.060088203124999996 0.8595284875000001 0.0606394703125 0.8634577609375 0.0716648296875 0.8634577609375 0.0738699 0.8683693515625001 0.0738699 0.8939096265625001 0.070011025 0.9086444015625 0.070011025 0.9214145390624999 0.07331863281249999 0.92436149375 0.09371554531250001 0.92239685625 0.0959206171875 0.9106090375000001 0.09536934999999999 0.8821218078124999 0.092613009375 0.8614931234375 0.09371554531250001 0.8428290765625001 0.09151047343749999 0.8339882125000001 0.08379272343750001 0.82023575625 0.08213891875 0.8094302546875 0.0793825796875 0.8045186640624999 0.0711135609375 0.8045186640624999 0.067805953125 0.815324165625 0.067805953125 0.8241650296874999 0.0738699 0.8379174859375 0.0738699 0.852652259375 0.0716648296875 0.8565815328124999
1 0.14663726562499999 0.98624754375 0.14829106875 0.97544204375 0.155457553125 0.96070726875 0.15600882031250002 0.92436149375 0.15325248125 0.9204322203125 0.14718853437499999 0.9204322203125 0.14002205 0.9361493125000001 0.1273428890625 0.9410609031250001 0.11466372656249998 0.974459725 0.1102535828125 0.9911591359375 0.1119073875 0.99901768125 0.1416758546875 0.99901768125 0.14663726562499999 0.98624754375
1 0.601433296875 0.482318271875 0.6052921718750001 0.494106090625 0.60363836875 0.5039292734374999 0.6124586546875 0.506876228125 0.6168687984375001 0.5 0.6168687984375001 0.494106090625 0.6130099234374999 0.4872298625 0.6130099234374999 0.48330058906250006 0.6157662625 0.474459725 0.6185226015625 0.44793713124999995 0.6163175296875 0.4332023578125 0.6119073875 0.4204322203125 0.6085997796875 0.41453831093750004 0.6041896359375001 0.41453831093750004 0.60363836875 0.4390962671875 0.5986769562500001 0.46267190625000004 0.6025358328125 0.466601178125 0.601433296875 0.482318271875
1 0.6168687984375001 0.749508840625 0.6234840125 0.7318271125 0.6295479609375 0.7278978390625 0.634509371875 0.7328094296875001 0.6356119078125 0.7406679765625 0.6356119078125 0.7789783890625 0.6433296578125 0.7789783890625 0.647188534375 0.7711198421875001 0.6477398015625 0.763261296875 0.6444321937499999 0.75638506875 0.64002205 0.7328094296875001 0.6394707828125 0.7023575640625 0.642778390625 0.6944990171875001 0.647188534375 0.672888015625 0.646637265625 0.6650294703124999 0.64057331875 0.6502946953125 0.642227121875 0.63948919375 0.64057331875 0.6316306484374999 0.6334068359375 0.6316306484374999 0.6312017640625001 0.646365421875 0.625689084375 0.65225933125 0.617420065625 0.6689587421875001 0.6157662625 0.6817288796875001 0.617420065625 0.699410609375 0.6168687984375001 0.7318271125 0.5997794921875 0.751473478125 0.5997794921875 0.761296659375 0.6025358328125 0.762278978125 0.6080485109375 0.7534381140625 0.6168687984375001 0.749508840625
1 0.24366041875 0.9666011781250001 0.2442116875 0.9449901765625001 0.23925027499999998 0.9410609031250001 0.233186328125 0.943025540625 0.22987872031249998 0.94891945 0.22657111406250002 0.9636542234375 0.22160970156249998 0.969548134375 0.21664829062500002 0.98821218125 0.2160970234375 0.99901768125 0.250275634375 0.99901768125 0.24751929375 0.974459725 0.24366041875 0.9666011781250001
1 0.192392503125 0.5618860515625 0.1957001109375 0.5677799609374999 0.1957001109375 0.57563850625 0.19955898593750002 0.5785854609375 0.2012127890625 0.5618860515625 0.20672546875000003 0.53732809375 0.20672546875000003 0.5275049109375 0.212789415625 0.5029469546875001 0.2111356125 0.469548134375 0.20727673593749998 0.4616895875 0.19955898593750002 0.4616895875 0.1968026453125 0.46561886093749993 0.1951488421875 0.481335953125 0.1912899671875 0.49115913593749994 0.19018743124999998 0.51178781875 0.1934950390625 0.520628684375 0.1951488421875 0.5343811390625001 0.192392503125 0.5618860515625
1 0.106945975 0.968565815625 0.1025358328125 0.9567779953125 0.09536934999999999 0.9518664046875 0.09371554531250001 0.94793713125 0.09371554531250001 0.9273084484374999 0.09206174218749999 0.923379175 0.089305403125 0.9204322203125 0.0788313125 0.923379175 0.0771775078125 0.9273084484374999 0.076626240625 0.94891945 0.0694597578125 0.9597249515625 0.0689084890625 0.9774066796875 0.072216096875 0.99901768125 0.1047409046875 0.99901768125 0.106945975 0.968565815625
0 0.103125 0.7328125 0.10625 0.7328125 0.10625 0.740625 0.1015625 0.7390625 0.103125 0.734375