2 0.6692708333333334 0.475 0.6682291666666667 0.49166666666666664 0.671875 0.5009259259259259 0.6786458333333333 0.48518518518518516 0.6786458333333333 0.48055555555555557 0.6744791666666666 0.47129629629629627 0.6708333333333333 0.47129629629629627
2 0.7614583333333333 0.4675925925925926 0.7630208333333334 0.5092592592592593 0.7671875 0.5157407407407407 0.7635416666666667 0.5185185185185185 0.7640625 0.5212962962962963 0.7666666666666667 0.5212962962962963 0.7671875 0.5101851851851852 0.76875 0.5074074074074074 0.7713541666666667 0.5120370370370371 0.7744791666666667 0.5120370370370371 0.7744791666666667 0.5074074074074074 0.7708333333333334 0.5009259259259259 0.7682291666666666 0.4759259259259259
2 0.5994791666666667 0.4935185185185185 0.6010416666666667 0.5314814814814814 0.5984375 0.5453703703703704 0.5979166666666667 0.5731481481481482 0.6015625 0.5712962962962963 0.6015625 0.5537037037037037 0.6041666666666666 0.5453703703703704 0.6067708333333334 0.5435185185185185 0.6104166666666667 0.5509259259259259 0.6151041666666667 0.5509259259259259 0.6114583333333333 0.5185185185185185 0.6125 0.4962962962962963 0.60625 0.4935185185185185 0.6046875 0.4898148148148148 0.6005208333333333 0.4898148148148148
2 0.6161458333333333 0.5481481481481482 0.6151041666666667 0.55 0.6171875 0.55
2 0.6161458333333333 0.4962962962962963 0.6098958333333333 0.4962962962962963 0.6114583333333333 0.5009259259259259 0.6109375 0.5231481481481481 0.6145833333333334 0.5324074074074074 0.6229166666666667 0.5416666666666666 0.6239583333333333 0.5481481481481482 0.6197916666666666 0.5527777777777778 0.6260416666666667 0.5555555555555556 0.6270833333333333 0.5416666666666666 0.625 0.5351851851851852 0.61875 0.5277777777777778 0.6192708333333333 0.5046296296296297
2 0.5291666666666667 0.49722222222222223 0.5307291666666667 0.525 0.5286458333333334 0.5388888888888889 0.53125 0.5444444444444444 0.53125 0.5574074074074075 0.5375 0.562037037037037 0.5411458333333333 0.5685185185185185 0.5411458333333333 0.5777777777777777 0.54375 0.5805555555555556 0.546875 0.5777777777777777 0.5473958333333333 0.5731481481481482 0.5447916666666667 0.5675925925925925 0.5442708333333334 0.5574074074074075 0.5411458333333333 0.5527777777777778 0.5432291666666667 0.5351851851851852 0.5364583333333334 0.5009259259259259 0.5322916666666667 0.49444444444444446
2 0.8088541666666667 0.4648148148148148 0.8083333333333333 0.47314814814814815 0.8114583333333333 0.48333333333333334 0.8135416666666667 0.5185185185185185 0.815625 0.5138888888888888 0.8171875 0.5009259259259259 0.8171875 0.4759259259259259 0.8119791666666667 0.4638888888888889
1 0.2703125 0.5444444444444444 0.2708333333333333 0.5546296296296296 0.2635416666666667 0.5833333333333334 0.2635416666666667 0.6101851851851852 0.26458333333333334 0.6175925925925926 0.2682291666666667 0.6231481481481481 0.275 0.6462962962962963 0.2713541666666667 0.6638888888888889 0.2703125 0.6833333333333333 0.27239583333333334 0.687037037037037 0.2796875 0.687037037037037 0.28958333333333336 0.675 0.2869791666666667 0.6666666666666666 0.2869791666666667 0.6212962962962963 0.28125 0.5722222222222222 0.28072916666666664 0.5416666666666666 0.2786458333333333 0.5370370370370371 0.2734375 0.5370370370370371
2 0.8 0.4824074074074074 0.7989583333333333 0.5009259259259259 0.8057291666666667 0.5148148148148148 0.8067708333333333 0.5305555555555556 0.8104166666666667 0.5296296296296297 0.8125 0.5074074074074074 0.8109375 0.4777777777777778 0.8072916666666666 0.4685185185185185 0.8026041666666667 0.4666666666666667
2 0.6708333333333333 0.5055555555555555 0.6703125 0.5166666666666667 0.6770833333333334 0.5194444444444445 0.6802083333333333 0.524074074074074 0.6802083333333333 0.5277777777777778 0.6885416666666667 0.5370370370370371 0.6880208333333333 0.5305555555555556 0.6828125 0.5212962962962963 0.6854166666666667 0.5120370370370371 0.6854166666666667 0.4981481481481482 0.68125 0.4824074074074074 0.6765625 0.4824074074074074 0.6765625 0.487962962962963
2 0.8520833333333333 0.4935185185185185 0.8515625 0.5120370370370371 0.8557291666666667 0.5148148148148148 0.8598958333333333 0.5277777777777778 0.8635416666666667 0.55 0.8671875 0.5435185185185185 0.8666666666666667 0.5351851851851852 0.8640625 0.5287037037037037 0.8671875 0.4981481481481482 0.859375 0.4777777777777778 0.8557291666666667 0.4777777777777778 0.8552083333333333 0.48703703703703705