0 0.6765625 0.34814814814814815 0.6755208333333333 0.3592592592592593 0.6786458333333333 0.3638888888888889 0.6807291666666667 0.36018518518518516 0.6807291666666667 0.3509259259259259 0.6791666666666667 0.34629629629629627
2 0.8447916666666667 0.4888888888888889 0.8447916666666667 0.5166666666666667 0.8473958333333333 0.5212962962962963 0.8489583333333334 0.5416666666666666 0.8520833333333333 0.5462962962962963 0.8567708333333334 0.5324074074074074 0.8572916666666667 0.4962962962962963 0.8557291666666667 0.4824074074074074 0.8515625 0.4685185185185185 0.8489583333333334 0.46944444444444444
2 0.6369791666666667 0.5185185185185185 0.6328125 0.5287037037037037 0.6328125 0.5388888888888889 0.6385416666666667 0.55 0.634375 0.5685185185185185 0.6359375 0.5712962962962963 0.6401041666666667 0.5712962962962963 0.6494791666666667 0.5648148148148148 0.6489583333333333 0.5444444444444444 0.6453125 0.5314814814814814 0.6494791666666667 0.5120370370370371 0.6489583333333333 0.5055555555555555 0.6473958333333333 0.5027777777777778 0.6442708333333333 0.5055555555555555 0.64375 0.5101851851851852
1 0.19427083333333334 0.5509259259259259 0.1953125 0.5638888888888889 0.19270833333333334 0.5805555555555556 0.19322916666666667 0.6027777777777777 0.19895833333333332 0.6398148148148148 0.2015625 0.6944444444444444 0.20572916666666666 0.6990740740740741 0.2171875 0.6981481481481482 0.21770833333333334 0.6935185185185185 0.21354166666666666 0.6907407407407408 0.21041666666666667 0.6796296296296296 0.21041666666666667 0.6703703703703704 0.21354166666666666 0.6574074074074074 0.21354166666666666 0.6212962962962963 0.2109375 0.5916666666666667 0.20677083333333332 0.5787037037037037 0.20625 0.5462962962962963 0.20364583333333333 0.5416666666666666 0.2 0.5416666666666666 0.1953125 0.5462962962962963
2 0.4317708333333333 0.524074074074074 0.43125 0.5888888888888889 0.4328125 0.5888888888888889 0.434375 0.587037037037037 0.4359375 0.5712962962962963 0.43802083333333336 0.5685185185185185 0.4427083333333333 0.5685185185185185 0.44375 0.5009259259259259 0.4375 0.5027777777777778 0.4375 0.5120370370370371
2 0.6536458333333334 0.5277777777777778 0.6536458333333334 0.5333333333333333 0.6567708333333333 0.5388888888888889 0.6567708333333333 0.5601851851851852 0.6546875 0.5694444444444444 0.65 0.5666666666666667 0.6494791666666667 0.5796296296296296 0.6541666666666667 0.5888888888888889 0.6572916666666667 0.5888888888888889 0.6578125 0.5814814814814815 0.6661458333333333 0.5685185185185185 0.6723958333333333 0.5342592592592592 0.6723958333333333 0.5212962962962963 0.6692708333333334 0.5148148148148148 0.6703125 0.5055555555555555 0.66875 0.5027777777777778 0.6645833333333333 0.5046296296296297 0.6635416666666667 0.5138888888888888 0.6578125 0.5185185185185185
2 0.66875 0.5111111111111111 0.671875 0.5212962962962963 0.6723958333333333 0.5296296296296297 0.6692708333333334 0.5453703703703704 0.6682291666666667 0.5712962962962963 0.6723958333333333 0.5740740740740741 0.6723958333333333 0.5657407407407408 0.6755208333333333 0.5592592592592592 0.6770833333333334 0.55 0.6776041666666667 0.5351851851851852 0.6802083333333333 0.5305555555555556 0.6869791666666667 0.5351851851851852 0.6875 0.5305555555555556 0.6786458333333333 0.5120370370370371 0.6723958333333333 0.5046296296296297 0.6697916666666667 0.5046296296296297
2 0.6671875 0.47962962962962963 0.6666666666666666 0.5009259259259259 0.6723958333333333 0.5046296296296297 0.6734375 0.4898148148148148 0.671875 0.48055555555555557 0.6708333333333333 0.4777777777777778
2 0.7078125 0.4898148148148148 0.7104166666666667 0.5009259259259259 0.7078125 0.5407407407407407 0.7104166666666667 0.5416666666666666 0.7119791666666667 0.5388888888888889 0.7125 0.5222222222222223 0.7166666666666667 0.5166666666666667 0.7229166666666667 0.5287037037037037 0.7255208333333333 0.5425925925925926 0.7286458333333333 0.5435185185185185 0.7302083333333333 0.5388888888888889 0.7260416666666667 0.5296296296296297 0.721875 0.5083333333333333 0.7203125 0.48518518518518516 0.7119791666666667 0.4759259259259259
2 0.7026041666666667 0.4777777777777778 0.7026041666666667 0.5 0.7057291666666666 0.5185185185185185 0.7088541666666667 0.5185185185185185 0.7083333333333334 0.4898148148148148 0.7109375 0.4740740740740741 0.70625 0.46944444444444444
2 0.7322916666666667 0.4638888888888889 0.7333333333333333 0.4842592592592593 0.7307291666666667 0.4962962962962963 0.7307291666666667 0.512962962962963 0.7322916666666667 0.5185185185185185 0.7348958333333333 0.5185185185185185 0.7359375 0.5120370370370371 0.7385416666666667 0.5138888888888888 0.7390625 0.5185185185185185 0.7421875 0.5185185185185185 0.7427083333333333 0.5120370370370371 0.7395833333333334 0.5046296296296297 0.7385416666666667 0.4740740740740741 0.7354166666666667 0.462037037037037
1 0.8057291666666667 0.4898148148148148 0.8036458333333333 0.5027777777777778 0.8041666666666667 0.5120370370370371 0.8135416666666667 0.5138888888888888 0.8161458333333333 0.5027777777777778 0.8161458333333333 0.4935185185185185 0.8135416666666667 0.48518518518518516 0.8114583333333333 0.48055555555555557 0.8083333333333333 0.48055555555555557