1 0.21549479166666666 0.6197962962962963 0.055989583333333336 0.20023148148148148
0 0.79853125 0.5282870370370369 0.0040625 0.010833333333333332
1 0.8212604166666666 0.4996203703703704 0.013463541666666667 0.02935185185185185
2 0.6803020833333334 0.5133888888888889 0.022604166666666665 0.09933333333333333
2 0.7514166666666667 0.508425925925926 0.03530208333333333 0.07404629629629629
2 0.7741458333333333 0.49623148148148144 0.011682291666666667 0.05327777777777778
2 0.8329427083333333 0.5364166666666667 0.030734374999999998 0.09301851851851851
2 0.8263437499999999 0.4910370370370371 0.022604166666666665 0.041990740740740745
2 0.8746666666666666 0.515537037037037 0.01796354166666667 0.07137037037037038
2 0.8620104166666667 0.4923888888888889 0.013380208333333334 0.061509259259259264
2 0.848625 0.4840277777777778 0.014343749999999999 0.05293518518518519
2 0.8375364583333333 0.48210185185185184 0.012416666666666666 0.04650925925925926
2 0.8365208333333333 0.5036111111111111 0.02740625 0.039296296296296294