2 0.7119166666666668 0.7870370370370371 0.087890625 0.3402777777777778
2 0.7903645833333334 0.5827592592592593 0.057291666666666664 0.14699074074074073
2 0.7594427083333334 0.5555555555555556 0.034505208333333336 0.125
2 0.5501302083333334 0.5248888888888888 0.036458333333333336 0.09837962962962964
2 0.5201822916666666 0.6111111111111112 0.048177083333333336 0.16666666666666666
2 0.48275 0.5584537037037037 0.037109375 0.1076388888888889
2 0.4322916666666667 0.6637777777777778 0.0703125 0.21643518518518517
2 0.3938802083333333 0.5972222222222222 0.037760416666666664 0.1574074074074074
2 0.2584635416666667 0.5885462962962963 0.024739583333333332 0.15625
2 0.236328125 0.5740740740740741 0.036458333333333336 0.12268518518518519
1 0.23209895833333333 0.6718796296296297 0.038411458333333336 0.1423611111111111
1 0.8098958333333334 0.4936388888888889 0.018229166666666668 0.04513888888888889