2 0.8 0.4666666666666667 0.7984375 0.4685185185185185 0.8 0.48703703703703705 0.8036458333333333 0.48703703703703705 0.8057291666666667 0.4824074074074074 0.8052083333333333 0.4777777777777778
2 0.525 0.5611111111111111 0.5244791666666667 0.5805555555555556 0.5286458333333334 0.5935185185185186 0.5286458333333334 0.6046296296296296 0.5244791666666667 0.6259259259259259 0.5239583333333333 0.6407407407407407 0.5197916666666667 0.6518518518518519 0.5197916666666667 0.6574074074074074 0.5223958333333333 0.6601851851851852 0.5255208333333333 0.6574074074074074 0.5265625 0.6425925925925926 0.5296875 0.6351851851851852 0.53125 0.6231481481481481 0.5369791666666667 0.6194444444444445 0.5411458333333333 0.6296296296296297 0.5421875 0.6601851851851852 0.5484375 0.6601851851851852 0.55 0.6574074074074074 0.546875 0.65 0.546875 0.6287037037037037 0.5484375 0.6185185185185185 0.5479166666666667 0.5694444444444444 0.55 0.5527777777777778 0.546875 0.5444444444444444 0.5416666666666666 0.5388888888888889 0.5432291666666667 0.5305555555555556 0.5427083333333333 0.5212962962962963 0.5364583333333334 0.5212962962962963 0.5354166666666667 0.5388888888888889 0.5276041666666667 0.5462962962962963
2 0.6447916666666667 0.48055555555555557 0.6447916666666667 0.5018518518518519 0.6489583333333333 0.5092592592592593 0.6494791666666667 0.524074074074074 0.6557291666666667 0.5370370370370371 0.6572916666666667 0.5370370370370371 0.6567708333333333 0.5277777777777778 0.6536458333333334 0.5212962962962963 0.6567708333333333 0.5009259259259259 0.65625 0.4898148148148148 0.6541666666666667 0.48518518518518516 0.6510416666666666 0.4842592592592593 0.6473958333333333 0.4740740740740741 0.6453125 0.4759259259259259
2 0.5953125 0.47685185185185186 0.5947916666666667 0.48703703703703705 0.5994791666666667 0.5064814814814815 0.5989583333333334 0.5148148148148148 0.6020833333333333 0.5138888888888888 0.6052083333333333 0.5074074074074074 0.6057291666666667 0.48703703703703705 0.5989583333333334 0.47314814814814815
2 0.95625 0.48333333333333334 0.9552083333333333 0.5277777777777778 0.9526041666666667 0.5481481481481482 0.9526041666666667 0.562037037037037 0.9510416666666667 0.5666666666666667 0.9520833333333333 0.5712962962962963 0.9635416666666666 0.5601851851851852 0.9645833333333333 0.5546296296296296 0.9614583333333333 0.55 0.9651041666666667 0.5462962962962963 0.9671875 0.5259259259259259 0.9666666666666667 0.4981481481481482 0.9635416666666666 0.49166666666666664 0.9614583333333333 0.47962962962962963 0.9598958333333333 0.4777777777777778
1 0.2265625 0.6 0.22864583333333333 0.6129629629629629 0.22447916666666667 0.6231481481481481 0.22291666666666668 0.6416666666666667 0.2203125 0.6509259259259259 0.22135416666666666 0.6712962962962963 0.21666666666666667 0.675 0.21822916666666667 0.6916666666666667 0.22604166666666667 0.6981481481481482 0.25104166666666666 0.6962962962962963 0.25364583333333335 0.6916666666666667 0.25364583333333335 0.687037037037037 0.24947916666666667 0.674074074074074 0.24270833333333333 0.6611111111111111 0.24270833333333333 0.6416666666666667 0.24114583333333334 0.625 0.2390625 0.6203703703703703 0.240625 0.6074074074074074 0.23854166666666668 0.5981481481481481 0.23697916666666666 0.5935185185185186 0.23072916666666668 0.5935185185185186
2 0.55 0.562962962962963 0.55 0.5777777777777777 0.5546875 0.5879629629629629 0.5552083333333333 0.6138888888888889 0.5552083333333333 0.6407407407407407 0.5515625 0.6888888888888889 0.5526041666666667 0.6916666666666667 0.5557291666666667 0.6916666666666667 0.5583333333333333 0.687037037037037 0.5614583333333333 0.6865740740740741 0.5625 0.6935185185185185 0.5661458333333333 0.6935185185185185 0.571875 0.6462962962962963 0.5739583333333333 0.5981481481481481 0.5786458333333333 0.5898148148148148 0.5807291666666666 0.575925925925926 0.5802083333333333 0.5666666666666667 0.5765625 0.5527777777777778 0.56875 0.5435185185185185 0.56875 0.5231481481481481 0.5630208333333333 0.524074074074074 0.5614583333333333 0.5453703703703704 0.55625 0.5481481481481482
2 0.4505208333333333 0.5314814814814814 0.44947916666666665 0.5462962962962963 0.45208333333333334 0.5666666666666667 0.45364583333333336 0.5666666666666667 0.45625 0.5740740740740741 0.45677083333333335 0.5842592592592593 0.45989583333333334 0.5925925925925926 0.4609375 0.6138888888888889 0.46145833333333336 0.6166666666666667 0.4635416666666667 0.6166666666666667 0.4661458333333333 0.612037037037037 0.465625 0.600925925925926 0.46822916666666664 0.5805555555555556 0.4671875 0.5537037037037037 0.46927083333333336 0.5416666666666666 0.46875 0.5305555555555556 0.465625 0.524074074074074 0.4625 0.5222222222222223 0.46197916666666666 0.5138888888888888 0.45989583333333334 0.5101851851851852 0.45625 0.5101851851851852 0.45416666666666666 0.5138888888888888 0.4546875 0.524074074074074
2 0.43333333333333335 0.5074074074074074 0.434375 0.5120370370370371 0.43125 0.5203703703703704 0.4322916666666667 0.5537037037037037 0.43802083333333336 0.5768518518518518 0.4317708333333333 0.600925925925926 0.434375 0.6055555555555555 0.4421875 0.6055555555555555 0.446875 0.6092592592592593 0.44947916666666665 0.6046296296296296 0.446875 0.5935185185185186 0.446875 0.5777777777777777 0.4432291666666667 0.5564814814814815 0.4427083333333333 0.5277777777777778 0.4390625 0.5175925925925926 0.4427083333333333 0.5027777777777778 0.4401041666666667 0.4981481481481482 0.43697916666666664 0.4981481481481482
2 0.6083333333333333 0.49444444444444446 0.6078125 0.5055555555555555 0.6109375 0.5194444444444445 0.6109375 0.5416666666666666 0.6140625 0.5425925925925926 0.6140625 0.5474537037037037 0.6109375 0.5481481481481482 0.6140625 0.5523148148148148 0.6140625 0.5571759259259259 0.6109375 0.5546296296296296 0.6109375 0.5601851851851852 0.6135416666666667 0.562962962962963 0.6114583333333333 0.5685185185185185 0.6125 0.5694444444444444 0.6140625 0.562037037037037 0.621875 0.5509259259259259 0.6223958333333334 0.5703703703703704 0.6270833333333333 0.5712962962962963 0.628125 0.5694444444444444 0.6260416666666667 0.5638888888888889 0.6260416666666667 0.5462962962962963 0.6203125 0.5407407407407407 0.625 0.5351851851851852 0.6239583333333333 0.5231481481481481 0.6265625 0.5185185185185185 0.6239583333333333 0.5 0.6182291666666667 0.4888888888888889 0.6161458333333333 0.4777777777777778 0.6125 0.48055555555555557 0.6109375 0.49166666666666664
2 0.8 0.48518518518518516 0.7994791666666666 0.5037037037037037 0.8020833333333334 0.5185185185185185 0.8010416666666667 0.5425925925925926 0.8046875 0.5601851851851852 0.8072916666666666 0.5601851851851852 0.8078125 0.5574074074074075 0.8057291666666667 0.5407407407407407 0.8072916666666666 0.5388888888888889 0.8109375 0.5425925925925926 0.8135416666666667 0.5592592592592592 0.8145833333333333 0.5574074074074075 0.8125 0.5546296296296296 0.8145833333333333 0.5527777777777778 0.8145833333333333 0.5481481481481482 0.8125 0.5361111111111111 0.8119791666666667 0.5027777777777778 0.8036458333333333 0.4824074074074074
1 0.8156458333333333 0.49522222222222223 0.013364583333333334 0.038935185185185184
0 0.5990677083333333 0.5194722222222222 0.0025989583333333333 0.008907407407407407