1 0.22558854166666667 0.6753518518518519 0.051432291666666664 0.12152777777777778
1 0.8095729166666668 0.4965277777777778 0.018880208333333332 0.03935185185185185
0 0.625328125 0.9797500000000001 0.016276041666666668 0.03587962962962963
2 0.16471354166666666 0.5717592592592593 0.037760416666666664 0.12731481481481483
2 0.3102239583333333 0.6684074074074075 0.07356770833333333 0.20949074074074073
2 0.422203125 0.6024351851851851 0.043619791666666664 0.16550925925925927
2 0.5465520833333334 0.7847222222222222 0.091796875 0.28935185185185186
2 0.6184895833333334 0.6724537037037037 0.06901041666666667 0.2523148148148148
2 0.5546875 0.5561388888888888 0.024739583333333332 0.09143518518518519
2 0.546875 0.5081018518518519 0.022135416666666668 0.0787037037037037
2 0.7272135416666666 0.5630833333333334 0.037760416666666664 0.14467592592592593
2 0.7574895833333334 0.5613425925925926 0.034505208333333336 0.16435185185185186
2 0.8857447916666668 0.5590277777777778 0.034505208333333336 0.14814814814814814