2 0.9140625 0.5212962962962963 0.9135416666666667 0.5333333333333333 0.9182291666666667 0.5351851851851852 0.9192708333333334 0.5546296296296296 0.921875 0.5648148148148148 0.9208333333333333 0.5777777777777777 0.925 0.5777777777777777 0.9265625 0.5648148148148148 0.9255208333333333 0.549074074074074 0.9286458333333333 0.5388888888888889 0.9302083333333333 0.5120370370370371 0.9223958333333333 0.4888888888888889 0.9182291666666667 0.49074074074074076 0.9161458333333333 0.5138888888888888
1 0.22604166666666667 0.6259259259259259 0.22552083333333334 0.6555555555555556 0.23072916666666668 0.6777777777777778 0.234375 0.6851851851851852 0.23489583333333333 0.6916666666666667 0.24479166666666666 0.6935185185185185 0.24895833333333334 0.687037037037037 0.25364583333333335 0.6851851851851852 0.2552083333333333 0.6796296296296296 0.2546875 0.6731481481481482 0.24583333333333332 0.649074074074074 0.24895833333333334 0.6370370370370371 0.24791666666666667 0.6194444444444445 0.24270833333333333 0.6064814814814815 0.2421875 0.5944444444444444 0.23854166666666668 0.5888888888888889 0.23333333333333334 0.5898148148148148 0.23229166666666667 0.6055555555555555 0.22760416666666666 0.6148148148148148
2 0.421875 0.5185185185185185 0.4265625 0.5398148148148149 0.4270833333333333 0.5574074074074075 0.4234375 0.5814814814814815 0.4234375 0.5925925925925926 0.42552083333333335 0.6027777777777777 0.41875 0.6185185185185185 0.42552083333333335 0.6194444444444445 0.42864583333333334 0.6185185185185185 0.4270833333333333 0.6083333333333333 0.43020833333333336 0.6037037037037037 0.43125 0.6055555555555555 0.4270833333333333 0.5925925925925926 0.42864583333333334 0.5851851851851851 0.43125 0.5851851851851851 0.4354166666666667 0.5935185185185186 0.44479166666666664 0.5916666666666667 0.44947916666666665 0.5935185185185186 0.45208333333333334 0.6 0.4546875 0.5962962962962963 0.4510416666666667 0.587037037037037 0.43802083333333336 0.5824074074074074 0.4375 0.5694444444444444 0.4395833333333333 0.5444444444444444 0.43645833333333334 0.5305555555555556 0.43020833333333336 0.5175925925925926 0.4296875 0.5083333333333333 0.4244791666666667 0.5074074074074074
2 0.3796875 0.5138888888888888 0.37916666666666665 0.5259259259259259 0.3828125 0.5351851851851852 0.38246875 0.5388472222222223 0.38316197916666667 0.5434268518518518 0.38229166666666664 0.5444444444444444 0.3828125 0.5601851851851852 0.38697916666666665 0.562037037037037 0.38958333333333334 0.5574074074074075 0.3875 0.5481481481481482 0.39114583333333336 0.5148148148148148 0.3880208333333333 0.5027777777777778 0.38333333333333336 0.5046296296296297
2 0.6645833333333333 0.4981481481481482 0.6630208333333333 0.5083333333333333 0.6645833333333333 0.5796296296296296 0.6682291666666667 0.575925925925926 0.66875 0.562037037037037 0.675 0.5574074074074075 0.6765625 0.5259259259259259 0.6760416666666667 0.5101851851851852 0.6708333333333333 0.4935185185185185 0.6682291666666667 0.4898148148148148
2 0.39114583333333336 0.5175925925925926 0.39010416666666664 0.5324074074074074 0.39739583333333334 0.5462962962962963 0.4 0.5388888888888889 0.4 0.5314814814814814 0.4041666666666667 0.5296296296296297 0.4041666666666667 0.5074074074074074 0.4 0.5
2 0.38697916666666665 0.5416666666666666 0.38958333333333334 0.5574074074074075 0.38333333333333336 0.5805555555555556 0.384375 0.6092592592592593 0.3828125 0.6111111111111112 0.3807291666666667 0.6268518518518519 0.37916666666666665 0.6509259259259259 0.37083333333333335 0.6574074074074074 0.37395833333333334 0.6638888888888889 0.38125 0.6638888888888889 0.3880208333333333 0.6342592592592593 0.39166666666666666 0.6342592592592593 0.39791666666666664 0.6407407407407407 0.4005208333333333 0.6527777777777778 0.4041666666666667 0.6509259259259259 0.4046875 0.6462962962962963 0.4041666666666667 0.6388888888888888 0.3958333333333333 0.6231481481481481 0.4 0.600925925925926 0.3984375 0.5462962962962963 0.39739583333333334 0.5416666666666666 0.39010416666666664 0.5351851851851852
2 0.5859375 0.4842592592592593 0.5880208333333333 0.5305555555555556 0.5916666666666667 0.5277777777777778 0.59375 0.5009259259259259 0.596875 0.48518518518518516 0.5942708333333333 0.47962962962962963 0.59375 0.47129629629629627 0.5901041666666667 0.47129629629629627
2 0.39895833333333336 0.5453703703703704 0.4 0.6074074074074074 0.39739583333333334 0.6259259259259259 0.4 0.6324074074074074 0.403125 0.6185185185185185 0.40208333333333335 0.6092592592592593 0.4036458333333333 0.6074074074074074 0.4140625 0.612037037037037 0.41770833333333335 0.6074074074074074 0.425 0.6092592592592593 0.4317708333333333 0.6074074074074074 0.4317708333333333 0.6046296296296296 0.42864583333333334 0.5962962962962963 0.425 0.5944444444444444 0.41822916666666665 0.600925925925926 0.41354166666666664 0.5990740740740741 0.4140625 0.5824074074074074 0.4119791666666667 0.575 0.41302083333333334 0.5527777777777778 0.40520833333333334 0.5314814814814814 0.4041666666666667 0.5231481481481481 0.4010416666666667 0.525
2 0.5552083333333333 0.48055555555555557 0.55625 0.5092592592592593 0.5546875 0.5388888888888889 0.5557291666666667 0.5435185185185185 0.5630208333333333 0.5509259259259259 0.5635416666666667 0.5648148148148148 0.5671875 0.5666666666666667 0.5703125 0.5638888888888889 0.5708333333333333 0.5601851851851852 0.565625 0.537962962962963 0.565625 0.5009259259259259 0.5604166666666667 0.4759259259259259 0.5557291666666667 0.4759259259259259
2 0.8828125 0.4777777777777778 0.8828125 0.5231481481481481 0.8848958333333333 0.5342592592592592 0.8869791666666667 0.5351851851851852 0.8895833333333333 0.5231481481481481 0.8932291666666666 0.5305555555555556 0.8953125 0.5259259259259259 0.89375 0.5194444444444445 0.8901041666666667 0.5148148148148148 0.8916666666666667 0.4888888888888889 0.8895833333333333 0.4777777777777778 0.8869791666666667 0.47129629629629627
1 0.80625 0.4981481481481482 0.8067708333333333 0.5101851851851852 0.8182291666666667 0.5101851851851852 0.8182291666666667 0.4898148148148148 0.8135416666666667 0.48055555555555557 0.8098958333333334 0.48333333333333334