2 0.15833333333333333 0.5481481481481482 0.15729166666666666 0.587037037037037 0.1515625 0.600925925925926 0.1515625 0.6055555555555555 0.15416666666666667 0.6074074074074074 0.15677083333333333 0.5981481481481481 0.16145833333333334 0.6027777777777777 0.16197916666666667 0.5898148148148148 0.16822916666666668 0.5731481481481482 0.16770833333333332 0.5472222222222223 0.17447916666666666 0.5259259259259259 0.17291666666666666 0.5185185185185185 0.16875 0.5194444444444445 0.1625 0.5324074074074074
2 0.26145833333333335 0.5175925925925926 0.2604166666666667 0.5222222222222223 0.26197916666666665 0.5296296296296297 0.26197916666666665 0.5518518518518518 0.26458333333333334 0.562962962962963 0.2630208333333333 0.5925925925925926 0.26510416666666664 0.6046296296296296 0.26510416666666664 0.6324074074074074 0.26197916666666665 0.6388888888888888 0.26197916666666665 0.6435185185185185 0.26927083333333335 0.6444444444444445 0.2708333333333333 0.6435185185185185 0.26875 0.6129629629629629 0.26979166666666665 0.5990740740740741 0.275 0.5842592592592593 0.27708333333333335 0.5611111111111111 0.28125 0.55 0.275 0.5351851851851852 0.26927083333333335 0.5314814814814814 0.2671875 0.5166666666666667
2 0.2708333333333333 0.5972222222222222 0.26979166666666665 0.6046296296296296 0.2734375 0.6055555555555555 0.2786458333333333 0.5888888888888889 0.275 0.5888888888888889
2 0.2786458333333333 0.5611111111111111 0.278125 0.5731481481481482 0.28125 0.5990740740740741 0.2791666666666667 0.6138888888888889 0.28072916666666664 0.6453703703703704 0.2791666666666667 0.6712962962962963 0.27447916666666666 0.6759259259259259 0.27291666666666664 0.6824074074074075 0.28489583333333335 0.6824074074074075 0.2838541666666667 0.6638888888888889 0.2890625 0.6370370370370371 0.29322916666666665 0.6416666666666667 0.29583333333333334 0.6796296296296296 0.3 0.6805555555555556 0.3020833333333333 0.6777777777777778 0.30052083333333335 0.6703703703703704 0.3 0.6472222222222223 0.3 0.5833333333333334 0.30104166666666665 0.5805555555555556 0.3046875 0.5824074074074074 0.30833333333333335 0.6046296296296296 0.31145833333333334 0.6055555555555555 0.3125 0.5944444444444444 0.3104166666666667 0.5824074074074074 0.303125 0.562962962962963 0.29322916666666665 0.5527777777777778 0.29322916666666665 0.5388888888888889 0.28958333333333336 0.5351851851851852 0.2838541666666667 0.5462962962962963 0.28489583333333335 0.5527777777777778
2 0.3927083333333333 0.5009259259259259 0.3932291666666667 0.5120370370370371 0.3890625 0.5212962962962963 0.3885416666666667 0.5324074074074074 0.3921875 0.5462962962962963 0.3963541666666667 0.6092592592592593 0.4 0.6101851851851852 0.4036458333333333 0.6055555555555555 0.40729166666666666 0.6092592592592593 0.40729166666666666 0.5212962962962963 0.4010416666666667 0.5111111111111111 0.4 0.4981481481481482 0.39427083333333335 0.4981481481481482
1 0.2 0.6037037037037037 0.2015625 0.6148148148148148 0.1984375 0.6240740740740741 0.1984375 0.6435185185185185 0.2015625 0.6777777777777778 0.20416666666666666 0.6805555555555556 0.2265625 0.6787037037037037 0.23177083333333334 0.687037037037037 0.24270833333333333 0.6851851851851852 0.23697916666666666 0.6666666666666666 0.22083333333333333 0.637962962962963 0.2203125 0.6277777777777778 0.21197916666666666 0.6138888888888889 0.20989583333333334 0.5981481481481481 0.20260416666666667 0.5962962962962963
2 0.5223958333333333 0.5212962962962963 0.5223958333333333 0.5324074074074074 0.5260416666666666 0.5416666666666666 0.5270833333333333 0.5611111111111111 0.5244791666666667 0.6111111111111112 0.5265625 0.65 0.525 0.6583333333333333 0.5203125 0.662962962962963 0.5197916666666667 0.6666666666666666 0.5328125 0.6685185185185185 0.5317708333333333 0.633888888888889 0.5338541666666666 0.6296296296296297 0.5479166666666667 0.6509259259259259 0.5479166666666667 0.6685185185185185 0.5510416666666667 0.6694444444444444 0.5541666666666667 0.6638888888888889 0.55625 0.6509259259259259 0.540625 0.6222222222222222 0.5416666666666666 0.5805555555555556 0.5375 0.5435185185185185 0.5322916666666667 0.5333333333333333 0.53125 0.5166666666666667 0.5244791666666667 0.5166666666666667
2 0.634375 0.4888888888888889 0.634375 0.4935185185185185 0.6364583333333333 0.49722222222222223 0.6354166666666666 0.5157407407407407 0.6333333333333333 0.5212962962962963 0.6359375 0.5277777777777778 0.634375 0.5740740740740741 0.6291666666666667 0.5814814814814815 0.63125 0.5796296296296296 0.6322916666666667 0.5842592592592593 0.6369791666666667 0.5842592592592593 0.6385416666666667 0.5564814814814815 0.6416666666666667 0.55 0.64375 0.55 0.6583333333333333 0.5685185185185185 0.6598958333333333 0.5787037037037037 0.6614583333333334 0.5796296296296296 0.6630208333333333 0.5666666666666667 0.6494791666666667 0.5481481481481482 0.6473958333333333 0.5231481481481481 0.6453125 0.5175925925925926 0.64375 0.5 0.6401041666666667 0.4925925925925926 0.6395833333333333 0.4824074074074074 0.6354166666666666 0.48148148148148145
2 0.0609375 0.6268518518518519 0.0625 0.6620370370370371 0.0671875 0.6694444444444444 0.0703125 0.7046296296296296 0.07447916666666667 0.7055555555555556 0.0796875 0.6962962962962963 0.0796875 0.6898148148148148 0.07135416666666666 0.6666666666666666 0.075 0.6555555555555556 0.08125 0.6509259259259259 0.08645833333333333 0.6509259259259259 0.09010416666666667 0.6574074074074074 0.09375 0.6731481481481482 0.09947916666666666 0.6712962962962963 0.09583333333333334 0.6638888888888889 0.09270833333333334 0.6259259259259259 0.08645833333333333 0.6101851851851852 0.08229166666666667 0.6092592592592593 0.0796875 0.6046296296296296 0.08072916666666667 0.587037037037037 0.07916666666666666 0.5824074074074074 0.0734375 0.5805555555555556 0.0703125 0.5833333333333334 0.06927083333333334 0.5953703703703703 0.07135416666666666 0.6055555555555555 0.06354166666666666 0.6148148148148148
2 0.6291666666666667 0.47314814814814815 0.6286458333333333 0.5064814814814815 0.6265625 0.5138888888888888 0.6322916666666667 0.5259259259259259 0.6348958333333333 0.5259259259259259 0.6359375 0.4898148148148148 0.6328125 0.47314814814814815
1 0.8125 0.49537037037037035 0.8130208333333333 0.5120370370370371 0.8223958333333333 0.5120370370370371 0.8239583333333333 0.5092592592592593 0.8244791666666667 0.49444444444444446 0.8203125 0.4824074074074074 0.8161458333333333 0.48055555555555557
2 0.19739583333333333 0.5259259259259259 0.1953125 0.5277777777777778 0.1953125 0.5351851851851852 0.20104166666666667 0.5435185185185185 0.20416666666666666 0.5555555555555556 0.20416666666666666 0.562037037037037 0.20052083333333334 0.5731481481481482 0.20052083333333334 0.5814814814814815 0.20208333333333334 0.5935185185185186 0.20572916666666666 0.5944444444444444 0.2078125 0.5796296296296296 0.20989583333333334 0.5777777777777777 0.2282734375 0.6074592592592593 0.21666666666666667 0.5527777777777778 0.209375 0.5370370370370371 0.20208333333333334 0.5324074074074074 0.19947916666666668 0.5259259259259259