1 0.8 0.4824074074074074 0.796875 0.49907407407407406 0.796875 0.5092592592592593 0.7979166666666667 0.5120370370370371 0.8078125 0.5120370370370371 0.8083333333333333 0.4935185185185185 0.8026041666666667 0.4824074074074074
2 0.5328125 0.4925925925925926 0.5307291666666667 0.49722222222222223 0.5322916666666667 0.5305555555555556 0.5359375 0.5305555555555556 0.5380208333333333 0.5388888888888889 0.5432291666666667 0.5416666666666666 0.5411458333333333 0.5296296296296297 0.5411458333333333 0.5046296296296297 0.5395833333333333 0.5027777777777778 0.5375 0.4888888888888889 0.5348958333333333 0.4888888888888889
2 0.5666666666666667 0.575 0.5661458333333333 0.5888888888888889 0.56875 0.6148148148148148 0.5635416666666667 0.6259259259259259 0.5619791666666667 0.6388888888888888 0.5583333333333333 0.6462962962962963 0.5583333333333333 0.6509259259259259 0.5604166666666667 0.6555555555555556 0.5645833333333333 0.6555555555555556 0.5677083333333334 0.6472222222222223 0.56875 0.6509259259259259 0.5739583333333333 0.6546296296296297 0.5791666666666667 0.6546296296296297 0.5765625 0.6398148148148148 0.5848958333333333 0.6194444444444445 0.5859375 0.6027777777777777 0.5916666666666667 0.600925925925926 0.5890625 0.5814814814814815 0.5901041666666667 0.5481481481481482 0.5927083333333333 0.5370370370370371 0.5927083333333333 0.5305555555555556 0.5911458333333334 0.5277777777777778 0.5859375 0.5277777777777778 0.5828125 0.5398148148148149 0.5765625 0.5453703703703704
2 0.5244791666666667 0.5009259259259259 0.5213541666666667 0.5138888888888888 0.5213541666666667 0.5259259259259259 0.525 0.5444444444444444 0.5255208333333333 0.5666666666666667 0.5322916666666667 0.5685185185185185 0.5322916666666667 0.5555555555555556 0.534375 0.5435185185185185 0.5322916666666667 0.5287037037037037 0.5317708333333333 0.5009259259259259 0.534375 0.4935185185185185 0.53125 0.4898148148148148
2 0.47291666666666665 0.5370370370370371 0.47604166666666664 0.5842592592592593 0.4708333333333333 0.6018518518518519 0.46979166666666666 0.612037037037037 0.47604166666666664 0.6231481481481481 0.4817708333333333 0.6231481481481481 0.4822916666666667 0.6185185185185185 0.4786458333333333 0.6083333333333333 0.4864583333333333 0.5851851851851851 0.48541666666666666 0.5537037037037037 0.4864583333333333 0.5509259259259259 0.49114583333333334 0.5509259259259259 0.4895833333333333 0.55 0.4895833333333333 0.5462962962962963 0.49114583333333334 0.5462962962962963 0.48802083333333335 0.5435185185185185 0.4869791666666667 0.5361111111111111 0.48854166666666665 0.5111111111111111 0.4921875 0.5027777777777778 0.49114583333333334 0.4935185185185185 0.48541666666666666 0.4935185185185185 0.48333333333333334 0.4962962962962963 0.4828125 0.5074074074074074 0.4765625 0.5185185185185185
2 0.8807291666666667 0.5175925925925926 0.8848958333333333 0.5388888888888889 0.8859375 0.5574074074074075 0.8791666666666667 0.5712962962962963 0.8817708333333333 0.5685185185185185 0.8833333333333333 0.562037037037037 0.8869791666666667 0.5694444444444444 0.8828125 0.5962962962962963 0.8864583333333333 0.6027777777777777 0.8927083333333333 0.6064814814814815 0.8932291666666666 0.6185185185185185 0.8973958333333333 0.612037037037037 0.8994791666666667 0.6148148148148148 0.9005208333333333 0.6231481481481481 0.9046875 0.6259259259259259 0.9041666666666667 0.6046296296296296 0.9020833333333333 0.5925925925925926 0.9020833333333333 0.5638888888888889 0.8973958333333333 0.5435185185185185 0.8911458333333333 0.5287037037037037 0.8895833333333333 0.5148148148148148 0.8875 0.5120370370370371 0.8828125 0.5120370370370371
1 0.20572916666666666 0.5861111111111111 0.20572916666666666 0.6296296296296297 0.20989583333333334 0.6509259259259259 0.20833333333333334 0.6712962962962963 0.20989583333333334 0.700925925925926 0.21302083333333333 0.7046296296296296 0.2171875 0.7046296296296296 0.22239583333333332 0.7027777777777777 0.225 0.6962962962962963 0.23333333333333334 0.6962962962962963 0.234375 0.6944444444444444 0.23125 0.6888888888888889 0.23229166666666667 0.6527777777777778 0.23072916666666668 0.6398148148148148 0.22447916666666667 0.6240740740740741 0.22083333333333333 0.5527777777777778 0.21822916666666667 0.5444444444444444 0.2125 0.5435185185185185 0.20989583333333334 0.5462962962962963 0.20989583333333334 0.5657407407407408
2 0.6708625 0.5545185185185185 0.6656578125 0.5786425925925925 0.6807291666666667 0.562037037037037 0.6802083333333333 0.5712962962962963 0.6854166666666667 0.5731481481481482 0.6854166666666667 0.562962962962963 0.6927083333333334 0.5509259259259259 0.6911458333333333 0.537962962962963 0.6921875 0.5287037037037037 0.7046875 0.5305555555555556 0.70625 0.5342592592592592 0.7067708333333333 0.5324074074074074 0.7052083333333333 0.5305555555555556 0.70625 0.5277777777777778 0.7026041666666667 0.5296296296296297 0.7010416666666667 0.5259259259259259 0.7036458333333333 0.5212962962962963 0.7005208333333334 0.5148148148148148 0.7005208333333334 0.5027777777777778 0.6989583333333333 0.4981481481481482 0.6953125 0.4962962962962963 0.6885416666666667 0.5074074074074074 0.6817708333333333 0.5268518518518519
2 0.6645833333333333 0.4824074074074074 0.6640625 0.4925925925925926 0.6671875 0.5046296296296297 0.6640625 0.5259259259259259 0.6682291666666667 0.5277777777777778 0.6692708333333334 0.5259259259259259 0.665625 0.5194444444444445 0.6692708333333334 0.5175925925925926 0.6723958333333333 0.5092592592592593 0.6708333333333333 0.5009259259259259 0.6729166666666667 0.48703703703703705 0.671875 0.47314814814814815 0.6682291666666667 0.47129629629629627
2 0.7354166666666667 0.48333333333333334 0.7354166666666667 0.49722222222222223 0.7375 0.5046296296296297 0.7364583333333333 0.5259259259259259 0.7395833333333334 0.5277777777777778 0.7411458333333333 0.5259259259259259 0.7375 0.5222222222222223 0.7416666666666667 0.5166666666666667 0.7442708333333333 0.5055555555555555 0.7447916666666666 0.4888888888888889 0.7375 0.48055555555555557
2 0.6994791666666667 0.4685185185185185 0.6953125 0.48055555555555557 0.6953125 0.4962962962962963 0.7020833333333333 0.5 0.7046875 0.4935185185185185 0.7052083333333333 0.47962962962962963 0.7026041666666667 0.46944444444444444
2 0.7833333333333333 0.4648148148148148 0.78125 0.47129629629629627 0.7822916666666667 0.5101851851851852 0.7864583333333334 0.5101851851851852 0.7864583333333334 0.5046296296296297 0.7890625 0.4981481481481482 0.7895833333333333 0.4759259259259259 0.7875 0.4638888888888889 0.7859375 0.462037037037037
0 0.7231510416666667 0.5664259259259259 0.006135416666666667 0.01363888888888889