1 0.23144791666666667 0.6435185185185185 0.043619791666666664 0.1388888888888889
2 0.4733072916666667 0.5318333333333334 0.029947916666666668 0.10532407407407407
2 0.5341822916666668 0.5272037037037037 0.041015625 0.11921296296296297
2 0.5712916666666668 0.5995370370370371 0.043619791666666664 0.1597222222222222
2 0.7120104166666666 0.5037499999999999 0.019338541666666667 0.06407407407407407
0 0.7047916666666667 0.5293148148148148 0.004645833333333333 0.007592592592592592
2 0.726078125 0.5133518518518518 0.011052083333333332 0.0805925925925926
2 0.7353072916666666 0.4973888888888888 0.009921875 0.06608333333333334
2 0.7412708333333333 0.4896851851851852 0.013057291666666667 0.05648148148148148
2 0.7461666666666668 0.5238425925925926 0.023359375 0.0908611111111111
2 0.7650052083333333 0.49816666666666665 0.014317708333333333 0.06362037037037037
2 0.792453125 0.5045277777777778 0.020770833333333336 0.08293518518518518
1 0.8117395833333333 0.5017407407407407 0.019781249999999997 0.033407407407407406