0 0.10052083333333334 0.6777777777777778 0.1 0.6824074074074075 0.10364583333333334 0.6842592592592592 0.10416666666666667 0.6777777777777778
2 0.0625 0.6814814814814815 0.06197916666666667 0.6972222222222222 0.0640625 0.6981481481481482 0.0671875 0.6935185185185185 0.06979166666666667 0.6824074074074075 0.07864583333333333 0.6685185185185185 0.08125 0.6601851851851852 0.08333333333333333 0.6648148148148149 0.0765625 0.6981481481481482 0.07760416666666667 0.7027777777777777 0.08072916666666667 0.7027777777777777 0.08802083333333334 0.6962962962962963 0.0875 0.6916666666666667 0.08541666666666667 0.6916666666666667 0.084375 0.687962962962963 0.09270833333333334 0.6601851851851852 0.09375 0.637962962962963 0.1 0.6277777777777778 0.1015625 0.6194444444444445 0.1015625 0.5981481481481481 0.09583333333333334 0.5842592592592593 0.09791666666666667 0.5740740740740741 0.09635416666666667 0.5675925925925925 0.08958333333333333 0.5666666666666667 0.08697916666666666 0.5842592592592593 0.08072916666666667 0.5944444444444444 0.07708333333333334 0.6148148148148148 0.07395833333333333 0.6601851851851852
2 0.5677083333333334 0.49537037037037035 0.5682291666666667 0.5046296296296297 0.5661458333333333 0.5120370370370371 0.56875 0.5185185185185185 0.5692708333333333 0.5277777777777778 0.5661458333333333 0.5416666666666666 0.5666666666666667 0.5481481481481482 0.5697916666666667 0.5527777777777778 0.5734375 0.5527777777777778 0.5770833333333333 0.5592592592592592 0.5796875 0.5666666666666667 0.5776041666666667 0.5731481481481482 0.5786458333333333 0.5712962962962963 0.5796875 0.5740740740740741 0.584375 0.5740740740740741 0.5854166666666667 0.5712962962962963 0.58125 0.5518518518518518 0.58125 0.5259259259259259 0.5791666666666667 0.5120370370370371 0.5744791666666667 0.5 0.5734375 0.4888888888888889 0.5703125 0.48703703703703705
2 0.14010416666666667 0.6185185185185185 0.1375 0.6407407407407407 0.14322916666666666 0.6648148148148149 0.14739583333333334 0.6685185185185185 0.15104166666666666 0.6925925925925925 0.15104166666666666 0.7388888888888889 0.14895833333333333 0.7527777777777778 0.15052083333333333 0.7574074074074074 0.15677083333333333 0.7574074074074074 0.16041666666666668 0.7527777777777778 0.15989583333333332 0.7351851851851852 0.16458333333333333 0.7129629629629629 0.16875 0.7027777777777777 0.17083333333333334 0.6481481481481481 0.1734375 0.6416666666666667 0.17864583333333334 0.649074074074074 0.17708333333333334 0.6462962962962963 0.17916666666666667 0.6416666666666667 0.17864583333333334 0.6277777777777778 0.171875 0.6055555555555555 0.16458333333333333 0.6018518518518519 0.16458333333333333 0.5842592592592593 0.16197916666666667 0.575925925925926 0.15729166666666666 0.575925925925926 0.15416666666666667 0.5805555555555556 0.153125 0.600925925925926 0.14479166666666668 0.6074074074074074
2 0.32447916666666665 0.524074074074074 0.32447916666666665 0.5462962962962963 0.3203125 0.5527777777777778 0.3223958333333333 0.5537037037037037 0.32395833333333335 0.5592592592592592 0.32864583333333336 0.5925925925925926 0.3265625 0.6101851851851852 0.3265625 0.6296296296296297 0.3296875 0.6407407407407407 0.33645833333333336 0.6509259259259259 0.33697916666666666 0.6796296296296296 0.3375 0.6824074074074075 0.340625 0.6824074074074075 0.34479166666666666 0.6759259259259259 0.3458333333333333 0.6574074074074074 0.3390625 0.6435185185185185 0.33645833333333336 0.6259259259259259 0.34270833333333334 0.6148148148148148 0.34375 0.5944444444444444 0.33697916666666666 0.55 0.3328125 0.5388888888888889 0.3338541666666667 0.5342592592592592 0.33229166666666665 0.5231481481481481 0.3255208333333333 0.5212962962962963
2 0.3026041666666667 0.5435185185185185 0.30364583333333334 0.5574074074074075 0.30104166666666665 0.5703703703703704 0.3020833333333333 0.5907407407407408 0.30416666666666664 0.5962962962962963 0.309375 0.5990740740740741 0.31354166666666666 0.6074074074074074 0.3177083333333333 0.6416666666666667 0.3203125 0.6509259259259259 0.3223958333333333 0.6527777777777778 0.32760416666666664 0.6768518518518518 0.3229166666666667 0.6888888888888889 0.33489583333333334 0.6888888888888889 0.33645833333333336 0.6851851851851852 0.33541666666666664 0.6731481481481482 0.33177083333333335 0.6685185185185185 0.3296875 0.6592592592592592 0.3260416666666667 0.6268518518518519 0.3265625 0.6064814814814815 0.32864583333333336 0.5944444444444444 0.3229166666666667 0.5574074074074075 0.3145833333333333 0.5509259259259259 0.3125 0.5398148148148149 0.3104166666666667 0.5370370370370371 0.30625 0.5370370370370371
2 0.23020833333333332 0.6666666666666666 0.23072916666666668 0.675 0.2375 0.675 0.2375 0.6712962962962963 0.234375 0.6712962962962963
2 0.24791666666666667 0.5509259259259259 0.2453125 0.5555555555555556 0.2453125 0.5657407407407408 0.25 0.575925925925926 0.25104166666666666 0.587037037037037 0.25416666666666665 0.5935185185185186 0.25677083333333334 0.6101851851851852 0.25677083333333334 0.6574074074074074 0.26875 0.6694444444444444 0.2703125 0.6768518518518518 0.26875 0.6833333333333333 0.26979166666666665 0.687037037037037 0.27447916666666666 0.6888888888888889 0.275 0.6916666666666667 0.2791666666666667 0.6916666666666667 0.28229166666666666 0.6694444444444444 0.27447916666666666 0.6666666666666666 0.26875 0.6546296296296297 0.2682291666666667 0.6472222222222223 0.27291666666666664 0.625 0.27239583333333334 0.6092592592592593 0.26875 0.600925925925926 0.26614583333333336 0.5824074074074074 0.26197916666666665 0.5731481481481482 0.2557291666666667 0.5675925925925925 0.2546875 0.5518518518518518
1 0.18802083333333333 0.6305555555555555 0.18854166666666666 0.6509259259259259 0.19166666666666668 0.6611111111111111 0.19895833333333332 0.6712962962962963 0.20052083333333334 0.6861111111111111 0.20520833333333333 0.7055555555555556 0.2125 0.6990740740740741 0.22083333333333333 0.6962962962962963 0.22447916666666667 0.6916666666666667 0.22447916666666667 0.6787037037037037 0.2125 0.6574074074074074 0.21302083333333333 0.6527777777777778 0.21979166666666666 0.6527777777777778 0.22135416666666666 0.649074074074074 0.2125 0.6361111111111111 0.2125 0.6259259259259259 0.20729166666666668 0.6157407407407407 0.2078125 0.6046296296296296 0.20572916666666666 0.5962962962962963 0.2015625 0.5944444444444444 0.1984375 0.5981481481481481 0.19583333333333333 0.6055555555555555 0.19583333333333333 0.6259259259259259
2 0.6994791666666667 0.4777777777777778 0.7015625 0.5046296296296297 0.6979166666666666 0.5277777777777778 0.6994791666666667 0.5324074074074074 0.6984375 0.5666666666666667 0.7036458333333333 0.562037037037037 0.7052083333333333 0.5416666666666666 0.7041666666666667 0.5148148148148148 0.7067708333333333 0.5046296296296297 0.7078125 0.4888888888888889 0.70625 0.4759259259259259
2 0.7057291666666666 0.4925925925925926 0.70625 0.5046296296296297 0.7036458333333333 0.512962962962963 0.7046875 0.5472222222222223 0.7088541666666667 0.5638888888888889 0.7130208333333333 0.5694444444444444 0.7125 0.5777777777777777 0.7104166666666667 0.5805555555555556 0.7171875 0.5824074074074074 0.71875 0.5796296296296296 0.71875 0.5574074074074075 0.7171875 0.549074074074074 0.71875 0.5166666666666667 0.7130208333333333 0.5027777777777778 0.7109375 0.4898148148148148 0.7078125 0.4888888888888889
2 0.425 0.562037037037037 0.425 0.5694444444444444 0.4348958333333333 0.5481481481481482 0.4401041666666667 0.5527777777777778 0.4359375 0.5731481481481482 0.43802083333333336 0.6 0.434375 0.6074074074074074 0.434375 0.612037037037037 0.44166666666666665 0.612037037037037 0.4427083333333333 0.6092592592592593 0.4401041666666667 0.5842592592592593 0.4421875 0.5777777777777777 0.4453125 0.5796296296296296 0.4552083333333333 0.6 0.45416666666666666 0.612037037037037 0.45989583333333334 0.612037037037037 0.46197916666666666 0.6074074074074074 0.45989583333333334 0.5981481481481481 0.4510416666666667 0.5796296296296296 0.44947916666666665 0.5444444444444444 0.4427083333333333 0.524074074074074 0.43854166666666666 0.5212962962962963 0.4354166666666667 0.5101851851851852 0.43125 0.5101851851851852 0.43072916666666666 0.512962962962963 0.4322916666666667 0.5342592592592592 0.43020833333333336 0.5481481481481482 0.43333333333333335 0.55 0.43020833333333336 0.5564814814814815 0.4276041666666667 0.5527777777777778
1 0.8105 0.4988148148148148 0.014036458333333333 0.031490740740740736