1 0.8067708333333333 0.49166666666666664 0.8057291666666667 0.5120370370370371 0.8135416666666667 0.5120370370370371 0.8171875 0.49166666666666664 0.8161458333333333 0.48518518518518516 0.8114583333333333 0.4824074074074074
1 0.24947916666666667 0.5722222222222222 0.24895833333333334 0.6175925925925926 0.2515625 0.6361111111111111 0.24947916666666667 0.6638888888888889 0.25 0.687962962962963 0.26145833333333335 0.687037037037037 0.25729166666666664 0.6657407407407407 0.26197916666666665 0.6509259259259259 0.26614583333333336 0.6527777777777778 0.2671875 0.6620370370370371 0.275 0.687037037037037 0.2833333333333333 0.6824074074074075 0.2859375 0.6759259259259259 0.28177083333333336 0.675 0.27708333333333335 0.662962962962963 0.275 0.6546296296296297 0.27447916666666666 0.6398148148148148 0.2708333333333333 0.6314814814814815 0.26666666666666666 0.6129629629629629 0.26197916666666665 0.5592592592592592 0.2625 0.5462962962962963 0.259375 0.5370370370370371 0.25416666666666665 0.5370370370370371 0.25104166666666666 0.5416666666666666
2 0.8510416666666667 0.4962962962962963 0.8505208333333333 0.5055555555555555 0.853125 0.5259259259259259 0.853125 0.537962962962963 0.8510416666666667 0.5435185185185185 0.8557291666666667 0.5444444444444444 0.8567708333333334 0.525 0.8609375 0.5092592592592593 0.8604166666666667 0.4898148148148148 0.8557291666666667 0.4777777777777778 0.8557291666666667 0.48055555555555557 0.853125 0.48148148148148145
2 0.7885416666666667 0.4740740740740741 0.7875 0.48518518518518516 0.7895833333333333 0.4888888888888889 0.7890625 0.5120370370370371 0.79375 0.5194444444444445 0.7958333333333333 0.5296296296296297 0.8 0.5324074074074074 0.7947916666666667 0.5 0.7953125 0.48703703703703705 0.7932291666666667 0.47314814814814815
2 0.8369791666666667 0.4759259259259259 0.8359375 0.5185185185185185 0.8380208333333333 0.5231481481481481 0.8390625 0.5212962962962963 0.8364583333333333 0.5148148148148148 0.8395833333333333 0.5148148148148148 0.8447916666666667 0.5231481481481481 0.8458333333333333 0.5166666666666667 0.84375 0.5157407407407407 0.8458333333333333 0.5120370370370371 0.84375 0.5101851851851852 0.846875 0.5055555555555555 0.846875 0.4962962962962963 0.8442708333333333 0.4666666666666667 0.840625 0.4685185185185185
2 0.75625 0.47314814814814815 0.7572916666666667 0.5185185185185185 0.7583333333333333 0.5212962962962963 0.7619791666666667 0.5212962962962963 0.7635416666666667 0.4925925925925926 0.7651041666666667 0.4888888888888889 0.76875 0.4898148148148148 0.76875 0.4824074074074074 0.7651041666666667 0.4777777777777778 0.7619791666666667 0.4648148148148148
2 0.7029760416666666 0.4782861111111111 0.7024552083333333 0.48847129629629626 0.7045385416666666 0.4893972222222222 0.7055802083333333 0.49402685185185186 0.709746875 0.49402685185185186 0.711309375 0.48106388888888885 0.7071427083333333 0.467175
2 0.78125 0.4888888888888889 0.7791666666666667 0.5009259259259259 0.7796875 0.55 0.7869791666666667 0.5462962962962963 0.7875 0.5268518518518519 0.790625 0.5027777777777778 0.790625 0.4888888888888889 0.7885416666666667 0.48518518518518516 0.7854166666666667 0.4824074074074074
2 0.7020833333333333 0.49444444444444446 0.7057291666666666 0.5324074074074074 0.7 0.5601851851851852 0.7046875 0.5601851851851852 0.7046875 0.5537037037037037 0.7088541666666667 0.5435185185185185 0.7114583333333333 0.5481481481481482 0.7125 0.5601851851851852 0.7166666666666667 0.5601851851851852 0.7119791666666667 0.5361111111111111 0.7125 0.5148148148148148 0.7166666666666667 0.5009259259259259 0.7098958333333333 0.4824074074074074 0.70625 0.4842592592592593
2 0.7791666666666667 0.4777777777777778 0.7776041666666667 0.4898148148148148 0.7791666666666667 0.5 0.7875 0.4824074074074074 0.7875 0.4685185185185185 0.7848958333333333 0.4666666666666667 0.7817708333333333 0.46944444444444444
2 0.8125 0.5018518518518519 0.8125 0.5203703703703704 0.8104166666666667 0.5277777777777778 0.8135416666666667 0.5305555555555556 0.8104166666666667 0.5342592592592592 0.8239583333333333 0.5342592592592592 0.8276041666666667 0.5009259259259259 0.8265625 0.48703703703703705 0.8244791666666667 0.4824074074074074 0.8203125 0.4824074074074074
2 0.88125 0.4722222222222222 0.8802083333333334 0.4777777777777778 0.8822916666666667 0.5111111111111111 0.8848958333333333 0.5148148148148148 0.8859375 0.5231481481481481 0.8885416666666667 0.5231481481481481 0.8895833333333333 0.5185185185185185 0.89375 0.5231481481481481 0.89375 0.5138888888888888 0.8885416666666667 0.5064814814814815 0.8885416666666667 0.4777777777777778 0.8828125 0.4685185185185185
0 0.8060989583333333 0.5467685185185185 0.006572916666666666 0.013712962962962963