0 0.3625 0.5916666666666667 0.35833333333333334 0.5916666666666667 0.35833333333333334 0.5981481481481481 0.3625 0.6
2 0.8125 0.48055555555555557 0.8125 0.5064814814814815 0.815625 0.5314814814814814 0.8135416666666667 0.5435185185185185 0.8171875 0.5435185185185185 0.8192708333333333 0.5314814814814814 0.8213541666666667 0.5314814814814814 0.8244791666666667 0.5370370370370371 0.8244791666666667 0.5259259259259259 0.8229166666666666 0.5259259259259259 0.8197916666666667 0.5175925925925926 0.8234375 0.4898148148148148 0.81875 0.47962962962962963 0.8171875 0.47129629629629627 0.8135416666666667 0.47314814814814815
2 0.35833333333333334 0.5574074074074075 0.3578125 0.5638888888888889 0.35989583333333336 0.5638888888888889 0.3625 0.5574074074074075 0.36666666666666664 0.5601851851851852 0.3671875 0.5814814814814815 0.37395833333333334 0.5944444444444444 0.37552083333333336 0.6046296296296296 0.37916666666666665 0.6027777777777777 0.3796875 0.5981481481481481 0.37083333333333335 0.5768518518518518 0.37552083333333336 0.5712962962962963 0.38645833333333335 0.5898148148148148 0.3927083333333333 0.6055555555555555 0.39479166666666665 0.6046296296296296 0.39375 0.5962962962962963 0.3807291666666667 0.5638888888888889 0.37864583333333335 0.5351851851851852 0.37604166666666666 0.5277777777777778 0.3697916666666667 0.5203703703703704 0.36822916666666666 0.5101851851851852 0.36354166666666665 0.5111111111111111 0.3625 0.5370370370370371
1 0.19947916666666668 0.649074074074074 0.19895833333333332 0.6611111111111111 0.20052083333333334 0.6620370370370371 0.20625 0.6555555555555556 0.20833333333333334 0.6685185185185185 0.2125 0.6759259259259259 0.21302083333333333 0.6851851851851852 0.21666666666666667 0.6888888888888889 0.22447916666666667 0.6777777777777778 0.22760416666666666 0.6666666666666666 0.23229166666666667 0.6592592592592592 0.22916666666666666 0.6388888888888888 0.21927083333333333 0.6175925925925926 0.21666666666666667 0.600925925925926 0.21041666666666667 0.600925925925926 0.20833333333333334 0.6055555555555555 0.20833333333333334 0.6185185185185185 0.20260416666666667 0.6305555555555555
2 0.40729166666666666 0.5074074074074074 0.40677083333333336 0.5416666666666666 0.4109375 0.5509259259259259 0.41770833333333335 0.55 0.41822916666666665 0.5592592592592592 0.42083333333333334 0.562037037037037 0.42239583333333336 0.5601851851851852 0.42291666666666666 0.5509259259259259 0.41875 0.5333333333333333 0.421875 0.5277777777777778 0.42291666666666666 0.5166666666666667 0.415625 0.5074074074074074
2 0.3104166666666667 0.5370370370370371 0.3098958333333333 0.5481481481481482 0.3020833333333333 0.5564814814814815 0.3020833333333333 0.5935185185185186 0.30364583333333334 0.5981481481481481 0.3026041666666667 0.6296296296296297 0.30625 0.6351851851851852 0.3072916666666667 0.6277777777777778 0.3140625 0.6212962962962963 0.31666666666666665 0.6277777777777778 0.31979166666666664 0.6518518518518519 0.31927083333333334 0.6592592592592592 0.32083333333333336 0.6620370370370371 0.32708333333333334 0.6620370370370371 0.32760416666666664 0.6574074074074074 0.32447916666666665 0.65 0.3234375 0.6111111111111112 0.3260416666666667 0.5851851851851851 0.3255208333333333 0.5666666666666667 0.32395833333333335 0.5574074074074075 0.3171875 0.55 0.3171875 0.5351851851851852 0.31302083333333336 0.5324074074074074
2 0.7421875 0.5555555555555556 0.7463541666666667 0.5638888888888889 0.7442708333333333 0.5833333333333334 0.7442708333333333 0.625 0.7421875 0.6342592592592593 0.7395833333333334 0.6351851851851852 0.7375 0.6416666666666667 0.7489583333333333 0.6416666666666667 0.7484375 0.6268518518518519 0.7510416666666667 0.5981481481481481 0.7614583333333333 0.6148148148148148 0.7640625 0.6231481481481481 0.7635416666666667 0.6416666666666667 0.7682291666666666 0.6416666666666667 0.7697916666666667 0.6259259259259259 0.759375 0.5953703703703703 0.7604166666666666 0.5462962962962963 0.7552083333333334 0.5185185185185185 0.7552083333333334 0.5009259259259259 0.7494791666666667 0.5 0.7463541666666667 0.5027777777777778 0.7458333333333333 0.5138888888888888 0.7494791666666667 0.5222222222222223 0.7473958333333334 0.5444444444444444
2 0.38177083333333334 0.5009259259259259 0.3859375 0.5222222222222223 0.38229166666666664 0.5305555555555556 0.38125 0.5407407407407407 0.3859375 0.549074074074074 0.3875 0.5601851851851852 0.38958333333333334 0.562037037037037 0.39375 0.5509259259259259 0.4 0.5481481481481482 0.4041666666666667 0.5509259259259259 0.40625 0.5574074074074075 0.4114583333333333 0.5638888888888889 0.4119791666666667 0.5555555555555556 0.4078125 0.5462962962962963 0.4010416666666667 0.5388888888888889 0.39791666666666664 0.5138888888888888 0.390625 0.5055555555555555 0.38697916666666665 0.49444444444444446 0.38333333333333336 0.49444444444444446
2 0.28229166666666666 0.5509259259259259 0.28229166666666666 0.5851851851851851 0.2859375 0.6074074074074074 0.28541666666666665 0.6435185185185185 0.2838541666666667 0.649074074074074 0.28541666666666665 0.6527777777777778 0.290625 0.6509259259259259 0.2890625 0.6453703703703704 0.28958333333333336 0.6287037037037037 0.290625 0.6194444444444445 0.29375 0.6148148148148148 0.296875 0.6212962962962963 0.296875 0.6324074074074074 0.3 0.6398148148148148 0.30052083333333335 0.6546296296296297 0.2984375 0.6611111111111111 0.3 0.6648148148148149 0.303125 0.6648148148148149 0.30625 0.6435185185185185 0.30625 0.6324074074074074 0.3020833333333333 0.625 0.3015625 0.6203703703703703 0.3020833333333333 0.5527777777777778 0.296875 0.5407407407407407 0.296875 0.5277777777777778 0.2947916666666667 0.524074074074074 0.28958333333333336 0.5277777777777778 0.28958333333333336 0.5388888888888889
2 0.5697916666666667 0.48055555555555557 0.5703125 0.5083333333333333 0.5744791666666667 0.5277777777777778 0.5765625 0.524074074074074 0.5765625 0.5064814814814815 0.5791666666666667 0.4898148148148148 0.5770833333333333 0.47129629629629627 0.5744791666666667 0.4648148148148148
2 0.6953125 0.4981481481481482 0.6942708333333333 0.5287037037037037 0.696875 0.5324074074074074 0.7010416666666667 0.5638888888888889 0.6994791666666667 0.5777777777777777 0.7036458333333333 0.5796296296296296 0.7072916666666667 0.5740740740740741 0.7052083333333333 0.5444444444444444 0.7078125 0.5222222222222223 0.7088541666666667 0.5185185185185185 0.7109375 0.5185185185185185 0.7119791666666667 0.5074074074074074 0.7098958333333333 0.4981481481481482 0.70625 0.49537037037037035 0.7046875 0.48518518518518516 0.7020833333333333 0.4824074074074074 0.6994791666666667 0.48518518518518516 0.6989583333333333 0.4935185185185185
2 0.5333333333333333 0.4935185185185185 0.5328125 0.5527777777777778 0.5359375 0.5555555555555556 0.5390625 0.5324074074074074 0.54375 0.5342592592592592 0.5458333333333333 0.5388888888888889 0.5489583333333333 0.5388888888888889 0.5489583333333333 0.5351851851851852 0.546875 0.5305555555555556 0.5432291666666667 0.5324074074074074 0.5432291666666667 0.49166666666666664 0.5416666666666666 0.4824074074074074 0.5390625 0.4777777777777778 0.5364583333333334 0.48055555555555557