1 0.22596354166666668 0.3916759259259259 0.034765625 0.10088888888888889
1 0.68075 0.23278703703703704 0.017364583333333336 0.06668518518518518
2 0.5220260416666667 0.28094444444444444 0.0180625 0.0913888888888889
2 0.47042187500000004 0.45685185185185184 0.05503125 0.1861574074074074
2 0.4188645833333334 0.29966666666666664 0.036328125 0.11682407407407408
2 0.348875 0.35095370370370366 0.045947916666666665 0.13392592592592592
0 0.33680208333333334 0.3645555555555556 0.005822916666666666 0.015231481481481481
2 0.316671875 0.38069444444444445 0.029635416666666668 0.12182407407407407
2 0.25546875 0.31242592592592594 0.022630208333333336 0.09571296296296297
2 0.27946875000000004 0.33955555555555555 0.022630208333333336 0.13289814814814815
2 0.2978177083333333 0.2548148148148148 0.027088541666666667 0.07559259259259259
2 0.13427083333333334 0.3738240740740741 0.045119791666666666 0.1401851851851852