2 0.5322916666666667 0.19722222222222222 0.5291666666666667 0.20555555555555555 0.53125 0.25092592592592594 0.5354166666666667 0.24166666666666667 0.5385416666666667 0.21203703703703702 0.5359375 0.19444444444444445
2 0.46927083333333336 0.18888888888888888 0.46875 0.21296296296296297 0.4666666666666667 0.2222222222222222 0.4708333333333333 0.2212962962962963 0.4739583333333333 0.22407407407407406 0.4744791666666667 0.21666666666666667 0.4817708333333333 0.19166666666666668 0.48072916666666665 0.17407407407407408 0.4765625 0.17314814814814813 0.4739583333333333 0.17592592592592593
1 0.6807291666666667 0.22592592592592592 0.6807291666666667 0.2361111111111111 0.6770833333333334 0.25462962962962965 0.6822916666666666 0.25555555555555554 0.6854166666666667 0.25925925925925924 0.690625 0.22777777777777777 0.6885416666666667 0.2101851851851852 0.6848958333333334 0.2111111111111111
2 0.3203125 0.2722222222222222 0.3234375 0.2962962962962963 0.3182291666666667 0.3175925925925926 0.3223958333333333 0.31851851851851853 0.32447916666666665 0.30462962962962964 0.32760416666666664 0.2962962962962963 0.33177083333333335 0.29907407407407405 0.3375 0.3148148148148148 0.33958333333333335 0.3138888888888889 0.3411458333333333 0.3101851851851852 0.33489583333333334 0.2972222222222222 0.33177083333333335 0.2814814814814815 0.3328125 0.26666666666666666 0.33125 0.26296296296296295 0.33125 0.23055555555555557 0.3265625 0.2324074074074074 0.3260416666666667 0.23981481481481481 0.3229166666666667 0.2462962962962963 0.3234375 0.25555555555555554
2 0.4578125 0.32222222222222224 0.4578125 0.3351851851851852 0.45989583333333334 0.3398148148148148 0.45989583333333334 0.37222222222222223 0.45625 0.38333333333333336 0.46145833333333336 0.3851851851851852 0.45989583333333334 0.3925925925925926 0.4557291666666667 0.3925925925925926 0.4552083333333333 0.4009259259259259 0.45989583333333334 0.4027777777777778 0.4625 0.38055555555555554 0.4666666666666667 0.3731481481481482 0.46875 0.3787037037037037 0.46822916666666664 0.4027777777777778 0.46927083333333336 0.40555555555555556 0.4744791666666667 0.40555555555555556 0.47291666666666665 0.3962962962962963 0.4739583333333333 0.32314814814814813 0.4708333333333333 0.31574074074074077 0.4713541666666667 0.30277777777777776 0.46979166666666666 0.29814814814814816 0.4666666666666667 0.29814814814814816 0.4640625 0.30185185185185187 0.4635416666666667 0.31203703703703706
2 0.5265625 0.33055555555555555 0.5244791666666667 0.37962962962962965 0.5213541666666667 0.39814814814814814 0.5239583333333333 0.4027777777777778 0.5265625 0.4009259259259259 0.5317708333333333 0.3638888888888889 0.540625 0.37407407407407406 0.5432291666666667 0.3824074074074074 0.5453125 0.38055555555555554 0.5442708333333334 0.3685185185185185 0.5385416666666667 0.3638888888888889 0.5390625 0.3333333333333333 0.5427083333333333 0.3277777777777778 0.5427083333333333 0.3212962962962963 0.5364583333333334 0.30277777777777776 0.5359375 0.2898148148148148 0.5317708333333333 0.28888888888888886 0.5302083333333333 0.2935185185185185 0.5291666666666667 0.32407407407407407
2 0.3 0.23703703703703705 0.2984375 0.2518518518518518 0.30104166666666665 0.25462962962962965 0.30364583333333334 0.26481481481481484 0.3015625 0.2935185185185185 0.3046875 0.29444444444444445 0.30625 0.2935185185185185 0.3072916666666667 0.2712962962962963 0.309375 0.26851851851851855 0.31145833333333334 0.26851851851851855 0.31354166666666666 0.27314814814814814 0.31666666666666665 0.2712962962962963 0.31354166666666666 0.2611111111111111 0.3140625 0.23703703703703705 0.3109375 0.22407407407407406 0.3067708333333333 0.2212962962962963 0.3046875 0.22962962962962963
2 0.5145833333333333 0.2490740740740741 0.5177083333333333 0.2611111111111111 0.5177083333333333 0.287962962962963 0.5140625 0.3101851851851852 0.51875 0.31203703703703706 0.5203125 0.29074074074074074 0.5239583333333333 0.2824074074074074 0.5270833333333333 0.25833333333333336 0.5296875 0.25277777777777777 0.5296875 0.2462962962962963 0.5265625 0.24074074074074073 0.5286458333333334 0.2324074074074074 0.5234375 0.23055555555555557 0.5223958333333333 0.23703703703703705
2 0.6958333333333333 0.32407407407407407 0.6953125 0.33240740740740743 0.70625 0.32592592592592595 0.70625 0.3101851851851852 0.7005208333333334 0.3101851851851852 0.6994791666666667 0.32037037037037036
2 0.7088541666666667 0.2388888888888889 0.7088541666666667 0.25462962962962965 0.7109375 0.27037037037037037 0.7130208333333333 0.27314814814814814 0.7145833333333333 0.2712962962962963 0.7145833333333333 0.25833333333333336 0.7171875 0.25092592592592594 0.7171875 0.24166666666666667 0.7130208333333333 0.23055555555555557
1 0.2359375 0.33796296296296297 0.23645833333333333 0.3509259259259259 0.23333333333333334 0.3574074074074074 0.22916666666666666 0.39351851851851855 0.22447916666666667 0.4009259259259259 0.22447916666666667 0.41203703703703703 0.22760416666666666 0.4185185185185185 0.2484375 0.41944444444444445 0.24791666666666667 0.4027777777777778 0.24375 0.3907407407407407 0.24427083333333333 0.3398148148148148 0.24270833333333333 0.3351851851851852 0.23697916666666666 0.3351851851851852