2 0.7640625 0.30648148148148147 0.7645833333333333 0.33240740740740743 0.76875 0.34629629629629627 0.7734375 0.3435185185185185 0.7723958333333333 0.3527777777777778 0.7739583333333333 0.3490740740740741 0.7723958333333333 0.3333333333333333 0.7776041666666667 0.3101851851851852 0.7765625 0.3055555555555556 0.76875 0.29814814814814816
2 0.5479166666666667 0.25462962962962965 0.55 0.2712962962962963 0.5494791666666666 0.2833333333333333 0.5520833333333334 0.2861111111111111 0.5494791666666666 0.28888888888888886 0.5520833333333334 0.2935185185185185 0.55 0.2962962962962963 0.55 0.30277777777777776 0.5526041666666667 0.30092592592592593 0.5526041666666667 0.2851851851851852 0.5546875 0.2851851851851852 0.5598958333333334 0.2935185185185185 0.5625 0.29074074074074074 0.5630208333333333 0.3074074074074074 0.565625 0.3074074074074074 0.5661458333333333 0.3 0.5609375 0.28425925925925927 0.5609375 0.25462962962962965 0.5567708333333333 0.23981481481481481 0.5541666666666667 0.23981481481481481
1 0.6994791666666667 0.23703703703703705 0.6994791666666667 0.24259259259259258 0.6958333333333333 0.25462962962962965 0.6994791666666667 0.25925925925925924 0.7098958333333333 0.25925925925925924 0.7098958333333333 0.2324074074074074 0.7036458333333333 0.23055555555555557
2 0.5979166666666667 0.23703703703703705 0.5958333333333333 0.24351851851851852 0.6005208333333333 0.25092592592592594 0.6098958333333333 0.25277777777777777 0.6135416666666667 0.24814814814814815 0.6135416666666667 0.24351851851851852 0.6088541666666667 0.2388888888888889 0.6 0.2351851851851852
2 0.5151041666666667 0.23425925925925925 0.5135416666666667 0.23796296296296296 0.5161458333333333 0.24722222222222223 0.5151041666666667 0.2574074074074074 0.5166666666666667 0.2611111111111111 0.5151041666666667 0.26851851851851855 0.5151041666666667 0.2916666666666667 0.51875 0.2916666666666667 0.51875 0.2722222222222222 0.5213541666666667 0.26481481481481484 0.5322916666666667 0.28703703703703703 0.5328125 0.2824074074074074 0.5291666666666667 0.2777777777777778 0.5322916666666667 0.2759259259259259 0.5286458333333334 0.2675925925925926 0.5291666666666667 0.2388888888888889 0.525 0.2324074074074074 0.5234375 0.22314814814814815 0.5208333333333334 0.22314814814814815 0.51875 0.23055555555555557
2 0.6015625 0.2916666666666667 0.5973958333333333 0.30277777777777776 0.5979166666666667 0.3277777777777778 0.6010416666666667 0.33425925925925926 0.6057291666666667 0.3296296296296296 0.6078125 0.3212962962962963 0.6072916666666667 0.30277777777777776 0.609375 0.30092592592592593 0.6161458333333333 0.3074074074074074 0.6171875 0.3055555555555556 0.6114583333333333 0.2962962962962963 0.6130208333333333 0.2861111111111111 0.6161458333333333 0.2824074074074074 0.6161458333333333 0.27314814814814814 0.6125 0.27314814814814814
2 0.7098958333333333 0.275 0.7083333333333334 0.3 0.7109375 0.3055555555555556 0.7130208333333333 0.31851851851851853 0.7197916666666667 0.28425925925925927 0.7192708333333333 0.26851851851851855 0.7166666666666667 0.26666666666666666
2 0.6265625 0.21481481481481482 0.6260416666666667 0.22314814814814815 0.6286458333333333 0.2351851851851852 0.6286458333333333 0.24722222222222223 0.6317708333333333 0.25 0.634375 0.24814814814814815 0.6328125 0.24259259259259258 0.634375 0.21481481481481482 0.6302083333333334 0.20925925925925926
2 0.690625 0.23055555555555557 0.6911458333333333 0.24814814814814815 0.6895833333333333 0.2601851851851852 0.6921875 0.262037037037037 0.6947916666666667 0.2518518518518518 0.6984375 0.2462962962962963 0.7 0.22962962962962963 0.6984375 0.22407407407407406 0.69375 0.22314814814814815
2 0.7697916666666667 0.28703703703703703 0.7682291666666666 0.3 0.7734375 0.30277777777777776 0.7755208333333333 0.3074074074074074 0.7796875 0.3074074074074074 0.7791666666666667 0.2916666666666667 0.775 0.28055555555555556 0.7723958333333333 0.28055555555555556
1 0.21927083333333333 0.36666666666666664 0.21458333333333332 0.3824074074074074 0.21458333333333332 0.3888888888888889 0.22135416666666666 0.4009259259259259 0.22291666666666668 0.41759259259259257 0.21666666666666667 0.41944444444444445 0.215625 0.42314814814814816 0.21875 0.4324074074074074 0.22447916666666667 0.43703703703703706 0.22708333333333333 0.4324074074074074 0.23125 0.4324074074074074 0.2375 0.42314814814814816 0.2421875 0.4212962962962963 0.24270833333333333 0.41203703703703703 0.2390625 0.4046296296296296 0.2359375 0.3888888888888889 0.23541666666666666 0.34814814814814815 0.23072916666666668 0.34814814814814815