0 0.14829166666666668 0.4316574074074074 0.007750000000000001 0.01336111111111111
2 0.11294791666666668 0.39408333333333334 0.03710416666666667 0.1269074074074074
2 0.14007291666666666 0.2763611111111111 0.019020833333333334 0.09184259259259259
2 0.200890625 0.3214444444444445 0.030291666666666665 0.08099074074074074
2 0.24867708333333333 0.2995277777777778 0.027708333333333335 0.10311111111111111
2 0.28883333333333333 0.31539814814814815 0.023953125000000002 0.10562037037037036
2 0.34460416666666666 0.3448240740740741 0.035458333333333335 0.11021296296296297
2 0.3921614583333334 0.31354629629629627 0.01896875 0.10117592592592592
2 0.39823437500000003 0.2740185185185185 0.013932291666666667 0.07483333333333332
2 0.5746041666666667 0.32672222222222225 0.0299375 0.1190925925925926
1 0.21862499999999999 0.38372222222222224 0.04157291666666666 0.08380555555555556
1 0.6806249999999999 0.23150925925925925 0.015458333333333333 0.0655462962962963