1 0.24591666666666667 0.35524074074074075 0.0325625 0.13758333333333334
1 0.6910260416666667 0.24171296296296296 0.014380208333333333 0.04135185185185185
2 0.48316666666666663 0.24209259259259258 0.028333333333333332 0.0827037037037037
2 0.5172135416666667 0.19735185185185183 0.014380208333333333 0.042851851851851856
2 0.53053125 0.2710370370370371 0.025796875 0.07894444444444446
2 0.5220729166666667 0.2304351851851852 0.014802083333333334 0.05487962962962963
2 0.5806458333333333 0.3653888888888889 0.04313541666666666 0.15187037037037038
2 0.6163854166666667 0.22485185185185186 0.0140625 0.051944444444444446
2 0.6654479166666667 0.22610185185185186 0.0109375 0.04055555555555555
2 0.6684166666666667 0.2669351851851852 0.014375 0.06555555555555555
2 0.7110729166666666 0.2548518518518519 0.0115625 0.05472222222222222
2 0.7213072916666667 0.2901296296296296 0.01640625 0.0575