2 0.69375 0.29444444444444445 0.69375 0.3175925925925926 0.6953125 0.3277777777777778 0.6979166666666666 0.3277777777777778 0.6979166666666666 0.3226851851851852 0.7026041666666667 0.32592592592592595 0.7067708333333333 0.2916666666666667 0.70625 0.2824074074074074 0.6994791666666667 0.2759259259259259 0.703125 0.27037037037037037 0.6994791666666667 0.2712962962962963
2 0.4609375 0.2175925925925926 0.4625 0.25 0.45677083333333335 0.25555555555555554 0.45625 0.262037037037037 0.45989583333333334 0.25555555555555554 0.46197916666666666 0.2574074074074074 0.46458333333333335 0.26666666666666666 0.4666666666666667 0.26666666666666666 0.4671875 0.26481481481481484 0.4630208333333333 0.25925925925925924 0.4671875 0.2564814814814815 0.46822916666666664 0.25277777777777777 0.46770833333333334 0.2074074074074074 0.46458333333333335 0.2074074074074074
2 0.6390625 0.3333333333333333 0.6395833333333333 0.3416666666666667 0.6447916666666667 0.34814814814814815 0.6453125 0.3638888888888889 0.6473958333333333 0.3685185185185185 0.6401041666666667 0.4009259259259259 0.64375 0.40925925925925927 0.6473958333333333 0.41203703703703703 0.6484375 0.40925925925925927 0.6442708333333333 0.40370370370370373 0.6442708333333333 0.3990740740740741 0.6458333333333334 0.39166666666666666 0.65 0.3851851851851852 0.6541666666666667 0.3888888888888889 0.6572916666666667 0.39814814814814814 0.6614583333333334 0.39351851851851855 0.6526041666666667 0.37962962962962965 0.659375 0.3638888888888889 0.6552083333333333 0.34444444444444444 0.6505208333333333 0.3351851851851852 0.64375 0.3296296296296296
2 0.21875 0.2833333333333333 0.21875 0.33055555555555555 0.21458333333333332 0.35555555555555557 0.21875 0.35555555555555557 0.215625 0.3490740740740741 0.21614583333333334 0.34629629629629627 0.21875 0.34814814814814815 0.22135416666666666 0.33611111111111114 0.22552083333333334 0.3296296296296296 0.22916666666666666 0.33240740740740743 0.23333333333333334 0.34814814814814815 0.2375 0.35555555555555557 0.23854166666666668 0.34814814814814815 0.234375 0.33796296296296297 0.22708333333333333 0.30833333333333335 0.22760416666666666 0.3037037037037037 0.23177083333333334 0.3 0.23125 0.29814814814814816 0.2296875 0.30092592592592593 0.22604166666666667 0.29259259259259257 0.22552083333333334 0.2759259259259259 0.22864583333333333 0.26851851851851855 0.2265625 0.2574074074074074 0.22135416666666666 0.2638888888888889
2 0.5859375 0.21851851851851853 0.5848958333333333 0.24351851851851852 0.58125 0.25462962962962965 0.5859375 0.25555555555555554 0.5869791666666667 0.25277777777777777 0.5916666666666667 0.25925925925925924 0.5895833333333333 0.25555555555555554 0.5921875 0.25277777777777777 0.5890625 0.25 0.5927083333333333 0.24351851851851852 0.5942708333333333 0.23055555555555557 0.5973958333333333 0.22592592592592592 0.5942708333333333 0.20555555555555555 0.5901041666666667 0.20555555555555555
1 0.6895833333333333 0.23425925925925925 0.6875 0.25092592592592594 0.696875 0.25462962962962965 0.6994791666666667 0.24351851851851852 0.6984375 0.22870370370370371 0.6942708333333333 0.22407407407407406
2 0.44375 0.28888888888888886 0.44427083333333334 0.31851851851851853 0.44583333333333336 0.3277777777777778 0.4479166666666667 0.33055555555555555 0.4479166666666667 0.3490740740740741 0.44583333333333336 0.3592592592592593 0.45260416666666664 0.36203703703703705 0.45364583333333336 0.35185185185185186 0.45989583333333334 0.3351851851851852 0.45677083333333335 0.32037037037037036 0.45416666666666666 0.29074074074074074 0.45625 0.26944444444444443 0.4505208333333333 0.26851851851851855 0.44895833333333335 0.2796296296296296
2 0.4734375 0.23981481481481481 0.47291666666666665 0.25925925925925924 0.4703125 0.2777777777777778 0.46927083333333336 0.28055555555555556 0.4625 0.2824074074074074 0.4609375 0.287962962962963 0.4671875 0.28888888888888886 0.47708333333333336 0.28425925925925927 0.4786458333333333 0.28888888888888886 0.478125 0.3055555555555556 0.48072916666666665 0.31203703703703706 0.48072916666666665 0.2351851851851852 0.47604166666666664 0.2351851851851852
2 0.5203125 0.37592592592592594 0.5203125 0.40185185185185185 0.5234375 0.40925925925925927 0.5234375 0.4148148148148148 0.5145833333333333 0.4305555555555556 0.5151041666666667 0.43703703703703706 0.51875 0.4444444444444444 0.5197916666666667 0.4324074074074074 0.5276041666666667 0.4212962962962963 0.5322916666666667 0.4185185185185185 0.5348958333333333 0.42314814814814816 0.5348958333333333 0.4462962962962963 0.5395833333333333 0.45092592592592595 0.5416666666666666 0.44814814814814813 0.5385416666666667 0.43796296296296294 0.5411458333333333 0.4212962962962963 0.5322916666666667 0.3990740740740741 0.5322916666666667 0.362962962962963 0.5369791666666667 0.3527777777777778 0.5364583333333334 0.3435185185185185 0.5296875 0.3435185185185185
2 0.6072916666666667 0.3731481481481482 0.60625 0.38055555555555554 0.6083333333333333 0.38425925925925924 0.6135416666666667 0.3648148148148148 0.6192708333333333 0.3574074074074074 0.6223958333333334 0.36203703703703705 0.6244791666666667 0.3824074074074074 0.6265625 0.3851851851851852 0.6286458333333333 0.37962962962962965 0.6302083333333334 0.3731481481481482 0.628125 0.3490740740740741 0.6239583333333333 0.32592592592592595 0.6182291666666667 0.3277777777777778 0.6151041666666667 0.33240740740740743 0.6104166666666667 0.3638888888888889
1 0.22083333333333333 0.34814814814814815 0.21875 0.35185185185185186 0.21875 0.39814814814814814 0.22083333333333333 0.41759259259259257 0.2234375 0.42314814814814816 0.24114583333333334 0.425 0.24270833333333333 0.4212962962962963 0.24114583333333334 0.4046296296296296 0.23177083333333334 0.3907407407407407 0.234375 0.3712962962962963 0.22604166666666667 0.34814814814814815
2 0.728 0.39594444444444443 0.004838541666666666 0.061277777777777785
0 0.646375 0.4108055555555556 0.002932291666666667 0.011212962962962963