1 0.217421875 0.3508796296296296 0.03870833333333333 0.1475462962962963
1 0.68921875 0.23552777777777778 0.013677083333333334 0.06775
2 0.14080208333333333 0.2661851851851852 0.021302083333333333 0.09689814814814815
2 0.16453125 0.31839814814814815 0.016447916666666666 0.12112037037037038
2 0.34034375 0.2642777777777778 0.042520833333333334 0.12215740740740741
2 0.3699375 0.23706481481481478 0.020067708333333333 0.09555555555555556
2 0.38796875 0.2162037037037037 0.008505208333333332 0.08406481481481481
2 0.42555729166666667 0.24129629629629631 0.016328125000000002 0.09797222222222222
2 0.46978125 0.293 0.03741666666666667 0.13727777777777778
2 0.5636666666666666 0.2730462962962963 0.021770833333333333 0.08889814814814816
2 0.5743854166666666 0.2285925925925926 0.013265625 0.06410185185185185
2 0.65815625 0.2593888888888889 0.017213541666666665 0.07987037037037037