1 0.23209895833333333 0.3761574074074074 0.035807291666666664 0.09490740740740741
1 0.685546875 0.23553703703703704 0.013020833333333334 0.047453703703703706
2 0.35934895833333336 0.2920277777777778 0.030932291666666667 0.11680555555555557
2 0.447859375 0.2253888888888889 0.014677083333333334 0.05098148148148148
2 0.464453125 0.23602777777777778 0.023484375000000002 0.04737037037037037
0 0.44898958333333333 0.2561018518518518 0.0038385416666666668 0.008027777777777778
2 0.45858333333333334 0.32814814814814813 0.030708333333333334 0.12001851851851852
2 0.505546875 0.20552777777777778 0.012578124999999999 0.058138888888888886
2 0.5463697916666667 0.20837037037037037 0.007776041666666666 0.05000925925925926
2 0.5526614583333332 0.22606481481481483 0.010291666666666668 0.06830555555555555
2 0.5770156249999999 0.2823703703703703 0.020125 0.0922962962962963
2 0.6543177083333334 0.24375 0.013265625 0.06708333333333334
2 0.743359375 0.28899074074074077 0.018291666666666664 0.08162037037037037