0 0.36822916666666666 0.6462962962962963 0.36666666666666664 0.6527777777777778 0.36770833333333336 0.6555555555555556 0.37083333333333335 0.6555555555555556 0.3723958333333333 0.649074074074074
2 0.4432291666666667 0.29074074074074074 0.4427083333333333 0.30185185185185187 0.4473958333333333 0.3138888888888889 0.4473958333333333 0.3314814814814815 0.4510416666666667 0.34814814814814815 0.45 0.36018518518518516 0.45416666666666666 0.36203703703703705 0.45677083333333335 0.32407407407407407 0.4583333333333333 0.31851851851851853 0.4630208333333333 0.31666666666666665 0.4609375 0.31666666666666665 0.4630208333333333 0.31141944444444447 0.46041666666666664 0.30925925925925923 0.4630208333333333 0.3061731481481481 0.4625 0.29444444444444445 0.46145833333333336 0.28888888888888886 0.45677083333333335 0.2824074074074074 0.45625 0.2712962962962963 0.45208333333333334 0.2712962962962963 0.44895833333333335 0.2824074074074074
2 0.6328125 0.3425925925925926 0.6328125 0.3611111111111111 0.6307291666666667 0.3731481481481482 0.6333333333333333 0.37962962962962965 0.634375 0.4 0.6385416666666667 0.4111111111111111 0.6364583333333333 0.42592592592592593 0.6411458333333333 0.42592592592592593 0.6432291666666666 0.41759259259259257 0.6463541666666667 0.4166666666666667 0.65 0.4074074074074074 0.6494791666666667 0.4027777777777778 0.64375 0.4009259259259259 0.6427083333333333 0.3972222222222222 0.6484375 0.3731481481481482 0.6489583333333333 0.35555555555555557 0.6473958333333333 0.34814814814814815 0.6416666666666667 0.33796296296296297 0.6411458333333333 0.32407407407407407 0.6354166666666666 0.325 0.6348958333333333 0.337037037037037
2 0.7479166666666667 0.32592592592592595 0.7473958333333334 0.3351851851851852 0.7430921875000001 0.3872805555555555 0.7499598958333333 0.39314166666666667 0.759375 0.3416666666666667 0.7598958333333333 0.32407407407407407 0.75625 0.3055555555555556 0.7515625 0.3074074074074074
1 0.6895833333333333 0.2324074074074074 0.6875 0.25092592592592594 0.6885416666666667 0.25462962962962965 0.6958333333333333 0.25462962962962965 0.6989583333333333 0.24814814814814815 0.6994791666666667 0.2324074074074074 0.6953125 0.22407407407407406
2 0.5234375 0.48333333333333334 0.5244791666666667 0.5120370370370371 0.51875 0.5370370370370371 0.5244791666666667 0.5324074074074074 0.5255208333333333 0.5277777777777778 0.5291666666666667 0.5305555555555556 0.5322916666666667 0.55 0.5291666666666667 0.5574074074074075 0.5291666666666667 0.562962962962963 0.534375 0.5694444444444444 0.5348958333333333 0.5796296296296296 0.5421875 0.6101851851851852 0.5380208333333333 0.6277777777777778 0.5390625 0.6305555555555555 0.54375 0.6305555555555555 0.5484375 0.625 0.5494791666666666 0.6185185185185185 0.5432291666666667 0.5842592592592593 0.5432291666666667 0.575 0.5484375 0.5638888888888889 0.5583333333333333 0.5666666666666667 0.5588541666666667 0.562037037037037 0.5541666666666667 0.5481481481481482 0.5484375 0.55 0.5489583333333333 0.5259259259259259 0.5473958333333333 0.5148148148148148 0.5427083333333333 0.5009259259259259 0.5369791666666667 0.49537037037037035 0.534375 0.4777777777777778 0.5276041666666667 0.4759259259259259
2 0.575 0.4962962962962963 0.575 0.5046296296296297 0.5776041666666667 0.5055555555555555 0.58125 0.4962962962962963 0.5848958333333333 0.5018518518518519 0.5828125 0.5138888888888888 0.5859375 0.5222222222222223 0.58125 0.5231481481481481 0.5802083333333333 0.5574074074074075 0.5864583333333333 0.5694444444444444 0.5875 0.575925925925926 0.5875 0.5851851851851851 0.5838541666666667 0.5898148148148148 0.5828125 0.5962962962962963 0.5901041666666667 0.5981481481481481 0.5942708333333333 0.5916666666666667 0.5942708333333333 0.5768518518518518 0.596875 0.5638888888888889 0.5947916666666667 0.5537037037037037 0.5947916666666667 0.5388888888888889 0.5994791666666667 0.5342592592592592 0.6015625 0.5212962962962963 0.6098958333333333 0.5092592592592593 0.6052083333333333 0.4824074074074074 0.6 0.47129629629629627 0.6010416666666667 0.4546296296296296 0.5984375 0.4462962962962963 0.59375 0.4444444444444444 0.5901041666666667 0.44814814814814813 0.5895833333333333 0.45740740740740743 0.5838541666666667 0.48055555555555557 0.5838541666666667 0.49166666666666664 0.5828125 0.4935185185185185 0.5796875 0.4888888888888889
2 0.28229166666666666 0.31666666666666665 0.28177083333333336 0.325 0.2869791666666667 0.35555555555555557 0.2869791666666667 0.3685185185185185 0.2916666666666667 0.37592592592592594 0.29322916666666665 0.38796296296296295 0.29322916666666665 0.4083333333333333 0.29739583333333336 0.40925925925925927 0.2994791666666667 0.40555555555555556 0.29739583333333336 0.3888888888888889 0.30520833333333336 0.3888888888888889 0.3020833333333333 0.38796296296296295 0.30052083333333335 0.38333333333333336 0.30520833333333336 0.38055555555555554 0.30364583333333334 0.36203703703703705 0.30104166666666665 0.35185185185185186 0.3015625 0.34629629629629627 0.30364583333333334 0.3435185185185185 0.30520833333333336 0.32314814814814813 0.2947916666666667 0.30185185185185187 0.29322916666666665 0.2916666666666667 0.28802083333333334 0.2935185185185185 0.2875 0.3055555555555556
2 0.7255208333333333 0.30277777777777776 0.7255208333333333 0.31203703703703706 0.7375 0.3101851851851852 0.7359375 0.2916666666666667 0.7333333333333333 0.28703703703703703 0.7307291666666667 0.28888888888888886
2 0.5442708333333334 0.25092592592592594 0.5432291666666667 0.28888888888888886 0.5411458333333333 0.2962962962962963 0.5453125 0.2962962962962963 0.5479166666666667 0.28055555555555556 0.55 0.2777777777777778 0.5526041666666667 0.2916666666666667 0.5567708333333333 0.30277777777777776 0.5567708333333333 0.2935185185185185 0.5536458333333333 0.27685185185185185 0.5552083333333333 0.24444444444444444 0.5520833333333334 0.23981481481481481 0.5505208333333333 0.23055555555555557 0.5473958333333333 0.23333333333333334
2 0.5885416666666666 0.23148148148148148 0.5833333333333334 0.24259259259259258 0.5833333333333334 0.25092592592592594 0.5864583333333333 0.25833333333333336 0.5869791666666667 0.26481481481481484 0.5864583333333333 0.2759259259259259 0.5833333333333334 0.2833333333333333 0.5885416666666666 0.28425925925925927 0.5901041666666667 0.2916666666666667 0.5921875 0.2935185185185185 0.5932291666666667 0.2851851851851852 0.5916666666666667 0.2722222222222222 0.5958333333333333 0.25277777777777777 0.59375 0.22962962962962963 0.5911458333333334 0.22777777777777777
1 0.21875 0.38796296296296295 0.21822916666666667 0.41388888888888886 0.21979166666666666 0.4305555555555556 0.2234375 0.4351851851851852 0.2359375 0.4324074074074074 0.24114583333333334 0.41388888888888886 0.240625 0.387037037037037 0.22916666666666666 0.3648148148148148 0.225 0.3638888888888889 0.22135416666666666 0.3685185185185185
2 0.5776041666666667 0.21203703703703702 0.5796875 0.2574074074074074 0.5817708333333333 0.2574074074074074 0.5833333333333334 0.24259259259259258 0.5859375 0.23425925925925925 0.5869791666666667 0.21666666666666667 0.58125 0.20277777777777778