2 0.6697916666666667 0.4212962962962963 0.6723958333333333 0.4305555555555556 0.671875 0.45925925925925926 0.6734375 0.46296296296296297 0.671875 0.4666666666666667 0.6682291666666667 0.4666666666666667 0.6677083333333333 0.46296296296296297 0.6661458333333333 0.4222222222222222 0.6692708333333334 0.4212962962962963
2 0.6265625 0.40555555555555556 0.6296875 0.4212962962962963 0.6291666666666667 0.4388888888888889 0.6265625 0.44074074074074077 0.6239583333333333 0.42962962962962964 0.6239583333333333 0.41203703703703703 0.6260416666666667 0.40555555555555556
2 0.41458333333333336 0.44166666666666665 0.42135416666666664 0.48703703703703705 0.41822916666666665 0.49907407407407406 0.41822916666666665 0.5074074074074074 0.41458333333333336 0.5027777777777778 0.4140625 0.48518518518518516 0.4078125 0.4601851851851852 0.40989583333333335 0.4425925925925926 0.4140625 0.44166666666666665
2 0.5947916666666667 0.41203703703703703 0.5994791666666667 0.42777777777777776 0.5984375 0.4425925925925926 0.5942708333333333 0.4388888888888889 0.5916666666666667 0.41944444444444445 0.5916666666666667 0.41203703703703703 0.5942708333333333 0.41203703703703703
2 0.5630208333333333 0.48703703703703705 0.5614583333333333 0.43703703703703706 0.5640625 0.425 0.5677083333333334 0.425 0.56875 0.42777777777777776 0.5708333333333333 0.44351851851851853 0.5708333333333333 0.4666666666666667 0.5744791666666667 0.4777777777777778 0.575 0.48703703703703705 0.5682291666666667 0.4685185185185185 0.5651041666666666 0.4759259259259259 0.5671875 0.48703703703703705 0.5635416666666667 0.48703703703703705
2 0.546875 0.4759259259259259 0.5484375 0.47962962962962963 0.5473958333333333 0.4898148148148148 0.5510416666666667 0.49907407407407406 0.5520833333333334 0.5111111111111111 0.5479166666666667 0.5453703703703704 0.5484375 0.5546296296296296 0.5510416666666667 0.5601851851851852 0.546875 0.562037037037037 0.5432291666666667 0.5555555555555556 0.5401041666666667 0.562962962962963 0.5375 0.5537037037037037 0.5432291666666667 0.5425925925925926 0.54375 0.5361111111111111 0.5401041666666667 0.524074074074074 0.5359375 0.5203703703703704 0.5364583333333334 0.5018518518518519 0.5390625 0.49166666666666664 0.5421875 0.487962962962963 0.5432291666666667 0.4777777777777778 0.5463541666666667 0.4759259259259259
2 0.44114583333333335 0.4305555555555556 0.44583333333333336 0.4898148148148148 0.44114583333333335 0.4888888888888889 0.4390625 0.49166666666666664 0.4354166666666667 0.487962962962963 0.43697916666666664 0.4759259259259259 0.4354166666666667 0.4425925925925926 0.4375 0.43148148148148147 0.440625 0.4305555555555556
2 0.7421875 0.46574074074074073 0.7421875 0.475 0.7458333333333333 0.4888888888888889 0.7411458333333333 0.5212962962962963 0.7411458333333333 0.537962962962963 0.7385416666666667 0.5370370370370371 0.7375 0.5259259259259259 0.7359375 0.5398148148148149 0.7333333333333333 0.5388888888888889 0.7328125 0.487962962962963 0.7380208333333333 0.4740740740740741 0.7380208333333333 0.4666666666666667 0.7416666666666667 0.46574074074074073
2 0.7515625 0.41759259259259257 0.7546875 0.41574074074074074 0.7567708333333333 0.42685185185185187 0.7567708333333333 0.45555555555555555 0.7515625 0.45555555555555555 0.7515625 0.4185185185185185
1 0.23125 0.5157407407407407 0.23385416666666667 0.5212962962962963 0.234375 0.5333333333333333 0.24270833333333333 0.5537037037037037 0.24114583333333334 0.5583333333333333 0.24166666666666667 0.5916666666666667 0.24010416666666667 0.6055555555555555 0.24114583333333334 0.6194444444444445 0.24375 0.6231481481481481 0.2421875 0.6259259259259259 0.2375 0.6222222222222222 0.23385416666666667 0.625 0.23229166666666667 0.6203703703703703 0.2328125 0.5916666666666667 0.22760416666666666 0.5685185185185185 0.22864583333333333 0.5601851851851852 0.225 0.5518518518518518 0.22552083333333334 0.5203703703703704 0.23072916666666668 0.5157407407407407
1 0.6744791666666666 0.46574074074074073 0.6723958333333333 0.44351851851851853 0.6744791666666666 0.42314814814814816 0.678125 0.42314814814814816 0.6796875 0.4324074074074074 0.6796875 0.44166666666666665 0.675 0.46574074074074073
2 0.5121302083333333 0.4337777777777778 0.0129375 0.04491666666666667