2 0.35208333333333336 0.45740740740740743 0.36041666666666666 0.46944444444444444 0.3578125 0.5194444444444445 0.35572916666666665 0.525 0.3536458333333333 0.5120370370370371 0.3494791666666667 0.5018518518518519 0.35208333333333336 0.48055555555555557 0.3494791666666667 0.4703703703703704 0.35208333333333336 0.4583333333333333
2 0.4473958333333333 0.5037037037037037 0.44947916666666665 0.5101851851851852 0.4484375 0.5361111111111111 0.44166666666666665 0.5537037037037037 0.4484375 0.5740740740740741 0.4427083333333333 0.5796296296296296 0.4427083333333333 0.5703703703703704 0.4395833333333333 0.562037037037037 0.43645833333333334 0.5648148148148148 0.43385416666666665 0.575 0.4317708333333333 0.575 0.4317708333333333 0.5694444444444444 0.43802083333333336 0.5361111111111111 0.4401041666666667 0.5046296296296297 0.4390625 0.4898148148148148 0.4432291666666667 0.487962962962963 0.446875 0.5037037037037037
2 0.5604166666666667 0.48148148148148145 0.5640625 0.4861111111111111 0.5635416666666667 0.4981481481481482 0.5661458333333333 0.5101851851851852 0.5651041666666666 0.5398148148148149 0.5614583333333333 0.549074074074074 0.5651041666666666 0.562962962962963 0.5640625 0.5722222222222222 0.5604166666666667 0.5740740740740741 0.5583333333333333 0.5694444444444444 0.5536458333333333 0.5731481481481482 0.5526041666666667 0.5712962962962963 0.5546875 0.5611111111111111 0.5520833333333334 0.5435185185185185 0.5557291666666667 0.5268518518518519 0.5536458333333333 0.5148148148148148 0.5578125 0.5092592592592593 0.5578125 0.4861111111111111 0.5598958333333334 0.4824074074074074
2 0.38385416666666666 0.5120370370370371 0.38229166666666664 0.5296296296296297 0.378125 0.5324074074074074 0.37864583333333335 0.5203703703703704 0.37395833333333334 0.5018518518518519 0.3776041666666667 0.4648148148148148 0.3765625 0.45185185185185184 0.37864583333333335 0.44907407407407407 0.38177083333333334 0.45185185185185184 0.38385416666666666 0.4666666666666667 0.3848958333333333 0.49166666666666664 0.3807291666666667 0.5046296296296297 0.38333333333333336 0.5120370370370371
2 0.30364583333333334 0.4388888888888889 0.30572916666666666 0.4398148148148148 0.3098958333333333 0.4564814814814815 0.309375 0.47314814814814815 0.315625 0.5083333333333333 0.31354166666666666 0.5111111111111111 0.309375 0.49537037037037035 0.30572916666666666 0.4925925925925926 0.296875 0.5027777777777778 0.29322916666666665 0.5194444444444445 0.2911458333333333 0.5166666666666667 0.29322916666666665 0.5018518518518519 0.29791666666666666 0.49074074074074076 0.3026041666666667 0.46296296296296297 0.2984375 0.4527777777777778 0.3026041666666667 0.44722222222222224 0.30364583333333334 0.4398148148148148
2 0.32447916666666665 0.46944444444444444 0.328125 0.48055555555555557 0.32864583333333336 0.49074074074074076 0.3260416666666667 0.49722222222222223 0.32395833333333335 0.525 0.32135416666666666 0.5268518518518519 0.31979166666666664 0.5259259259259259 0.32083333333333336 0.49722222222222223 0.31927083333333334 0.48518518518518516 0.31666666666666665 0.48055555555555557 0.31666666666666665 0.4685185185185185 0.32083333333333336 0.4638888888888889 0.32395833333333335 0.46944444444444444
2 0.5916666666666667 0.4203703703703704 0.5932291666666667 0.42962962962962964 0.5932291666666667 0.4601851851851852 0.5916666666666667 0.462037037037037 0.5880208333333333 0.45092592592592595 0.5880208333333333 0.4351851851851852 0.5864583333333333 0.4305555555555556 0.5880208333333333 0.4222222222222222 0.5911458333333334 0.4212962962962963
2 0.7234375 0.42962962962962964 0.728125 0.44166666666666665 0.7244791666666667 0.48333333333333334 0.721875 0.4861111111111111 0.71875 0.4842592592592593 0.71875 0.44537037037037036 0.7229166666666667 0.4305555555555556
2 0.38697916666666665 0.44351851851851853 0.3927083333333333 0.4685185185185185 0.39166666666666666 0.4842592592592593 0.39739583333333334 0.49166666666666664 0.396875 0.49444444444444446 0.39375 0.49444444444444446 0.390625 0.4888888888888889 0.3875 0.49166666666666664 0.38697916666666665 0.5148148148148148 0.3848958333333333 0.5111111111111111 0.3854166666666667 0.45925925925925926 0.38333333333333336 0.44907407407407407 0.38333333333333336 0.4444444444444444 0.38645833333333335 0.44351851851851853
2 0.5255208333333333 0.44907407407407407 0.5328125 0.4898148148148148 0.5354166666666667 0.4925925925925926 0.5401041666666667 0.49166666666666664 0.5421875 0.4981481481481482 0.5395833333333333 0.5 0.5291666666666667 0.4935185185185185 0.5255208333333333 0.49537037037037035 0.5223958333333333 0.5194444444444445 0.5171875 0.5185185185185185 0.5208333333333334 0.5046296296296297 0.521875 0.4648148148148148 0.5203125 0.45 0.5213541666666667 0.44722222222222224 0.525 0.44907407407407407
1 0.25833333333333336 0.5527777777777778 0.26197916666666665 0.5527777777777778 0.26197916666666665 0.5611111111111111 0.253125 0.5814814814814815 0.2635416666666667 0.6018518518518519 0.2671875 0.6064814814814815 0.27239583333333334 0.6074074074074074 0.2734375 0.6129629629629629 0.2640625 0.6157407407407407 0.2546875 0.6074074074074074 0.24479166666666666 0.6092592592592593 0.23958333333333334 0.6064814814814815 0.2375 0.5981481481481481 0.23333333333333334 0.5981481481481481 0.2359375 0.5916666666666667 0.23854166666666668 0.5472222222222223 0.24427083333333333 0.5444444444444444 0.24635416666666668 0.5564814814814815 0.25364583333333335 0.5666666666666667 0.2578125 0.562962962962963 0.25833333333333336 0.5537037037037037
1 0.6770833333333334 0.42407407407407405 0.6791666666666667 0.44351851851851853 0.6786458333333333 0.44907407407407407 0.6755208333333333 0.45185185185185184 0.6708333333333333 0.45092592592592595 0.6703125 0.4462962962962963 0.6729166666666667 0.42592592592592593 0.6765625 0.42407407407407405
0 0.3052708333333333 0.5095833333333334 0.007223958333333333 0.010037037037037037