2 0.43385416666666665 0.487962962962963 0.4354166666666667 0.4888888888888889 0.4359375 0.5009259259259259 0.44427083333333334 0.5148148148148148 0.44427083333333334 0.5185185185185185 0.43854166666666666 0.5268518518518519 0.440625 0.55 0.4421875 0.5546296296296296 0.45208333333333334 0.5638888888888889 0.45416666666666666 0.5740740740740741 0.4515625 0.5777777777777777 0.4473958333333333 0.5666666666666667 0.4322916666666667 0.5527777777777778 0.428125 0.5851851851851851 0.42552083333333335 0.5879629629629629 0.42239583333333336 0.5842592592592593 0.425 0.575 0.428125 0.5370370370370371 0.42552083333333335 0.5157407407407407 0.43020833333333336 0.5 0.43020833333333336 0.49074074074074076 0.43333333333333335 0.487962962962963
2 0.40572916666666664 0.45 0.40729166666666666 0.4527777777777778 0.40572916666666664 0.46574074074074073 0.40729166666666666 0.4962962962962963 0.4041666666666667 0.5074074074074074 0.4046875 0.512962962962963 0.40208333333333335 0.5157407407407407 0.39791666666666664 0.5138888888888888 0.4 0.4962962962962963 0.3984375 0.4722222222222222 0.4015625 0.4527777777777778 0.40520833333333334 0.45
2 0.5151041666666667 0.4675925925925926 0.5119791666666667 0.4564814814814815 0.509375 0.4666666666666667 0.5078125 0.4666666666666667 0.5098958333333333 0.45 0.5083333333333333 0.43148148148148147 0.5109375 0.4222222222222222 0.5151041666666667 0.41759259259259257 0.5182291666666666 0.43148148148148147 0.515625 0.4675925925925926
2 0.7 0.5083333333333333 0.7026041666666667 0.5027777777777778 0.703125 0.462037037037037 0.7052083333333333 0.44722222222222224 0.70625 0.4444444444444444 0.709375 0.44537037037037036 0.7130208333333333 0.4648148148148148 0.7098958333333333 0.48333333333333334 0.70625 0.4925925925925926 0.7052083333333333 0.5083333333333333 0.7005208333333334 0.5092592592592593
2 0.425 0.4685185185185185 0.4276041666666667 0.48518518518518516 0.4276041666666667 0.5037037037037037 0.42552083333333335 0.5175925925925926 0.4270833333333333 0.5314814814814814 0.4244791666666667 0.5435185185185185 0.4244791666666667 0.5564814814814815 0.421875 0.5611111111111111 0.41510416666666666 0.49074074074074076 0.4203125 0.4787037037037037 0.42135416666666664 0.46944444444444444 0.4244791666666667 0.4685185185185185
2 0.6151041666666667 0.4222222222222222 0.6171875 0.425 0.6171875 0.4398148148148148 0.6197916666666666 0.44351851851851853 0.6203125 0.44907407407407407 0.6125 0.44166666666666665 0.6104166666666667 0.44722222222222224 0.6083333333333333 0.4462962962962963 0.6083333333333333 0.42407407407407405 0.6119791666666666 0.4203703703703704 0.6145833333333334 0.4222222222222222
2 0.5536458333333333 0.4212962962962963 0.5552083333333333 0.425 0.5541666666666667 0.45555555555555555 0.5510416666666667 0.46296296296296297 0.5473958333333333 0.46296296296296297 0.546875 0.4398148148148148 0.5479166666666667 0.4287037037037037 0.553125 0.4222222222222222
2 0.5234375 0.4351851851851852 0.5296875 0.43425925925925923 0.5322916666666667 0.44537037037037036 0.5270833333333333 0.4777777777777778 0.5270833333333333 0.4981481481481482 0.5255208333333333 0.4981481481481482 0.5223958333333333 0.48148148148148145 0.51875 0.4981481481481482 0.5161458333333333 0.4981481481481482 0.5208333333333334 0.4722222222222222 0.5234375 0.4361111111111111
2 0.4739583333333333 0.4203703703703704 0.47760416666666666 0.4361111111111111 0.475 0.44814814814814813 0.47708333333333336 0.4601851851851852 0.46979166666666666 0.45185185185185184 0.4635416666666667 0.46111111111111114 0.4625 0.4583333333333333 0.465625 0.4527777777777778 0.46875 0.43148148148148147 0.4734375 0.4203703703703704
2 0.6716145833333333 0.4726851851851852 0.015104166666666667 0.05462962962962963
1 0.24479166666666666 0.5361111111111111 0.24791666666666667 0.5425925925925926 0.24947916666666667 0.5851851851851851 0.25364583333333335 0.6157407407407407 0.24895833333333334 0.6194444444444445 0.23541666666666666 0.6212962962962963 0.23229166666666667 0.6166666666666667 0.23177083333333334 0.6037037037037037 0.23697916666666666 0.5990740740740741 0.23645833333333333 0.5638888888888889 0.23958333333333334 0.5518518518518518 0.2390625 0.5407407407407407 0.24427083333333333 0.5361111111111111
1 0.6791666666666667 0.425 0.6822916666666666 0.42777777777777776 0.684375 0.43796296296296294 0.684375 0.45 0.6822916666666666 0.45185185185185184 0.6755208333333333 0.44907407407407407 0.6755208333333333 0.43703703703703706 0.6786458333333333 0.425