2 0.5354166666666667 0.47685185185185186 0.5291666666666667 0.4759259259259259 0.5286458333333334 0.43333333333333335 0.5333333333333333 0.42777777777777776 0.5364583333333334 0.4351851851851852 0.5338541666666666 0.4675925925925926 0.5348958333333333 0.4759259259259259
2 0.6869791666666667 0.4203703703703704 0.6901041666666666 0.4287037037037037 0.6890625 0.46111111111111114 0.6859375 0.45925925925925926 0.6828125 0.44351851851851853 0.6828125 0.42962962962962964 0.684375 0.4212962962962963 0.6864583333333333 0.4203703703703704
2 0.5567708333333333 0.45 0.010416666666666666 0.044444444444444446
2 0.6510416666666666 0.4425925925925926 0.6520833333333333 0.4185185185185185 0.6552083333333333 0.412962962962963 0.6583333333333333 0.42407407407407405 0.6588541666666666 0.44907407407407407 0.6578125 0.4537037037037037 0.6557291666666667 0.4444444444444444 0.6515625 0.4425925925925926 0.6510416666666666 0.45092592592592595 0.6510416666666666 0.44351851851851853
2 0.671875 0.4148148148148148 0.6744791666666666 0.41574074074074074 0.6770833333333334 0.42407407407407405 0.6755208333333333 0.45555555555555555 0.671875 0.4564814814814815 0.6703125 0.43703703703703706 0.671875 0.41574074074074074
2 0.6098958333333333 0.4148148148148148 0.6114583333333333 0.4203703703703704 0.6104166666666667 0.45092592592592595 0.6052083333333333 0.46296296296296297 0.6026041666666667 0.4638888888888889 0.6020833333333333 0.45925925925925926 0.6057291666666667 0.44722222222222224 0.6052083333333333 0.42685185185185187 0.609375 0.4148148148148148
2 0.6135416666666667 0.4212962962962963 0.6161458333333333 0.4222222222222222 0.6182291666666667 0.4287037037037037 0.61875 0.44907407407407407 0.6161458333333333 0.4638888888888889 0.6104166666666667 0.4537037037037037 0.6104166666666667 0.42777777777777776 0.6130208333333333 0.4212962962962963
2 0.6369791666666667 0.43148148148148147 0.6432291666666666 0.44074074074074077 0.6416666666666667 0.4703703703703704 0.64375 0.48333333333333334 0.640625 0.4824074074074074 0.6369791666666667 0.47314814814814815 0.6333333333333333 0.48703703703703705 0.6322916666666667 0.48518518518518516 0.6348958333333333 0.4648148148148148 0.6338541666666667 0.4388888888888889 0.6364583333333333 0.4324074074074074
2 0.6302083333333334 0.4101851851851852 0.6364583333333333 0.42407407407407405 0.6338541666666667 0.4361111111111111 0.6333333333333333 0.45185185185185184 0.6296875 0.45092592592592595 0.6276041666666666 0.43148148148148147 0.6270833333333333 0.4203703703703704 0.6296875 0.4111111111111111
1 0.259375 0.49907407407407406 0.26614583333333336 0.5046296296296297 0.26666666666666666 0.5166666666666667 0.27447916666666666 0.5296296296296297 0.2734375 0.5425925925925926 0.28020833333333334 0.5722222222222222 0.28072916666666664 0.5916666666666667 0.28489583333333335 0.6018518518518519 0.28177083333333336 0.6046296296296296 0.2682291666666667 0.6018518518518519 0.26458333333333334 0.562962962962963 0.25833333333333336 0.5314814814814814 0.259375 0.5148148148148148 0.25677083333333334 0.5027777777777778 0.25885416666666666 0.49907407407407406
1 0.6786458333333333 0.42407407407407405 0.6817708333333333 0.4287037037037037 0.6828125 0.4351851851851852 0.6828125 0.4462962962962963 0.6786458333333333 0.45925925925925926 0.675 0.45740740740740743 0.6734375 0.45185185185185184 0.6744791666666666 0.42685185185185187 0.678125 0.42407407407407405