2 0.4354166666666667 0.4444444444444444 0.4427083333333333 0.4601851851851852 0.44375 0.48055555555555557 0.44895833333333335 0.4888888888888889 0.44895833333333335 0.4962962962962963 0.44583333333333336 0.49907407407407406 0.4390625 0.48703703703703705 0.4375 0.4759259259259259 0.43333333333333335 0.4666666666666667 0.4322916666666667 0.4546296296296296 0.43333333333333335 0.4462962962962963 0.4348958333333333 0.44537037037037036
2 0.7760416666666666 0.42314814814814816 0.7791666666666667 0.43148148148148147 0.7796875 0.4537037037037037 0.7828125 0.4583333333333333 0.7822916666666667 0.46574074074074073 0.7796875 0.4601851851851852 0.7765625 0.4648148148148148 0.7739583333333333 0.4638888888888889 0.7734375 0.42962962962962964 0.7755208333333333 0.42314814814814816
2 0.4666666666666667 0.4351851851851852 0.4703125 0.4351851851851852 0.471875 0.44537037037037036 0.46979166666666666 0.46944444444444444 0.4703125 0.487962962962963 0.4671875 0.4759259259259259 0.46197916666666666 0.48703703703703705 0.4630208333333333 0.44537037037037036 0.4666666666666667 0.4361111111111111
2 0.5953125 0.41388888888888886 0.596875 0.4462962962962963 0.5932291666666667 0.4583333333333333 0.5916666666666667 0.45740740740740743 0.5901041666666667 0.425 0.5921875 0.41574074074074074 0.5947916666666667 0.41388888888888886
2 0.5619791666666667 0.4388888888888889 0.5640625 0.44166666666666665 0.5645833333333333 0.45 0.5609375 0.46574074074074073 0.5619791666666667 0.48518518518518516 0.5604166666666667 0.487962962962963 0.5572916666666666 0.4740740740740741 0.5546875 0.44166666666666665 0.5583333333333333 0.43796296296296294 0.5614583333333333 0.4388888888888889
2 0.7098958333333333 0.42777777777777776 0.7119791666666667 0.4305555555555556 0.7130208333333333 0.44537037037037036 0.7130208333333333 0.4666666666666667 0.709375 0.4759259259259259 0.7098958333333333 0.48148148148148145 0.70625 0.4824074074074074 0.7052083333333333 0.47962962962962963 0.7072916666666667 0.46944444444444444 0.70625 0.44166666666666665 0.709375 0.4287037037037037
2 0.5036458333333333 0.4324074074074074 0.5078125 0.4444444444444444 0.5046875 0.48055555555555557 0.5015625 0.48055555555555557 0.49947916666666664 0.46944444444444444 0.49947916666666664 0.4425925925925926 0.5010416666666667 0.43333333333333335 0.503125 0.4324074074074074
2 0.5739583333333333 0.4462962962962963 0.5802083333333333 0.46944444444444444 0.5796875 0.48703703703703705 0.575 0.512962962962963 0.5744791666666667 0.5287037037037037 0.571875 0.524074074074074 0.5692708333333333 0.49074074074074076 0.5661458333333333 0.48333333333333334 0.5677083333333334 0.46296296296296297 0.5708333333333333 0.4564814814814815 0.5703125 0.44907407407407407 0.5734375 0.44722222222222224
2 0.65 0.4305555555555556 0.6536458333333334 0.43703703703703706 0.65625 0.48148148148148145 0.659375 0.48518518518518516 0.6578125 0.4898148148148148 0.6552083333333333 0.4888888888888889 0.653125 0.47314814814814815 0.65 0.4703703703703704 0.6473958333333333 0.4787037037037037 0.6473958333333333 0.49166666666666664 0.64375 0.487962962962963 0.6463541666666667 0.4722222222222222 0.6463541666666667 0.44166666666666665 0.65 0.43148148148148147
1 0.24947916666666667 0.5120370370370371 0.2552083333333333 0.5111111111111111 0.25833333333333336 0.5268518518518519 0.26510416666666664 0.5398148148148149 0.26458333333333334 0.5509259259259259 0.26875 0.575 0.26875 0.5925925925925926 0.2635416666666667 0.6046296296296296 0.2671875 0.6157407407407407 0.2552083333333333 0.6194444444444445 0.2526041666666667 0.6074074074074074 0.25625 0.5981481481481481 0.25729166666666664 0.5851851851851851 0.24947916666666667 0.5370370370370371 0.24947916666666667 0.512962962962963
1 0.675 0.42314814814814816 0.678125 0.42407407407407405 0.6802083333333333 0.4351851851851852 0.678125 0.45092592592592595 0.6697916666666667 0.44907407407407407 0.6713541666666667 0.43333333333333335 0.675 0.42407407407407405
2 0.5554479166666667 0.4209074074074074 0.014541666666666668 0.04475