2 0.4666666666666667 0.4212962962962963 0.46875 0.4324074074074074 0.4661458333333333 0.45740740740740743 0.4666666666666667 0.47129629629629627 0.4635416666666667 0.47314814814814815 0.459375 0.44537037037037036 0.45989583333333334 0.4361111111111111 0.4661458333333333 0.4222222222222222
2 0.31875 0.4898148148148148 0.3182291666666667 0.5287037037037037 0.31614583333333335 0.5342592592592592 0.315625 0.5518518518518518 0.31145833333333334 0.5666666666666667 0.31354166666666666 0.5740740740740741 0.3109375 0.575925925925926 0.3067708333333333 0.5740740740740741 0.30885416666666665 0.5638888888888889 0.30885416666666665 0.5453703703703704 0.30625 0.5388888888888889 0.30572916666666666 0.5268518518518519 0.3072916666666667 0.512962962962963 0.3125 0.5009259259259259 0.31354166666666666 0.49074074074074076 0.3182291666666667 0.4898148148148148
2 0.328125 0.4861111111111111 0.010416666666666666 0.06851851851851852
2 0.6161458333333333 0.44074074074074077 0.6197916666666666 0.44074074074074077 0.6244791666666667 0.46574074074074073 0.6229166666666667 0.4935185185185185 0.6161458333333333 0.4935185185185185 0.6161458333333333 0.44166666666666665
2 0.6541666666666667 0.44537037037037036 0.6578125 0.44537037037037036 0.6598958333333333 0.4527777777777778 0.6682291666666667 0.4638888888888889 0.6697916666666667 0.4703703703703704 0.6682291666666667 0.4740740740740741 0.6661458333333333 0.4648148148148148 0.6635416666666667 0.4648148148148148 0.6609375 0.49907407407407406 0.6578125 0.4981481481481482 0.6541666666666667 0.5092592592592593 0.6526041666666667 0.4898148148148148 0.6541666666666667 0.4462962962962963
2 0.40260416666666665 0.4888888888888889 0.40572916666666664 0.49444444444444446 0.4010416666666667 0.49074074074074076 0.39739583333333334 0.49444444444444446 0.39739583333333334 0.5120370370370371 0.38645833333333335 0.5259259259259259 0.38385416666666666 0.5361111111111111 0.3807291666666667 0.5333333333333333 0.3807291666666667 0.5287037037037037 0.3890625 0.512962962962963 0.3890625 0.48703703703703705 0.3932291666666667 0.47129629629629627 0.4005208333333333 0.46296296296296297 0.40208333333333335 0.4648148148148148 0.40208333333333335 0.4888888888888889
2 0.45729166666666665 0.44537037037037036 0.46145833333333336 0.4527777777777778 0.4625 0.46111111111111114 0.4552083333333333 0.47962962962962963 0.453125 0.49537037037037035 0.4505208333333333 0.4759259259259259 0.45260416666666664 0.4527777777777778 0.45677083333333335 0.44537037037037036
2 0.5359375 0.4546296296296296 0.540625 0.46944444444444444 0.5411458333333333 0.47962962962962963 0.5411458333333333 0.48703703703703705 0.5375 0.4962962962962963 0.5390625 0.5157407407407407 0.5364583333333334 0.5388888888888889 0.5338541666666666 0.5370370370370371 0.5333333333333333 0.5194444444444445 0.5255208333333333 0.5259259259259259 0.5223958333333333 0.5351851851851852 0.5203125 0.5324074074074074 0.5208333333333334 0.5231481481481481 0.5286458333333334 0.5148148148148148 0.5270833333333333 0.47314814814814815 0.5317708333333333 0.4648148148148148 0.5317708333333333 0.4564814814814815 0.5354166666666667 0.4546296296296296
2 0.5427083333333333 0.4324074074074074 0.5427083333333333 0.45092592592592595 0.5395833333333333 0.4648148148148148 0.534375 0.4527777777777778 0.5364583333333334 0.44907407407407407 0.5375 0.4324074074074074 0.5421875 0.4324074074074074
2 0.30052083333333335 0.5444444444444444 0.3046875 0.5509259259259259 0.303125 0.5675925925925925 0.309375 0.5740740740740741 0.3067708333333333 0.5768518518518518 0.30885416666666665 0.5907407407407408 0.30885416666666665 0.6157407407407407 0.31302083333333336 0.6305555555555555 0.31197916666666664 0.6416666666666667 0.3067708333333333 0.6592592592592592 0.3067708333333333 0.6648148148148149 0.3109375 0.6703703703703704 0.3078125 0.6777777777777778 0.30052083333333335 0.674074074074074 0.2989583333333333 0.6351851851851852 0.2942708333333333 0.6129629629629629 0.29375 0.5768518518518518 0.29635416666666664 0.5648148148148148 0.29583333333333334 0.55 0.3 0.5444444444444444
0 0.568375 0.5192037037037037 0.013484375 0.02901851851851852
1 0.6817708333333333 0.42962962962962964 0.6854166666666667 0.43796296296296294 0.684375 0.4527777777777778 0.675 0.45092592592592595 0.6734375 0.4462962962962963 0.6776041666666667 0.4324074074074074 0.68125 0.42962962962962964
1 0.24583333333333332 0.549074074074074 0.24791666666666667 0.5509259259259259 0.25104166666666666 0.5740740740740741 0.2526041666666667 0.6083333333333333 0.24947916666666667 0.6074074074074074 0.24791666666666667 0.5953703703703703 0.246875 0.612037037037037 0.24479166666666666 0.6185185185185185 0.23854166666666668 0.6194444444444445 0.23385416666666667 0.6083333333333333 0.23177083333333334 0.6231481481481481 0.22708333333333333 0.6185185185185185 0.22708333333333333 0.6092592592592593 0.23072916666666668 0.6055555555555555 0.23020833333333332 0.5824074074074074 0.23958333333333334 0.5611111111111111 0.24114583333333334 0.55 0.2453125 0.549074074074074