2 0.5708333333333333 0.43703703703703706 0.5744791666666667 0.43703703703703706 0.5729166666666666 0.44814814814814813 0.5755208333333334 0.46944444444444444 0.5734375 0.47962962962962963 0.5739583333333333 0.487962962962963 0.5708333333333333 0.4888888888888889 0.5692708333333333 0.4861111111111111 0.5697916666666667 0.47314814814814815 0.5640625 0.4666666666666667 0.5635416666666667 0.46296296296296297 0.5651041666666666 0.45185185185185184 0.5708333333333333 0.43796296296296294
2 0.7442708333333333 0.4212962962962963 0.7479166666666667 0.43425925925925923 0.746875 0.46574074074074073 0.7447916666666666 0.4685185185185185 0.74375 0.46574074074074073 0.7390625 0.43703703703703706 0.74375 0.4222222222222222
2 0.6515625 0.4287037037037037 0.6552083333333333 0.43425925925925923 0.6572916666666667 0.44537037037037036 0.6567708333333333 0.4546296296296296 0.6588541666666666 0.45925925925925926 0.6588541666666666 0.46296296296296297 0.6541666666666667 0.46111111111111114 0.6520833333333333 0.4703703703703704 0.6505208333333333 0.46944444444444444 0.646875 0.4388888888888889 0.6473958333333333 0.42962962962962964 0.6510416666666666 0.4287037037037037
2 0.6614583333333334 0.42314814814814816 0.6661458333333333 0.4351851851851852 0.6666666666666666 0.4527777777777778 0.6651041666666667 0.4564814814814815 0.659375 0.4527777777777778 0.6567708333333333 0.4425925925925926 0.65625 0.43148148148148147 0.6609375 0.42314814814814816
2 0.671875 0.462037037037037 0.6739583333333333 0.45740740740740743 0.6739583333333333 0.4388888888888889 0.6760416666666667 0.4324074074074074 0.6786458333333333 0.43148148148148147 0.6838541666666667 0.44537037037037036 0.6817708333333333 0.4703703703703704 0.6796875 0.46944444444444444 0.6802083333333333 0.46111111111111114 0.678125 0.4583333333333333 0.6713541666666667 0.47314814814814815 0.6703125 0.4703703703703704 0.671875 0.46296296296296297
2 0.6557291666666667 0.4111111111111111 0.659375 0.4111111111111111 0.6614583333333334 0.4203703703703704 0.6609375 0.4287037037037037 0.6546875 0.4305555555555556 0.653125 0.42314814814814816 0.6557291666666667 0.41203703703703703
2 0.7229166666666667 0.4148148148148148 0.7291666666666666 0.42777777777777776 0.7270833333333333 0.44074074074074077 0.7276041666666667 0.4601851851851852 0.7244791666666667 0.46111111111111114 0.7223958333333333 0.4388888888888889 0.7203125 0.4351851851851852 0.7229166666666667 0.41574074074074074
1 0.24114583333333334 0.512962962962963 0.2453125 0.5212962962962963 0.24479166666666666 0.5342592592592592 0.2546875 0.5851851851851851 0.25416666666666665 0.6055555555555555 0.2578125 0.612037037037037 0.25625 0.6157407407407407 0.25 0.6175925925925926 0.24791666666666667 0.6037037037037037 0.24635416666666668 0.6101851851851852 0.24739583333333334 0.6194444444444445 0.2453125 0.6231481481481481 0.240625 0.6231481481481481 0.23802083333333332 0.6129629629629629 0.2390625 0.5833333333333334 0.23489583333333333 0.5462962962962963 0.23489583333333333 0.5361111111111111 0.2375 0.5259259259259259 0.2359375 0.5185185185185185 0.2375 0.5138888888888888 0.240625 0.512962962962963
0 0.6089322916666667 0.48479629629629634 0.0026979166666666666 0.006768518518518518
2 0.6666770833333333 0.43121296296296296 0.006505208333333333 0.046814814814814816
2 0.6728645833333334 0.4323425925925926 0.0103125 0.045120370370370366
1 0.6921875 0.4287037037037037 0.6942708333333333 0.44907407407407407 0.6848958333333334 0.45092592592592595 0.6822916666666666 0.44074074074074077 0.6838541666666667 0.43148148148148147 0.6916666666666667 0.42962962962962964
2 0.6513697916666668 0.4464444444444445 0.020942708333333334 0.05527777777777778