2 0.6192708333333333 0.4166666666666667 0.6213541666666667 0.425 0.6213541666666667 0.45185185185185184 0.6171875 0.45925925925925926 0.6151041666666667 0.4583333333333333 0.6125 0.43148148148148147 0.6130208333333333 0.425 0.61875 0.41759259259259257
2 0.7895833333333333 0.4287037037037037 0.796875 0.46296296296296297 0.7963541666666667 0.46944444444444444 0.7932291666666667 0.4638888888888889 0.7911458333333333 0.4703703703703704 0.7880208333333333 0.46944444444444444 0.7864583333333334 0.42962962962962964 0.7890625 0.4287037037037037
2 0.753125 0.4222222222222222 0.7546875 0.4212962962962963 0.7583333333333333 0.4305555555555556 0.7583333333333333 0.4527777777777778 0.7619791666666667 0.46296296296296297 0.7567708333333333 0.4648148148148148 0.753125 0.45185185185185184 0.753125 0.42314814814814816
2 0.6265625 0.44537037037037036 0.6302083333333334 0.45740740740740743 0.6302083333333334 0.4787037037037037 0.625 0.5055555555555555 0.6223958333333334 0.5055555555555555 0.6213541666666667 0.5018518518518519 0.621875 0.48055555555555557 0.61875 0.4601851851851852 0.6213541666666667 0.44907407407407407 0.6260416666666667 0.44537037037037036
2 0.6958333333333333 0.41944444444444445 0.6989583333333333 0.42407407407407405 0.6989583333333333 0.4361111111111111 0.7026041666666667 0.44907407407407407 0.703125 0.4601851851851852 0.6963541666666667 0.45 0.6921875 0.4527777777777778 0.6890625 0.44722222222222224 0.6885416666666667 0.43703703703703706 0.6953125 0.4203703703703704
2 0.58125 0.4212962962962963 0.5822916666666667 0.4666666666666667 0.5807291666666666 0.4666666666666667 0.578125 0.4564814814814815 0.5744791666666667 0.4666666666666667 0.5734375 0.46296296296296297 0.5755208333333334 0.4444444444444444 0.575 0.425 0.5776041666666667 0.4203703703703704 0.5807291666666666 0.4212962962962963
2 0.6817708333333333 0.4111111111111111 0.6854166666666667 0.42314814814814816 0.684375 0.4361111111111111 0.68125 0.4398148148148148 0.678125 0.4388888888888889 0.6770833333333334 0.42314814814814816 0.68125 0.41203703703703703
2 0.6875 0.4351851851851852 0.6921875 0.4564814814814815 0.6911458333333333 0.46574074074074073 0.6859375 0.46944444444444444 0.6802083333333333 0.4675925925925926 0.6817708333333333 0.45555555555555555 0.6796875 0.4388888888888889 0.6822916666666666 0.4351851851851852 0.6869791666666667 0.4351851851851852
2 0.7208333333333333 0.4148148148148148 0.7234375 0.412962962962963 0.7255208333333333 0.4222222222222222 0.7244791666666667 0.44537037037037036 0.7208333333333333 0.44907407407407407 0.7182291666666667 0.4462962962962963 0.7208333333333333 0.41574074074074074
2 0.7166666666666667 0.4148148148148148 0.7177083333333333 0.42592592592592593 0.715625 0.4462962962962963 0.7109375 0.4527777777777778 0.709375 0.44537037037037036 0.7098958333333333 0.42314814814814816 0.7135416666666666 0.4148148148148148 0.7161458333333334 0.4148148148148148
1 0.2375 0.55 0.240625 0.5574074074074075 0.24114583333333334 0.5722222222222222 0.24635416666666668 0.6027777777777777 0.2515625 0.6148148148148148 0.25104166666666666 0.6212962962962963 0.2484375 0.625 0.2375 0.6222222222222222 0.23020833333333332 0.625 0.22708333333333333 0.6231481481481481 0.22552083333333334 0.6175925925925926 0.228125 0.6055555555555555 0.23125 0.5555555555555556 0.23333333333333334 0.5509259259259259 0.23697916666666666 0.55
0 0.7501145833333334 0.46332407407407405 0.0054375 0.011537037037037038