2 0.5291666666666667 0.4064814814814815 0.53125 0.4148148148148148 0.5328125 0.4537037037037037 0.5291666666666667 0.44722222222222224 0.525 0.45185185185185184 0.525 0.44166666666666665 0.5223958333333333 0.43148148148148147 0.5229166666666667 0.4185185185185185 0.5255208333333333 0.4083333333333333 0.5286458333333334 0.4064814814814815
2 0.5645833333333333 0.4148148148148148 0.5692708333333333 0.42407407407407405 0.5677083333333334 0.4583333333333333 0.5640625 0.45185185185185184 0.5614583333333333 0.4324074074074074 0.5640625 0.4148148148148148
2 0.6958333333333333 0.5212962962962963 0.6958333333333333 0.49444444444444446 0.6911458333333333 0.4759259259259259 0.6921875 0.4564814814814815 0.69375 0.4537037037037037 0.6973958333333333 0.45555555555555555 0.6984375 0.46296296296296297 0.7015625 0.4666666666666667 0.7041666666666667 0.4759259259259259 0.7015625 0.5046296296296297 0.7052083333333333 0.5259259259259259 0.703125 0.5287037037037037 0.6994791666666667 0.5157407407407407 0.6963541666666667 0.5212962962962963
2 0.5671875 0.425 0.571875 0.42685185185185187 0.575 0.4324074074074074 0.5760416666666667 0.44537037037037036 0.5755208333333334 0.4703703703703704 0.5744791666666667 0.4740740740740741 0.5708333333333333 0.4740740740740741 0.5661458333333333 0.43425925925925923 0.5671875 0.42592592592592593
2 0.8380208333333333 0.4462962962962963 0.8421875 0.45092592592592595 0.8411458333333334 0.4675925925925926 0.8375 0.47129629629629627 0.8364583333333333 0.4537037037037037 0.8380208333333333 0.44722222222222224
2 0.6854166666666667 0.4166666666666667 0.690625 0.42592592592592593 0.6921875 0.43425925925925923 0.6901041666666666 0.4638888888888889 0.6848958333333334 0.4666666666666667 0.6838541666666667 0.46296296296296297 0.6822916666666666 0.42962962962962964 0.6833333333333333 0.4185185185185185 0.6848958333333334 0.41759259259259257
2 0.6234375 0.43796296296296294 0.63125 0.45740740740740743 0.6302083333333334 0.47129629629629627 0.634375 0.49074074074074076 0.6328125 0.4935185185185185 0.6265625 0.4777777777777778 0.6244791666666667 0.48148148148148145 0.6239583333333333 0.49444444444444446 0.621875 0.4935185185185185 0.6213541666666667 0.46944444444444444 0.6166666666666667 0.46296296296296297 0.6192708333333333 0.4546296296296296 0.6197916666666666 0.44351851851851853 0.6229166666666667 0.43796296296296294
2 0.6208333333333333 0.41388888888888886 0.6265625 0.425 0.6260416666666667 0.44351851851851853 0.6223958333333334 0.44351851851851853 0.6203125 0.4398148148148148 0.6171875 0.4185185185185185 0.6182291666666667 0.412962962962963 0.6203125 0.41388888888888886
2 0.6614583333333334 0.41574074074074074 0.6651041666666667 0.42407407407407405 0.6666666666666666 0.4564814814814815 0.6598958333333333 0.45925925925925926 0.6567708333333333 0.4583333333333333 0.6567708333333333 0.4166666666666667 0.6609375 0.41574074074074074
2 0.8453125 0.4351851851851852 0.846875 0.43796296296296294 0.8473958333333333 0.45185185185185184 0.8458333333333333 0.47314814814814815 0.8421875 0.4722222222222222 0.8427083333333333 0.4425925925925926 0.8447916666666667 0.4361111111111111
1 0.2429375 0.5890185185185185 0.037843749999999995 0.0916574074074074
1 0.675 0.4666666666666667 0.6744791666666666 0.4546296296296296 0.6682291666666667 0.45 0.66875 0.4287037037037037 0.6723958333333333 0.425 0.6770833333333334 0.44074074074074077 0.6791666666666667 0.45740740740740743 0.6755208333333333 0.46574074074074073