2 0.31145833333333334 0.5027777777777778 0.3125 0.5166666666666667 0.3182291666666667 0.524074074074074 0.32083333333333336 0.5324074074074074 0.32083333333333336 0.5407407407407407 0.3177083333333333 0.5462962962962963 0.3171875 0.5527777777777778 0.31979166666666664 0.6018518518518519 0.3151041666666667 0.6018518518518519 0.3145833333333333 0.5824074074074074 0.3104166666666667 0.5685185185185185 0.30885416666666665 0.5731481481481482 0.309375 0.5990740740740741 0.3072916666666667 0.6055555555555555 0.30416666666666664 0.6018518518518519 0.3046875 0.5398148148148149 0.30364583333333334 0.5370370370370371 0.3026041666666667 0.5388888888888889 0.296875 0.5564814814814815 0.29635416666666664 0.5462962962962963 0.3015625 0.5222222222222223 0.3067708333333333 0.5148148148148148 0.3067708333333333 0.5046296296296297 0.3109375 0.5027777777777778
2 0.4421875 0.42777777777777776 0.446875 0.4444444444444444 0.44427083333333334 0.45740740740740743 0.44947916666666665 0.4638888888888889 0.45 0.47314814814814815 0.44375 0.4601851851851852 0.4395833333333333 0.4638888888888889 0.4375 0.4740740740740741 0.43385416666666665 0.47314814814814815 0.4390625 0.4305555555555556 0.44166666666666665 0.4287037037037037
2 0.26666666666666666 0.49537037037037035 0.2765625 0.5157407407407407 0.2760416666666667 0.5351851851851852 0.2796875 0.5740740740740741 0.2765625 0.5712962962962963 0.27239583333333334 0.5472222222222223 0.265625 0.5546296296296296 0.26197916666666665 0.5712962962962963 0.259375 0.5694444444444444 0.2640625 0.5370370370370371 0.2640625 0.5287037037037037 0.26145833333333335 0.5222222222222223 0.2625 0.5 0.26614583333333336 0.49537037037037035
2 0.3223958333333333 0.44814814814814813 0.3302083333333333 0.46574074074074073 0.33229166666666665 0.487962962962963 0.3380208333333333 0.4981481481481482 0.3380208333333333 0.5046296296296297 0.328125 0.487962962962963 0.3255208333333333 0.49074074074074076 0.3255208333333333 0.5009259259259259 0.3234375 0.5046296296296297 0.31979166666666664 0.4898148148148148 0.3229166666666667 0.46574074074074073 0.31875 0.4537037037037037 0.31927083333333334 0.44907407407407407 0.321875 0.44814814814814813
2 0.2765625 0.48055555555555557 0.2838541666666667 0.4898148148148148 0.28489583333333335 0.5009259259259259 0.28020833333333334 0.5120370370370371 0.2859375 0.5194444444444445 0.2859375 0.5231481481481481 0.28229166666666666 0.5222222222222223 0.2796875 0.5166666666666667 0.2755208333333333 0.5166666666666667 0.27291666666666664 0.5092592592592593 0.26927083333333335 0.48703703703703705 0.2703125 0.48333333333333334 0.2760416666666667 0.48055555555555557
2 0.6369791666666667 0.45 0.6395833333333333 0.4527777777777778 0.6421875 0.4648148148148148 0.6427083333333333 0.5018518518518519 0.6453125 0.5138888888888888 0.64375 0.5157407407407407 0.6369791666666667 0.5027777777777778 0.6354166666666666 0.5148148148148148 0.6328125 0.5157407407407407 0.634375 0.4527777777777778 0.6364583333333333 0.45092592592592595
2 0.3692708333333333 0.4564814814814815 0.37135416666666665 0.45925925925925926 0.37135416666666665 0.4666666666666667 0.3776041666666667 0.48703703703703705 0.3776041666666667 0.5157407407407407 0.3859375 0.5296296296296297 0.38333333333333336 0.537962962962963 0.3770833333333333 0.5407407407407407 0.375 0.5398148148148149 0.37604166666666666 0.5287037037037037 0.37135416666666665 0.5185185185185185 0.37083333333333335 0.49537037037037035 0.3692708333333333 0.4935185185185185 0.36614583333333334 0.5009259259259259 0.36302083333333335 0.5046296296296297 0.3619791666666667 0.5027777777777778 0.3671875 0.48518518518518516 0.3671875 0.46944444444444444 0.3651041666666667 0.45925925925925926 0.36875 0.4564814814814815
2 0.48802083333333335 0.45740740740740743 0.4895833333333333 0.4666666666666667 0.4947916666666667 0.47314814814814815 0.4979166666666667 0.4842592592592593 0.4979166666666667 0.49537037037037035 0.49375 0.5018518518518519 0.490625 0.5398148148148149 0.4869791666666667 0.5398148148148149 0.48541666666666666 0.5361111111111111 0.4828125 0.4824074074074074 0.48072916666666665 0.4787037037037037 0.46770833333333334 0.48148148148148145 0.48125 0.47129629629629627 0.48333333333333334 0.4675925925925926 0.4828125 0.45925925925925926 0.4875 0.45740740740740743
2 0.25052083333333336 0.5472222222222223 0.2526041666666667 0.562962962962963 0.2598958333333333 0.5712962962962963 0.26458333333333334 0.6240740740740741 0.2713541666666667 0.6611111111111111 0.26927083333333335 0.6648148148148149 0.26666666666666666 0.662962962962963 0.26197916666666665 0.6351851851851852 0.25677083333333334 0.6268518518518519 0.2515625 0.6333333333333333 0.2484375 0.6685185185185185 0.24479166666666666 0.6648148148148149 0.24739583333333334 0.6277777777777778 0.246875 0.6074074074074074 0.24114583333333334 0.5935185185185186 0.240625 0.575925925925926 0.2453125 0.5638888888888889 0.24479166666666666 0.55 0.25 0.5472222222222223
1 0.234375 0.5472222222222223 0.2375 0.5583333333333333 0.24375 0.5666666666666667 0.23958333333333334 0.5814814814814815 0.23958333333333334 0.5916666666666667 0.24583333333333332 0.6092592592592593 0.24479166666666666 0.6129629629629629 0.234375 0.6138888888888889 0.23072916666666668 0.612037037037037 0.228125 0.6055555555555555 0.22760416666666666 0.5916666666666667 0.22447916666666667 0.5990740740740741 0.22083333333333333 0.6018518518518519 0.21979166666666666 0.6 0.2234375 0.5777777777777777 0.22916666666666666 0.5648148148148148 0.22864583333333333 0.5518518518518518 0.23125 0.5472222222222223 0.23385416666666667 0.5472222222222223
1 0.675 0.4212962962962963 0.6786458333333333 0.4212962962962963 0.68125 0.4324074074074074 0.6791666666666667 0.45 0.6713541666666667 0.45 0.6713541666666667 0.4351851851851852 0.675 0.4222222222222222
2 0.26378124999999997 0.48960185185185184 0.014536458333333334 0.06630555555555555