2 0.6890625 0.42592592592592593 0.6916666666666667 0.4287037037037037 0.6942708333333333 0.4388888888888889 0.6942708333333333 0.45185185185185184 0.6901041666666666 0.48148148148148145 0.6859375 0.48055555555555557 0.684375 0.4638888888888889 0.684375 0.43703703703703706 0.6885416666666667 0.42685185185185187
2 0.3802083333333333 0.5518518518518518 0.38697916666666665 0.5138888888888888 0.3859375 0.49444444444444446 0.3927083333333333 0.4666666666666667 0.39739583333333334 0.4666666666666667 0.39739583333333334 0.4777777777777778 0.40260416666666665 0.4898148148148148 0.39947916666666666 0.5037037037037037 0.40208333333333335 0.5314814814814814 0.4005208333333333 0.55 0.39739583333333334 0.5537037037037037 0.396875 0.5287037037037037 0.3927083333333333 0.5231481481481481 0.3854166666666667 0.537962962962963 0.38333333333333336 0.5527777777777778 0.3807291666666667 0.5518518518518518
2 0.5333333333333333 0.4351851851851852 0.5375 0.4527777777777778 0.5354166666666667 0.4638888888888889 0.5364583333333334 0.4981481481481482 0.534375 0.49444444444444446 0.534375 0.47962962962962963 0.53125 0.48055555555555557 0.5291666666666667 0.4925925925925926 0.5276041666666667 0.48703703703703705 0.5276041666666667 0.45185185185185184 0.5328125 0.4351851851851852
2 0.5567708333333333 0.42777777777777776 0.5604166666666667 0.4287037037037037 0.5645833333333333 0.4388888888888889 0.5635416666666667 0.4666666666666667 0.565625 0.48333333333333334 0.565625 0.48703703703703705 0.5630208333333333 0.487962962962963 0.5604166666666667 0.475 0.559375 0.4888888888888889 0.5567708333333333 0.4888888888888889 0.5567708333333333 0.4740740740740741 0.5536458333333333 0.4583333333333333 0.5536458333333333 0.4388888888888889 0.5567708333333333 0.4287037037037037
2 0.48072916666666665 0.47314814814814815 0.484375 0.47314814814814815 0.48489583333333336 0.48333333333333334 0.4901041666666667 0.49074074074074076 0.49270833333333336 0.5037037037037037 0.49166666666666664 0.5157407407407407 0.48854166666666665 0.5231481481481481 0.4859375 0.5388888888888889 0.48541666666666666 0.5601851851851852 0.48072916666666665 0.5601851851851852 0.4791666666666667 0.5194444444444445 0.47552083333333334 0.5092592592592593 0.47604166666666664 0.49444444444444446 0.48072916666666665 0.48333333333333334 0.48072916666666665 0.4740740740740741
2 0.5596354166666667 0.42083333333333334 0.008854166666666666 0.023148148148148147
2 0.625 0.4212962962962963 0.625 0.4046296296296296 0.6270833333333333 0.40185185185185185 0.6302083333333334 0.4111111111111111 0.6307291666666667 0.425 0.6265625 0.42685185185185187 0.6255208333333333 0.4222222222222222
2 0.38697916666666665 0.4425925925925926 0.3890625 0.4777777777777778 0.3859375 0.512962962962963 0.38385416666666666 0.5175925925925926 0.38177083333333334 0.5157407407407407 0.38333333333333336 0.49166666666666664 0.3796875 0.48055555555555557 0.3796875 0.4583333333333333 0.3828125 0.45185185185185184 0.38333333333333336 0.44351851851851853 0.38645833333333335 0.4425925925925926
2 0.7479166666666667 0.4185185185185185 0.75 0.42777777777777776 0.7510416666666667 0.46296296296296297 0.7479166666666667 0.4601851851851852 0.7411458333333333 0.46296296296296297 0.7416666666666667 0.4425925925925926 0.7453125 0.4212962962962963 0.7473958333333334 0.4185185185185185
1 0.678125 0.4222222222222222 0.68125 0.4351851851851852 0.678125 0.45092592592592595 0.6713541666666667 0.44907407407407407 0.6723958333333333 0.43148148148148147 0.675 0.4222222222222222 0.6776041666666667 0.4222222222222222
2 0.5696041666666667 0.4238425925925926 0.008619791666666666 0.03741666666666666
1 0.259484375 0.5899444444444444 0.051520833333333335 0.11015740740740741