2 0.23802083333333332 0.4981481481481482 0.23958333333333334 0.5083333333333333 0.24427083333333333 0.5175925925925926 0.2453125 0.5481481481481482 0.24270833333333333 0.5675925925925925 0.2375 0.5861111111111111 0.23333333333333334 0.5537037037037037 0.23072916666666668 0.5481481481481482 0.2328125 0.5351851851851852 0.23177083333333334 0.5157407407407407 0.23489583333333333 0.5055555555555555 0.23385416666666667 0.4981481481481482 0.2375 0.4981481481481482
2 0.4015625 0.4703703703703704 0.4041666666666667 0.47314814814814815 0.4046875 0.48055555555555557 0.39791666666666664 0.4842592592592593 0.39739583333333334 0.47685185185185186 0.4010416666666667 0.4703703703703704
2 0.7276041666666667 0.4388888888888889 0.7338541666666667 0.4537037037037037 0.734375 0.46111111111111114 0.734375 0.4925925925925926 0.7328125 0.4935185185185185 0.7307291666666667 0.4861111111111111 0.7276041666666667 0.49722222222222223 0.7239583333333334 0.47685185185185186 0.7234375 0.462037037037037 0.7239583333333334 0.44722222222222224 0.7270833333333333 0.4388888888888889
2 0.5817708333333333 0.5435185185185185 0.584375 0.549074074074074 0.5838541666666667 0.5592592592592592 0.5916666666666667 0.5731481481481482 0.5947916666666667 0.5842592592592593 0.5932291666666667 0.5916666666666667 0.59375 0.6157407407407407 0.5895833333333333 0.637962962962963 0.6010416666666667 0.6592592592592592 0.6 0.6648148148148149 0.5942708333333333 0.6685185185185185 0.59375 0.6546296296296297 0.5885416666666666 0.649074074074074 0.5869791666666667 0.6509259259259259 0.59375 0.6851851851851852 0.5916666666666667 0.6916666666666667 0.5828125 0.6898148148148148 0.5869791666666667 0.6787037037037037 0.5786458333333333 0.6462962962962963 0.5807291666666666 0.6092592592592593 0.578125 0.6046296296296296 0.5723958333333333 0.6074074074074074 0.5692708333333333 0.6055555555555555 0.5703125 0.6018518518518519 0.578125 0.5953703703703703 0.5770833333333333 0.5666666666666667 0.5734375 0.5564814814814815 0.5755208333333334 0.5425925925925926 0.58125 0.5435185185185185
2 0.4921875 0.5203703703703704 0.4953125 0.525 0.4947916666666667 0.5370370370370371 0.5 0.5444444444444444 0.5046875 0.5583333333333333 0.5046875 0.5805555555555556 0.49895833333333334 0.5981481481481481 0.5026041666666666 0.6333333333333333 0.5005208333333333 0.6435185185185185 0.49583333333333335 0.6416666666666667 0.49583333333333335 0.6305555555555555 0.4875 0.5916666666666667 0.4890625 0.5740740740740741 0.4864583333333333 0.5722222222222222 0.4796875 0.5777777777777777 0.4864583333333333 0.5407407407407407 0.4864583333333333 0.5268518518518519 0.48802083333333335 0.5222222222222223 0.49166666666666664 0.5203703703703704
2 0.32760416666666664 0.45555555555555555 0.3333333333333333 0.4740740740740741 0.33125 0.5092592592592593 0.33541666666666664 0.5259259259259259 0.3307291666666667 0.5287037037037037 0.328125 0.5166666666666667 0.3223958333333333 0.5074074074074074 0.3229166666666667 0.46296296296296297 0.32708333333333334 0.4564814814814815
2 0.26979166666666665 0.49074074074074076 0.2703125 0.5046296296296297 0.2755208333333333 0.5175925925925926 0.27760416666666665 0.5481481481481482 0.2765625 0.5694444444444444 0.28020833333333334 0.5898148148148148 0.2828125 0.5953703703703703 0.2828125 0.6 0.2765625 0.6064814814814815 0.27239583333333334 0.6037037037037037 0.27239583333333334 0.5888888888888889 0.265625 0.5666666666666667 0.2671875 0.549074074074074 0.2640625 0.5231481481481481 0.26510416666666664 0.5046296296296297 0.2625 0.49444444444444446 0.26510416666666664 0.4898148148148148 0.26927083333333335 0.49074074074074076
2 0.5015625 0.4666666666666667 0.5067708333333333 0.4666666666666667 0.5088541666666667 0.4777777777777778 0.515625 0.4888888888888889 0.5088541666666667 0.524074074074074 0.509375 0.5324074074074074 0.5135416666666667 0.5361111111111111 0.5140625 0.5407407407407407 0.5119791666666667 0.549074074074074 0.5083333333333333 0.5425925925925926 0.5046875 0.5527777777777778 0.5046875 0.537962962962963 0.5010416666666667 0.5231481481481481 0.5020833333333333 0.5009259259259259 0.4947916666666667 0.5138888888888888 0.4979166666666667 0.4842592592592593 0.5010416666666667 0.4777777777777778 0.5015625 0.4675925925925926
2 0.36822916666666666 0.4527777777777778 0.3703125 0.4546296296296296 0.37083333333333335 0.46574074074074073 0.3734375 0.4703703703703704 0.3723958333333333 0.49074074074074076 0.375 0.5027777777777778 0.3848958333333333 0.5092592592592593 0.38697916666666665 0.5148148148148148 0.38385416666666666 0.5157407407407407 0.38229166666666664 0.5120370370370371 0.36875 0.5055555555555555 0.36666666666666664 0.5111111111111111 0.36614583333333334 0.5296296296296297 0.3625 0.5296296296296297 0.3640625 0.5259259259259259 0.365625 0.4962962962962963 0.3625 0.47314814814814815 0.3651041666666667 0.4648148148148148 0.365625 0.4537037037037037 0.36770833333333336 0.4527777777777778
2 0.39739583333333334 0.48333333333333334 0.4036458333333333 0.4824074074074074 0.40520833333333334 0.48518518518518516 0.40625 0.4981481481481482 0.4109375 0.5120370370370371 0.4119791666666667 0.5259259259259259 0.409375 0.5583333333333333 0.4119791666666667 0.5907407407407408 0.41458333333333336 0.5981481481481481 0.41458333333333336 0.6018518518518519 0.4114583333333333 0.600925925925926 0.4088541666666667 0.5953703703703703 0.4088541666666667 0.5842592592592593 0.4041666666666667 0.5592592592592592 0.40208333333333335 0.5592592592592592 0.4005208333333333 0.5638888888888889 0.403125 0.5805555555555556 0.40625 0.5879629629629629 0.4046875 0.5916666666666667 0.396875 0.5916666666666667 0.39947916666666666 0.5842592592592593 0.39947916666666666 0.5777777777777777 0.3953125 0.5601851851851852 0.39739583333333334 0.5398148148148149 0.39427083333333335 0.5046296296296297 0.39739583333333334 0.49907407407407406 0.39739583333333334 0.4842592592592593
1 0.2484375 0.5685185185185185 0.2520833333333333 0.5796296296296296 0.25833333333333336 0.5842592592592593 0.2625 0.5916666666666667 0.26666666666666666 0.6055555555555555 0.2640625 0.6064814814814815 0.25885416666666666 0.6 0.2557291666666667 0.6037037037037037 0.25677083333333334 0.6240740740740741 0.2546875 0.6361111111111111 0.2520833333333333 0.6407407407407407 0.24270833333333333 0.637962962962963 0.23854166666666668 0.6027777777777777 0.23958333333333334 0.5740740740740741 0.24322916666666666 0.5685185185185185 0.24791666666666667 0.5685185185185185
1 0.6895833333333333 0.43148148148148147 0.69375 0.44074074074074077 0.6921875 0.4527777777777778 0.68125 0.4527777777777778 0.6791666666666667 0.44907407407407407 0.6890625 0.43148148148148147