2 0.6020833333333333 0.4111111111111111 0.6041666666666666 0.425 0.5989583333333334 0.4351851851851852 0.5958333333333333 0.4305555555555556 0.5953125 0.4222222222222222 0.6015625 0.4111111111111111
2 0.4375 0.49444444444444446 0.44375 0.4842592592592593 0.4421875 0.4638888888888889 0.4432291666666667 0.44907407407407407 0.4473958333333333 0.4388888888888889 0.45 0.43796296296296294 0.453125 0.4527777777777778 0.45 0.48333333333333334 0.44427083333333334 0.5037037037037037 0.4390625 0.5037037037037037 0.4375 0.49537037037037035
2 0.5604166666666667 0.4666666666666667 0.5640625 0.44351851851851853 0.5645833333333333 0.42685185185185187 0.5666666666666667 0.42314814814814816 0.5713541666666667 0.42314814814814816 0.5729166666666666 0.4324074074074074 0.5640625 0.4648148148148148 0.5609375 0.4666666666666667
2 0.7020833333333333 0.4361111111111111 0.7057291666666666 0.44722222222222224 0.703125 0.4648148148148148 0.7026041666666667 0.4898148148148148 0.6958333333333333 0.48518518518518516 0.6947916666666667 0.4564814814814815 0.6947916666666667 0.4444444444444444 0.6979166666666666 0.43333333333333335 0.6994791666666667 0.43148148148148147 0.7015625 0.4361111111111111
2 0.5953125 0.42777777777777776 0.5989583333333334 0.43148148148148147 0.6005208333333333 0.4388888888888889 0.5984375 0.46944444444444444 0.5953125 0.48055555555555557 0.59375 0.4787037037037037 0.5911458333333334 0.44537037037037036 0.5953125 0.4287037037037037
2 0.6833333333333333 0.42685185185185187 0.6869791666666667 0.4324074074074074 0.6875 0.45 0.6854166666666667 0.4703703703703704 0.6822916666666666 0.4740740740740741 0.6796875 0.46111111111111114 0.6791666666666667 0.4351851851851852 0.6828125 0.42685185185185187
2 0.6890625 0.44537037037037036 0.6859375 0.4287037037037037 0.6864583333333333 0.4185185185185185 0.6885416666666667 0.41574074074074074 0.69375 0.4287037037037037 0.6942708333333333 0.43796296296296294 0.6927083333333334 0.4462962962962963 0.6895833333333333 0.44537037037037036
2 0.5854166666666667 0.4222222222222222 0.5895833333333333 0.4287037037037037 0.5901041666666667 0.44351851851851853 0.5864583333333333 0.4666666666666667 0.5817708333333333 0.4740740740740741 0.5791666666666667 0.47314814814814815 0.5817708333333333 0.4638888888888889 0.58125 0.43148148148148147 0.5822916666666667 0.42407407407407405 0.5848958333333333 0.4222222222222222
1 0.23229166666666667 0.5148148148148148 0.23802083333333332 0.5120370370370371 0.24010416666666667 0.5175925925925926 0.2390625 0.5333333333333333 0.24479166666666666 0.562037037037037 0.24427083333333333 0.612037037037037 0.24739583333333334 0.6194444444444445 0.246875 0.6231481481481481 0.240625 0.6231481481481481 0.23645833333333333 0.6194444444444445 0.23489583333333333 0.6129629629629629 0.23489583333333333 0.5777777777777777 0.23072916666666668 0.549074074074074 0.2265625 0.5407407407407407 0.22708333333333333 0.5351851851851852 0.23177083333333334 0.5259259259259259 0.23229166666666667 0.5157407407407407
1 0.6713541666666667 0.42685185185185187 0.675 0.44074074074074077 0.6744791666666666 0.44814814814814813 0.6682291666666667 0.45 0.6666666666666666 0.4462962962962963 0.6677083333333333 0.4287037037037037 0.6708333333333333 0.42777777777777776
2 0.7007239583333333 0.43533333333333335 0.014656250000000001 0.03875925925925926