2 0.3796875 0.4824074074074074 0.3807291666666667 0.5314814814814814 0.3828125 0.5425925925925926 0.3802083333333333 0.5694444444444444 0.38333333333333336 0.5740740740740741 0.38333333333333336 0.5777777777777777 0.3802083333333333 0.5787037037037037 0.37604166666666666 0.5768518518518518 0.3776041666666667 0.5592592592592592 0.3765625 0.5527777777777778 0.3703125 0.5592592592592592 0.36770833333333336 0.5703703703703704 0.36614583333333334 0.5703703703703704 0.365625 0.562037037037037 0.37395833333333334 0.5462962962962963 0.3703125 0.5092592592592593 0.37135416666666665 0.4935185185185185 0.37604166666666666 0.48148148148148145 0.37916666666666665 0.4824074074074074
2 0.6828125 0.4203703703703704 0.6880208333333333 0.4361111111111111 0.6875 0.44537037037037036 0.6838541666666667 0.4546296296296296 0.6869791666666667 0.4666666666666667 0.6786458333333333 0.46944444444444444 0.6791666666666667 0.4287037037037037 0.6822916666666666 0.4203703703703704
2 0.5833333333333334 0.4222222222222222 0.584375 0.42962962962962964 0.5817708333333333 0.4398148148148148 0.58125 0.4527777777777778 0.5770833333333333 0.45185185185185184 0.5760416666666667 0.4287037037037037 0.5791666666666667 0.4212962962962963 0.5828125 0.4222222222222222
2 0.7723958333333333 0.42314814814814816 0.7744791666666667 0.425 0.7765625 0.43425925925925923 0.778125 0.46574074074074073 0.7723958333333333 0.47129629629629627 0.7692708333333333 0.46944444444444444 0.7703125 0.4601851851851852 0.7682291666666666 0.4444444444444444 0.771875 0.42407407407407405
2 0.575 0.42777777777777776 0.5765625 0.4305555555555556 0.5765625 0.4425925925925926 0.5744791666666667 0.4685185185185185 0.5713541666666667 0.4824074074074074 0.5723958333333333 0.49444444444444446 0.5692708333333333 0.4935185185185185 0.5677083333333334 0.4824074074074074 0.5651041666666666 0.49074074074074076 0.5635416666666667 0.48703703703703705 0.5640625 0.47685185185185186 0.5666666666666667 0.4703703703703704 0.5651041666666666 0.4564814814814815 0.5666666666666667 0.4398148148148148 0.5708333333333333 0.4287037037037037 0.5744791666666667 0.42777777777777776
2 0.4505208333333333 0.4759259259259259 0.453125 0.47685185185185186 0.45364583333333336 0.48703703703703705 0.4578125 0.49444444444444446 0.46197916666666666 0.5157407407407407 0.46197916666666666 0.5194444444444445 0.4578125 0.525 0.4552083333333333 0.549074074074074 0.45677083333333335 0.5638888888888889 0.4515625 0.5666666666666667 0.44895833333333335 0.5648148148148148 0.4505208333333333 0.55 0.446875 0.5314814814814814 0.4473958333333333 0.5064814814814815 0.44583333333333336 0.4962962962962963 0.44635416666666666 0.48148148148148145 0.45 0.4759259259259259
2 0.6213541666666667 0.44537037037037036 0.6239583333333333 0.4361111111111111 0.6239583333333333 0.425 0.6265625 0.4148148148148148 0.6291666666666667 0.41203703703703703 0.6296875 0.44907407407407407 0.621875 0.44537037037037036
2 0.3729166666666667 0.4444444444444444 0.375 0.44722222222222224 0.37447916666666664 0.49722222222222223 0.371875 0.49907407407407406 0.3697916666666667 0.4962962962962963 0.365625 0.4842592592592593 0.36614583333333334 0.462037037037037 0.3697916666666667 0.4537037037037037 0.3697916666666667 0.44814814814814813 0.3723958333333333 0.44537037037037036
1 0.251625 0.5864999999999999 0.0485 0.09616666666666666
1 0.675875 0.43775925925925924 0.011083333333333334 0.03453703703703703
2 0.5110729166666667 0.4336759259259259 0.012750000000000001 0.04472222222222222
2 0.49635416666666665 0.4308888888888889 0.012119791666666666 0.04753703703703704