2 0.7583333333333333 0.4425925925925926 0.7625 0.4527777777777778 0.7630208333333334 0.5046296296296297 0.759375 0.5046296296296297 0.7588541666666667 0.49074074074074076 0.7567708333333333 0.4888888888888889 0.7541666666666667 0.4898148148148148 0.7520833333333333 0.5037037037037037 0.75 0.5027777777777778 0.7526041666666666 0.47962962962962963 0.7520833333333333 0.4564814814814815 0.7578125 0.44351851851851853
2 0.7953125 0.4351851851851852 0.7994791666666666 0.44907407407407407 0.7963541666666667 0.4666666666666667 0.7963541666666667 0.48055555555555557 0.7932291666666667 0.47314814814814815 0.7885416666666667 0.4787037037037037 0.7864583333333334 0.4861111111111111 0.7838541666666666 0.48333333333333334 0.790625 0.46111111111111114 0.7927083333333333 0.4361111111111111 0.7947916666666667 0.4351851851851852
2 0.38125 0.5277777777777778 0.37916666666666665 0.5083333333333333 0.37604166666666666 0.5027777777777778 0.37083333333333335 0.5157407407407407 0.3692708333333333 0.5324074074074074 0.36614583333333334 0.5314814814814814 0.37083333333333335 0.5009259259259259 0.37135416666666665 0.47129629629629627 0.37552083333333336 0.4527777777777778 0.37864583333333335 0.4537037037037037 0.38125 0.4722222222222222 0.37916666666666665 0.49074074074074076 0.3854166666666667 0.5259259259259259 0.38333333333333336 0.5296296296296297 0.38177083333333334 0.5277777777777778
2 0.7765625 0.41203703703703703 0.778125 0.41574074074074074 0.778125 0.44074074074074077 0.7760416666666666 0.4462962962962963 0.7729166666666667 0.44351851851851853 0.7723958333333333 0.4351851851851852 0.7723958333333333 0.4203703703703704 0.7760416666666666 0.41203703703703703
2 0.6088541666666667 0.44537037037037036 0.6145833333333334 0.46944444444444444 0.6114583333333333 0.475 0.6057291666666667 0.512962962962963 0.6026041666666667 0.5111111111111111 0.603125 0.49444444444444446 0.6005208333333333 0.46574074074074073 0.6015625 0.45925925925925926 0.6052083333333333 0.4546296296296296 0.6057291666666667 0.44722222222222224 0.6083333333333333 0.4462962962962963
2 0.41822916666666665 0.4898148148148148 0.41822916666666665 0.47962962962962963 0.42083333333333334 0.4722222222222222 0.42083333333333334 0.45 0.428125 0.4324074074074074 0.43020833333333336 0.4351851851851852 0.42864583333333334 0.49074074074074076 0.4265625 0.487962962962963 0.425 0.4740740740740741 0.41875 0.4898148148148148
2 0.7427083333333333 0.4212962962962963 0.7453125 0.4361111111111111 0.7432291666666667 0.46296296296296297 0.7411458333333333 0.4675925925925926 0.7380208333333333 0.4666666666666667 0.7385416666666667 0.44537037037037036 0.7369791666666666 0.4351851851851852 0.7401041666666667 0.4222222222222222 0.7421875 0.4212962962962963
2 0.3177083333333333 0.525 0.321875 0.5185185185185185 0.3223958333333333 0.5055555555555555 0.328125 0.5046296296296297 0.3296875 0.5185185185185185 0.3359375 0.5324074074074074 0.3416666666666667 0.5592592592592592 0.3416666666666667 0.5666666666666667 0.3380208333333333 0.5611111111111111 0.33489583333333334 0.5481481481481482 0.3328125 0.5518518518518518 0.3338541666666667 0.5731481481481482 0.3296875 0.6 0.3302083333333333 0.6157407407407407 0.328125 0.6166666666666667 0.3260416666666667 0.6129629629629629 0.32447916666666665 0.5824074074074074 0.3223958333333333 0.5916666666666667 0.3223958333333333 0.6092592592592593 0.3203125 0.612037037037037 0.3182291666666667 0.5694444444444444 0.3171875 0.5675925925925925 0.3140625 0.5731481481481482 0.3140625 0.5537037037037037 0.3177083333333333 0.5259259259259259
2 0.5484375 0.5185185185185185 0.5526041666666667 0.49907407407407406 0.55 0.45925925925925926 0.5572916666666666 0.4361111111111111 0.5609375 0.44722222222222224 0.5619791666666667 0.47129629629629627 0.5651041666666666 0.4824074074074074 0.5604166666666667 0.4824074074074074 0.5588541666666667 0.487962962962963 0.5567708333333333 0.5157407407407407 0.559375 0.5222222222222223 0.5567708333333333 0.525 0.5489583333333333 0.5194444444444445
2 0.42864583333333334 0.49537037037037035 0.43020833333333336 0.4981481481481482 0.42916666666666664 0.5120370370370371 0.43125 0.5277777777777778 0.43125 0.5601851851851852 0.428125 0.5768518518518518 0.428125 0.5851851851851851 0.43072916666666666 0.5925925925925926 0.4270833333333333 0.5962962962962963 0.42083333333333334 0.5944444444444444 0.42239583333333336 0.5601851851851852 0.4192708333333333 0.5453703703703704 0.4192708333333333 0.5185185185185185 0.42239583333333336 0.5092592592592593 0.42291666666666666 0.4981481481481482 0.428125 0.49537037037037035
1 0.2559791666666667 0.598212962962963 0.03781770833333333 0.08458333333333333
1 0.6833333333333333 0.4074074074074074 0.6921875 0.4222222222222222 0.6921875 0.42592592592592593 0.6885416666666667 0.42592592592592593 0.6864583333333333 0.42962962962962964 0.6822916666666666 0.45092592592592595 0.6791666666666667 0.44722222222222224 0.678125 0.42777777777777776 0.6755208333333333 0.4212962962962963 0.6828125 0.4074074074074074