2 0.2453125 0.49444444444444446 0.24635416666666668 0.475 0.25104166666666666 0.4564814814814815 0.2578125 0.4861111111111111 0.2578125 0.4925925925925926 0.2552083333333333 0.4981481481481482 0.2552083333333333 0.5175925925925926 0.2515625 0.5148148148148148 0.25104166666666666 0.5083333333333333 0.25364583333333335 0.4981481481481482 0.24583333333333332 0.49444444444444446
2 0.44427083333333334 0.43703703703703706 0.4479166666666667 0.4444444444444444 0.44479166666666664 0.4564814814814815 0.44947916666666665 0.46111111111111114 0.44947916666666665 0.4675925925925926 0.44583333333333336 0.46111111111111114 0.4395833333333333 0.47129629629629627 0.43697916666666664 0.46944444444444444 0.43854166666666666 0.44166666666666665 0.4401041666666667 0.43703703703703706 0.44375 0.43703703703703706
2 0.35572916666666665 0.4388888888888889 0.3578125 0.4425925925925926 0.35625 0.44814814814814813 0.3567708333333333 0.46111111111111114 0.3536458333333333 0.4740740740740741 0.35208333333333336 0.5009259259259259 0.35 0.4981481481481482 0.3489583333333333 0.487962962962963 0.3453125 0.5 0.3416666666666667 0.5009259259259259 0.3416666666666667 0.4981481481481482 0.3463541666666667 0.47962962962962963 0.346875 0.45555555555555555 0.35104166666666664 0.44907407407407407 0.35208333333333336 0.44166666666666665 0.35520833333333335 0.4388888888888889
2 0.27239583333333334 0.4564814814814815 0.2713541666666667 0.49907407407407406 0.26927083333333335 0.5111111111111111 0.265625 0.512962962962963 0.26666666666666666 0.49722222222222223 0.2604166666666667 0.49444444444444446 0.25833333333333336 0.48518518518518516 0.25833333333333336 0.4777777777777778 0.2630208333333333 0.4638888888888889 0.26510416666666664 0.4601851851851852 0.2703125 0.462037037037037 0.27239583333333334 0.45740740740740743
2 0.2791666666666667 0.4462962962962963 0.2833333333333333 0.4564814814814815 0.2859375 0.4722222222222222 0.2828125 0.5212962962962963 0.2791666666666667 0.5046296296296297 0.2760416666666667 0.525 0.27395833333333336 0.5222222222222223 0.27239583333333334 0.462037037037037 0.2786458333333333 0.44722222222222224
2 0.30052083333333335 0.549074074074074 0.30052083333333335 0.5398148148148149 0.30885416666666665 0.5231481481481481 0.309375 0.4861111111111111 0.3171875 0.47685185185185186 0.321875 0.47685185185185186 0.32395833333333335 0.48333333333333334 0.31875 0.5055555555555555 0.3171875 0.5212962962962963 0.3171875 0.5342592592592592 0.31979166666666664 0.5472222222222223 0.31666666666666665 0.549074074074074 0.3151041666666667 0.5462962962962963 0.3140625 0.5333333333333333 0.3104166666666667 0.5296296296296297 0.30416666666666664 0.5425925925925926 0.30364583333333334 0.5481481481481482 0.30052083333333335 0.55
2 0.6458333333333334 0.4462962962962963 0.65 0.44814814814814813 0.6520833333333333 0.46111111111111114 0.6494791666666667 0.49537037037037035 0.6526041666666667 0.5046296296296297 0.6526041666666667 0.5083333333333333 0.6505208333333333 0.5092592592592593 0.6473958333333333 0.49907407407407406 0.6442708333333333 0.5083333333333333 0.6427083333333333 0.5064814814814815 0.6427083333333333 0.48333333333333334 0.6458333333333334 0.44722222222222224
2 0.5057291666666667 0.4527777777777778 0.5119791666666667 0.47962962962962963 0.5119791666666667 0.4842592592592593 0.5083333333333333 0.48148148148148145 0.5046875 0.49166666666666664 0.5046875 0.5101851851851852 0.5083333333333333 0.5194444444444445 0.5046875 0.5231481481481481 0.5015625 0.5111111111111111 0.49635416666666665 0.5175925925925926 0.4947916666666667 0.5296296296296297 0.4921875 0.5277777777777778 0.4921875 0.5222222222222223 0.4979166666666667 0.5018518518518519 0.4953125 0.4787037037037037 0.5020833333333333 0.45555555555555555 0.5052083333333334 0.4527777777777778
2 0.334375 0.5037037037037037 0.33489583333333334 0.5157407407407407 0.34010416666666665 0.525 0.3421875 0.5407407407407407 0.3453125 0.549074074074074 0.3453125 0.5611111111111111 0.3421875 0.5509259259259259 0.33958333333333335 0.5555555555555556 0.3411458333333333 0.5953703703703703 0.3453125 0.6046296296296296 0.34270833333333334 0.6074074074074074 0.33645833333333336 0.6046296296296296 0.3375 0.5944444444444444 0.33489583333333334 0.5796296296296296 0.33177083333333335 0.5888888888888889 0.3333333333333333 0.6027777777777777 0.32760416666666664 0.6027777777777777 0.32864583333333336 0.5712962962962963 0.32447916666666665 0.5268518518518519 0.3296875 0.5148148148148148 0.32916666666666666 0.5046296296296297 0.33125 0.5018518518518519 0.3338541666666667 0.5037037037037037
2 0.37864583333333335 0.4601851851851852 0.3802083333333333 0.45555555555555555 0.38385416666666666 0.45555555555555555 0.3848958333333333 0.46574074074074073 0.39010416666666664 0.4740740740740741 0.39166666666666666 0.5361111111111111 0.39427083333333335 0.5425925925925926 0.3885416666666667 0.5425925925925926 0.38697916666666665 0.5166666666666667 0.38333333333333336 0.5120370370370371 0.3770833333333333 0.5259259259259259 0.3734375 0.5453703703703704 0.37083333333333335 0.5462962962962963 0.37083333333333335 0.5388888888888889 0.3770833333333333 0.512962962962963 0.37552083333333336 0.4759259259259259 0.37916666666666665 0.46111111111111114
2 0.265625 0.5592592592592592 0.265625 0.5703703703703704 0.26197916666666665 0.5787037037037037 0.26197916666666665 0.5879629629629629 0.2640625 0.5972222222222222 0.26875 0.6055555555555555 0.265625 0.6194444444444445 0.26875 0.6472222222222223 0.27395833333333336 0.6583333333333333 0.26875 0.6601851851851852 0.26614583333333336 0.6574074074074074 0.2625 0.625 0.25833333333333336 0.6203703703703703 0.2552083333333333 0.625 0.25625 0.6583333333333333 0.2552083333333333 0.6611111111111111 0.2526041666666667 0.6592592592592592 0.25052083333333336 0.6231481481481481 0.23958333333333334 0.5879629629629629 0.240625 0.5731481481481482 0.24479166666666666 0.5638888888888889 0.24427083333333333 0.5527777777777778 0.24739583333333334 0.5453703703703704 0.2515625 0.5435185185185185 0.253125 0.5462962962962963 0.253125 0.5583333333333333 0.25729166666666664 0.562962962962963 0.26197916666666665 0.5666666666666667 0.26510416666666664 0.5601851851851852
1 0.675 0.4212962962962963 0.6786458333333333 0.4222222222222222 0.6807291666666667 0.43148148148148147 0.6786458333333333 0.45 0.6713541666666667 0.45 0.671875 0.4324074074074074 0.675 0.4222222222222222