2 0.55 0.4101851851851852 0.5541666666666667 0.42777777777777776 0.5526041666666667 0.44722222222222224 0.5536458333333333 0.45925925925925926 0.55 0.45740740740740743 0.5463541666666667 0.4601851851851852 0.5458333333333333 0.4287037037037037 0.55 0.4111111111111111
2 0.6578125 0.4074074074074074 0.6578125 0.42962962962962964 0.6546875 0.43703703703703706 0.6526041666666667 0.4305555555555556 0.653125 0.41574074074074074 0.6541666666666667 0.4083333333333333 0.6572916666666667 0.4074074074074074
2 0.5291666666666667 0.43148148148148147 0.5317708333333333 0.46296296296296297 0.5354166666666667 0.47685185185185186 0.5338541666666666 0.4787037037037037 0.5276041666666667 0.4666666666666667 0.5234375 0.4703703703703704 0.5223958333333333 0.4787037037037037 0.5203125 0.4777777777777778 0.5234375 0.4546296296296296 0.5229166666666667 0.4351851851851852 0.5255208333333333 0.4305555555555556 0.5286458333333334 0.43148148148148147
2 0.6895833333333333 0.412962962962963 0.6932291666666667 0.42777777777777776 0.6921875 0.4666666666666667 0.6880208333333333 0.46574074074074073 0.6869791666666667 0.4564814814814815 0.6854166666666667 0.42407407407407405 0.6864583333333333 0.4166666666666667 0.6890625 0.412962962962963
2 0.5953125 0.45 0.5979166666666667 0.4583333333333333 0.5979166666666667 0.4703703703703704 0.5953125 0.48148148148148145 0.5973958333333333 0.5120370370370371 0.5953125 0.5148148148148148 0.5921875 0.5009259259259259 0.5901041666666667 0.5 0.5875 0.5027777777777778 0.5880208333333333 0.5120370370370371 0.5848958333333333 0.5148148148148148 0.5864583333333333 0.4722222222222222 0.5885416666666666 0.46296296296296297 0.5947916666666667 0.45092592592592595
2 0.6098958333333333 0.4101851851851852 0.6114583333333333 0.4148148148148148 0.6114583333333333 0.4351851851851852 0.609375 0.45740740740740743 0.60625 0.45185185185185184 0.6072916666666667 0.4388888888888889 0.6057291666666667 0.4305555555555556 0.60625 0.41759259259259257 0.609375 0.4101851851851852
2 0.5984375 0.41203703703703703 0.6015625 0.425 0.5989583333333334 0.44722222222222224 0.5958333333333333 0.4444444444444444 0.5947916666666667 0.425 0.5958333333333333 0.41388888888888886 0.5979166666666667 0.41203703703703703
2 0.7203125 0.41574074074074074 0.7234375 0.4166666666666667 0.7239583333333334 0.4222222222222222 0.7239583333333334 0.4537037037037037 0.7203125 0.45555555555555555 0.7166666666666667 0.44351851851851853 0.7203125 0.4166666666666667
1 0.24479166666666666 0.5925925925925926 0.0390625 0.09490740740740741
1 0.6739427083333334 0.4375 0.013447916666666667 0.04139814814814815
2 0.5515000000000001 0.43107407407407405 0.018265625 0.054953703703703706