2 0.340625 0.6074074074074074 0.34479166666666666 0.6129629629629629 0.3453125 0.6240740740740741 0.3489583333333333 0.6351851851851852 0.34791666666666665 0.6611111111111111 0.359375 0.687962962962963 0.35625 0.7314814814814815 0.3515625 0.7222222222222222 0.3515625 0.6935185185185185 0.3458333333333333 0.687037037037037 0.34270833333333334 0.6916666666666667 0.34479166666666666 0.6981481481481482 0.34739583333333335 0.7268518518518519 0.35104166666666664 0.7379629629629629 0.3489583333333333 0.7453703703703703 0.3416666666666667 0.7277777777777777 0.3385416666666667 0.7083333333333334 0.33229166666666665 0.6898148148148148 0.33125 0.687962962962963 0.3296875 0.6907407407407408 0.328125 0.7027777777777777 0.32447916666666665 0.6935185185185185 0.32447916666666665 0.6638888888888889 0.32708333333333334 0.6407407407407407 0.3328125 0.6287037037037037 0.3338541666666667 0.612037037037037 0.34010416666666665 0.6074074074074074
2 0.3140625 0.4888888888888889 0.3171875 0.4898148148148148 0.31927083333333334 0.49444444444444446 0.3182291666666667 0.5064814814814815 0.31979166666666664 0.5222222222222223 0.32447916666666665 0.5425925925925926 0.32447916666666665 0.5509259259259259 0.32083333333333336 0.5444444444444444 0.31979166666666664 0.5462962962962963 0.3182291666666667 0.5796296296296296 0.31875 0.5944444444444444 0.3234375 0.6018518518518519 0.3234375 0.6055555555555555 0.32083333333333336 0.6074074074074074 0.3145833333333333 0.5990740740740741 0.309375 0.5981481481481481 0.31145833333333334 0.5555555555555556 0.3072916666666667 0.5388888888888889 0.3067708333333333 0.5157407407407407 0.3109375 0.5046296296296297 0.31145833333333334 0.4925925925925926 0.31354166666666666 0.4898148148148148
2 0.4708333333333333 0.44814814814814813 0.47552083333333334 0.46296296296296297 0.4734375 0.4777777777777778 0.4744791666666667 0.5083333333333333 0.46979166666666666 0.5101851851851852 0.4666666666666667 0.5009259259259259 0.4635416666666667 0.5166666666666667 0.4640625 0.46296296296296297 0.4703125 0.44814814814814813
2 0.44947916666666665 0.4861111111111111 0.4515625 0.487962962962963 0.4552083333333333 0.5046296296296297 0.453125 0.5277777777777778 0.45989583333333334 0.5462962962962963 0.45208333333333334 0.5601851851851852 0.45260416666666664 0.5666666666666667 0.44947916666666665 0.5666666666666667 0.44583333333333336 0.5574074074074075 0.4421875 0.5675925925925925 0.4421875 0.5768518518518518 0.4375 0.575 0.4432291666666667 0.5518518518518518 0.4432291666666667 0.5398148148148149 0.4390625 0.5231481481481481 0.4390625 0.5138888888888888 0.4401041666666667 0.5083333333333333 0.446875 0.4981481481481482 0.446875 0.49074074074074076 0.44895833333333335 0.48703703703703705
2 0.1390625 0.5657407407407408 0.14375 0.5740740740740741 0.14375 0.5953703703703703 0.14583333333333334 0.6055555555555555 0.14427083333333332 0.6175925925925926 0.14947916666666666 0.6546296296296297 0.14947916666666666 0.6620370370370371 0.14375 0.6777777777777778 0.14375 0.6861111111111111 0.14791666666666667 0.6953703703703704 0.13958333333333334 0.6935185185185185 0.13854166666666667 0.6962962962962963 0.1390625 0.7027777777777777 0.14375 0.7101851851851851 0.14114583333333333 0.7148148148148148 0.13385416666666666 0.7111111111111111 0.13385416666666666 0.6712962962962963 0.12916666666666668 0.6601851851851852 0.12916666666666668 0.6324074074074074 0.12604166666666666 0.6203703703703703 0.12760416666666666 0.6018518518518519 0.13489583333333333 0.5861111111111111 0.13333333333333333 0.5712962962962963 0.13854166666666667 0.5657407407407408
2 0.24322916666666666 0.5375 0.0125 0.062037037037037036
2 0.19322916666666667 0.48055555555555557 0.19479166666666667 0.4842592592592593 0.19322916666666667 0.5018518518518519 0.19114583333333332 0.5074074074074074 0.19114583333333332 0.5231481481481481 0.19427083333333334 0.5462962962962963 0.1890625 0.5481481481481482 0.18854166666666666 0.5361111111111111 0.184375 0.5324074074074074 0.17708333333333334 0.5435185185185185 0.175 0.5537037037037037 0.1734375 0.5453703703703704 0.18072916666666666 0.5296296296296297 0.18229166666666666 0.5046296296296297 0.19010416666666666 0.48148148148148145 0.19270833333333334 0.48055555555555557
2 0.6739583333333333 0.4722222222222222 0.6786458333333333 0.4842592592592593 0.6713541666666667 0.5416666666666666 0.6645833333333333 0.5398148148148149 0.6645833333333333 0.512962962962963 0.6671875 0.4962962962962963 0.6651041666666667 0.4925925925925926 0.6609375 0.4935185185185185 0.6682291666666667 0.462037037037037 0.6708333333333333 0.4638888888888889 0.6734375 0.4722222222222222
2 0.484375 0.5046296296296297 0.48489583333333336 0.5194444444444445 0.4890625 0.5314814814814814 0.5015625 0.549074074074074 0.5015625 0.5518518518518518 0.4979166666666667 0.5527777777777778 0.48802083333333335 0.5370370370370371 0.48385416666666664 0.5361111111111111 0.4822916666666667 0.5388888888888889 0.48072916666666665 0.5574074074074075 0.48385416666666664 0.5703703703703704 0.48385416666666664 0.5805555555555556 0.47604166666666664 0.5981481481481481 0.4765625 0.6055555555555555 0.4791666666666667 0.6092592592592593 0.47708333333333336 0.6129629629629629 0.4713541666666667 0.6064814814814815 0.4703125 0.5935185185185186 0.465625 0.6 0.4630208333333333 0.6129629629629629 0.45989583333333334 0.6129629629629629 0.459375 0.6 0.4708333333333333 0.5805555555555556 0.46927083333333336 0.5583333333333333 0.4635416666666667 0.5564814814814815 0.4661458333333333 0.5287037037037037 0.47239583333333335 0.5194444444444445 0.47708333333333336 0.5175925925925926 0.48020833333333335 0.5046296296296297 0.48385416666666664 0.5046296296296297
2 0.46041666666666664 0.6796296296296296 0.4630208333333333 0.6842592592592592 0.4635416666666667 0.7027777777777777 0.4734375 0.7138888888888889 0.47604166666666664 0.7425925925925926 0.48072916666666665 0.7638888888888888 0.48020833333333335 0.7777777777777778 0.47291666666666665 0.8138888888888889 0.4947916666666667 0.8222222222222222 0.4953125 0.8314814814814815 0.49114583333333334 0.8462962962962963 0.4875 0.8462962962962963 0.48541666666666666 0.8305555555555556 0.48125 0.8277777777777777 0.46979166666666666 0.8287037037037037 0.45989583333333334 0.8231481481481482 0.4583333333333333 0.8277777777777777 0.46145833333333336 0.8351851851851851 0.45989583333333334 0.8416666666666667 0.446875 0.8425925925925926 0.4432291666666667 0.8388888888888889 0.45260416666666664 0.8268518518518518 0.4479166666666667 0.7861111111111111 0.4578125 0.7685185185185185 0.45416666666666666 0.75 0.44583333333333336 0.7407407407407407 0.4453125 0.7324074074074074 0.44947916666666665 0.7194444444444444 0.4557291666666667 0.7101851851851851 0.4515625 0.6953703703703704 0.4515625 0.6851851851851852 0.453125 0.6814814814814815 0.45989583333333334 0.6796296296296296
1 0.24598958333333334 0.6053796296296295 0.028374999999999997 0.07860185185185185
1 0.6765625 0.42592592592592593 0.6796875 0.43425925925925923 0.678125 0.45092592592592595 0.6697916666666667 0.44907407407407407 0.6713541666666667 0.4351851851851852 0.6734375 0.42777777777777776 0.6760416666666667 0.42592592592592593
0 0.5592968749999999 0.6971851851851852 0.008911458333333334 0.01349074074074074