2 0.6578125 0.41759259259259257 0.6614583333333334 0.41944444444444445 0.6625 0.4287037037037037 0.6604166666666667 0.4462962962962963 0.6614583333333334 0.4564814814814815 0.6578125 0.46111111111111114 0.6557291666666667 0.4601851851851852 0.6546875 0.4351851851851852 0.6578125 0.4185185185185185
2 0.75234375 0.4962962962962963 0.013020833333333334 0.07407407407407407
2 0.5567708333333333 0.4759259259259259 0.5536458333333333 0.47129629629629627 0.55 0.47962962962962963 0.5489583333333333 0.45740740740740743 0.5520833333333334 0.4351851851851852 0.5536458333333333 0.43333333333333335 0.55625 0.4398148148148148 0.5572916666666666 0.4527777777777778 0.5536458333333333 0.4638888888888889 0.5572916666666666 0.4703703703703704 0.5572916666666666 0.475
2 0.553125 0.5444444444444444 0.5557291666666667 0.5518518518518518 0.5552083333333333 0.562037037037037 0.5645833333333333 0.5740740740740741 0.5671875 0.5962962962962963 0.5604166666666667 0.6305555555555555 0.5583333333333333 0.6611111111111111 0.5536458333333333 0.6675925925925926 0.553125 0.6805555555555556 0.55 0.6842592592592592 0.5473958333333333 0.6796296296296296 0.5479166666666667 0.6435185185185185 0.5453125 0.6277777777777778 0.5458333333333333 0.6101851851851852 0.540625 0.5990740740740741 0.5401041666666667 0.5814814814814815 0.5427083333333333 0.5694444444444444 0.5473958333333333 0.5638888888888889 0.5473958333333333 0.5462962962962963 0.5526041666666667 0.5444444444444444
2 0.2703125 0.47685185185185186 0.271875 0.48055555555555557 0.2703125 0.49907407407407406 0.2708333333333333 0.5324074074074074 0.2671875 0.5481481481481482 0.26979166666666665 0.5564814814814815 0.26875 0.5592592592592592 0.26458333333333334 0.5574074074074075 0.2598958333333333 0.5074074074074074 0.26145833333333335 0.48703703703703705 0.26666666666666666 0.4759259259259259 0.26979166666666665 0.47685185185185186
2 0.4713541666666667 0.425 0.475 0.4287037037037037 0.47760416666666666 0.44074074074074077 0.4734375 0.4777777777777778 0.4703125 0.47962962962962963 0.4671875 0.43333333333333335 0.4708333333333333 0.425
2 0.421875 0.525 0.421875 0.48703703703703705 0.41822916666666665 0.4759259259259259 0.42135416666666664 0.45740740740740743 0.425 0.45185185185185184 0.42916666666666664 0.4527777777777778 0.4354166666666667 0.48333333333333334 0.43125 0.49074074074074076 0.42864583333333334 0.5259259259259259 0.425 0.5083333333333333 0.421875 0.524074074074074
2 0.6265625 0.4148148148148148 0.63125 0.42777777777777776 0.6302083333333334 0.4462962962962963 0.6328125 0.4564814814814815 0.6302083333333334 0.46574074074074073 0.6296875 0.4546296296296296 0.6265625 0.44722222222222224 0.6234375 0.4546296296296296 0.6229166666666667 0.4638888888888889 0.6197916666666666 0.4638888888888889 0.6223958333333334 0.45 0.6229166666666667 0.42592592592592593 0.6265625 0.41574074074074074
2 0.6927083333333334 0.44074074074074077 0.6958333333333333 0.44166666666666665 0.7015625 0.45555555555555555 0.6973958333333333 0.48703703703703705 0.6984375 0.4981481481481482 0.6921875 0.5 0.6901041666666666 0.4675925925925926 0.6927083333333334 0.44166666666666665
2 0.6302083333333334 0.45925925925925926 0.6333333333333333 0.462037037037037 0.6338541666666667 0.47129629629629627 0.6390625 0.48055555555555557 0.6359375 0.5083333333333333 0.6369791666666667 0.5370370370370371 0.6338541666666667 0.5324074074074074 0.6307291666666667 0.5370370370370371 0.6286458333333333 0.5361111111111111 0.625 0.48055555555555557 0.6291666666666667 0.47129629629629627 0.6302083333333334 0.4601851851851852
0 0.5402395833333333 0.6438240740740742 0.006864583333333333 0.014861111111111111
1 0.24010416666666667 0.5546296296296296 0.24322916666666666 0.5611111111111111 0.2453125 0.5851851851851851 0.2515625 0.5935185185185186 0.25 0.6018518518518519 0.25729166666666664 0.6157407407407407 0.25833333333333336 0.6222222222222222 0.2552083333333333 0.6277777777777778 0.24635416666666668 0.6296296296296297 0.24114583333333334 0.6287037037037037 0.23697916666666666 0.6166666666666667 0.23333333333333334 0.6129629629629629 0.23072916666666668 0.6027777777777777 0.23125 0.5879629629629629 0.234375 0.5712962962962963 0.23385416666666667 0.5601851851851852 0.2359375 0.5555555555555556 0.23958333333333334 0.5546296296296296
1 0.6822916666666666 0.4083333333333333 0.6854166666666667 0.4083333333333333 0.6932291666666667 0.42407407407407405 0.6869791666666667 0.42962962962962964 0.6854166666666667 0.44814814814814813 0.6817708333333333 0.45185185185185184 0.6786458333333333 0.44166666666666665 0.6791666666666667 0.425 0.6765625 0.4212962962962963 0.6822916666666666 0.40925925925925927