2 0.7036458333333333 0.45925925925925926 0.7072916666666667 0.4583333333333333 0.7140625 0.4759259259259259 0.7203125 0.5101851851851852 0.7203125 0.5157407407407407 0.7166666666666667 0.5175925925925926 0.7151041666666667 0.5101851851851852 0.70625 0.49444444444444446 0.7036458333333333 0.4601851851851852
2 0.7151041666666667 0.46111111111111114 0.7239583333333334 0.47962962962962963 0.725 0.487962962962963 0.7234375 0.49907407407407406 0.7270833333333333 0.5064814814814815 0.7270833333333333 0.512962962962963 0.7234375 0.5120370370370371 0.7125 0.47685185185185186 0.7109375 0.46296296296296297 0.7145833333333333 0.46111111111111114
2 0.34322916666666664 0.5685185185185185 0.346875 0.5731481481481482 0.346875 0.5842592592592593 0.34322916666666664 0.5935185185185186 0.34322916666666664 0.6 0.34739583333333335 0.6657407407407407 0.34270833333333334 0.6990740740740741 0.3453125 0.7055555555555556 0.35052083333333334 0.7092592592592593 0.3494791666666667 0.7129629629629629 0.3453125 0.7148148148148148 0.3375 0.712037037037037 0.3385416666666667 0.6814814814814815 0.33489583333333334 0.6824074074074075 0.3307291666666667 0.6898148148148148 0.328125 0.7064814814814815 0.3229166666666667 0.6916666666666667 0.3234375 0.6851851851851852 0.32916666666666666 0.6814814814814815 0.3359375 0.6675925925925926 0.33229166666666665 0.6203703703703703 0.334375 0.5972222222222222 0.3380208333333333 0.587037037037037 0.3375 0.575 0.3390625 0.5703703703703704 0.34270833333333334 0.5685185185185185
2 0.42604166666666665 0.6935185185185185 0.42916666666666664 0.6953703703703704 0.4317708333333333 0.7027777777777777 0.4322916666666667 0.7148148148148148 0.42916666666666664 0.7268518518518519 0.4354166666666667 0.7407407407407407 0.4390625 0.7722222222222223 0.4510416666666667 0.8 0.44895833333333335 0.8037037037037037 0.44583333333333336 0.8037037037037037 0.4322916666666667 0.7814814814814814 0.43020833333333336 0.7851851851851852 0.4296875 0.7935185185185185 0.4390625 0.8138888888888889 0.4427083333333333 0.8324074074074074 0.4453125 0.8638888888888889 0.4510416666666667 0.8648148148148148 0.45260416666666664 0.8740740740740741 0.44895833333333335 0.8833333333333333 0.4421875 0.8888888888888888 0.4395833333333333 0.8824074074074074 0.4395833333333333 0.8731481481481481 0.4354166666666667 0.8555555555555555 0.43385416666666665 0.8379629629629629 0.4317708333333333 0.8333333333333334 0.4244791666666667 0.8324074074074074 0.421875 0.837037037037037 0.4109375 0.8870370370370371 0.4109375 0.8935185185185185 0.41458333333333336 0.9046296296296297 0.409375 0.9111111111111111 0.4046875 0.9092592592592592 0.4005208333333333 0.9018518518518519 0.4010416666666667 0.8935185185185185 0.4041666666666667 0.8861111111111111 0.40572916666666664 0.862037037037037 0.409375 0.8518518518518519 0.409375 0.8416666666666667 0.40260416666666665 0.8111111111111111 0.40260416666666665 0.7944444444444444 0.40625 0.7675925925925926 0.4010416666666667 0.7611111111111111 0.4005208333333333 0.7564814814814815 0.40625 0.737037037037037 0.4166666666666667 0.7240740740740741 0.4161458333333333 0.7055555555555556 0.41770833333333335 0.7 0.42552083333333335 0.6935185185185185
2 0.5682291666666667 0.4685185185185185 0.5692708333333333 0.4777777777777778 0.5729166666666666 0.48518518518518516 0.5744791666666667 0.49907407407407406 0.5703125 0.49907407407407406 0.5677083333333334 0.537962962962963 0.5640625 0.5287037037037037 0.5604166666666667 0.49722222222222223 0.5567708333333333 0.49074074074074076 0.5567708333333333 0.48518518518518516 0.5630208333333333 0.47685185185185186 0.5640625 0.46944444444444444 0.5677083333333334 0.4685185185185185
2 0.25833333333333336 0.5481481481481482 0.26197916666666665 0.562037037037037 0.26145833333333335 0.5814814814814815 0.2635416666666667 0.6074074074074074 0.2703125 0.625 0.26458333333333334 0.625 0.2635416666666667 0.6277777777777778 0.265625 0.6435185185185185 0.265625 0.6888888888888889 0.271875 0.6962962962962963 0.26875 0.7 0.26145833333333335 0.700925925925926 0.26145833333333335 0.6824074074074075 0.25833333333333336 0.6611111111111111 0.25416666666666665 0.6694444444444444 0.24895833333333334 0.6888888888888889 0.25 0.7027777777777777 0.2484375 0.7055555555555556 0.24583333333333332 0.7037037037037037 0.2421875 0.6935185185185185 0.2421875 0.687962962962963 0.24635416666666668 0.6805555555555556 0.2526041666666667 0.6555555555555556 0.246875 0.6296296296296297 0.24635416666666668 0.6092592592592593 0.24791666666666667 0.5842592592592593 0.25625 0.5583333333333333 0.2552083333333333 0.55 0.2578125 0.549074074074074
2 0.42552083333333335 0.46944444444444444 0.43125 0.4981481481481482 0.43697916666666664 0.5055555555555555 0.428125 0.5046296296296297 0.4203125 0.562962962962963 0.41822916666666665 0.562962962962963 0.4161458333333333 0.5564814814814815 0.4197916666666667 0.5277777777777778 0.4166666666666667 0.5074074074074074 0.4119791666666667 0.49444444444444446 0.42135416666666664 0.48055555555555557 0.421875 0.4722222222222222 0.425 0.46944444444444444
2 0.6427083333333333 0.4222222222222222 0.64375 0.42962962962962964 0.6421875 0.44814814814814813 0.64375 0.45925925925925926 0.640625 0.45925925925925926 0.6369791666666667 0.4537037037037037 0.6328125 0.45555555555555555 0.6317708333333333 0.4527777777777778 0.6354166666666666 0.44814814814814813 0.6359375 0.42777777777777776 0.6401041666666667 0.4212962962962963 0.6421875 0.4222222222222222
2 0.45677083333333335 0.45925925925925926 0.4588541666666667 0.4638888888888889 0.4583333333333333 0.4703703703703704 0.4635416666666667 0.47685185185185186 0.46458333333333335 0.49074074074074076 0.45208333333333334 0.5398148148148149 0.45260416666666664 0.5509259259259259 0.4510416666666667 0.5518518518518518 0.4473958333333333 0.5462962962962963 0.4505208333333333 0.5185185185185185 0.4510416666666667 0.4925925925925926 0.44635416666666666 0.48055555555555557 0.45260416666666664 0.4703703703703704 0.45260416666666664 0.46111111111111114 0.45625 0.45925925925925926
2 0.6609375 0.4222222222222222 0.6630208333333333 0.4324074074074074 0.6609375 0.4462962962962963 0.6625 0.46944444444444444 0.659375 0.46944444444444444 0.6578125 0.45740740740740743 0.6505208333333333 0.46574074074074073 0.6473958333333333 0.46296296296296297 0.6546875 0.4537037037037037 0.6536458333333334 0.43425925925925923 0.6604166666666667 0.42314814814814816
1 0.2552083333333333 0.5111111111111111 0.25833333333333336 0.5148148148148148 0.25833333333333336 0.5296296296296297 0.26145833333333335 0.55 0.2515625 0.5740740740740741 0.24895833333333334 0.5731481481481482 0.24791666666666667 0.5564814814814815 0.24270833333333333 0.5425925925925926 0.24947916666666667 0.5231481481481481 0.24947916666666667 0.5148148148148148 0.2546875 0.5111111111111111
1 0.6885416666666667 0.41759259259259257 0.6927083333333334 0.425 0.6890625 0.425 0.6864583333333333 0.4287037037037037 0.6854166666666667 0.44166666666666665 0.6822916666666666 0.45 0.6776041666666667 0.44537037037037036 0.678125 0.4287037037037037 0.6744791666666666 0.4212962962962963 0.6817708333333333 0.4074074074074074 0.6880208333333333 0.41759259259259257
0 0.6884114583333333 0.5086944444444444 0.003447916666666667 0.006685185185185185