2 0.7177083333333333 0.4564814814814815 0.7203125 0.462037037037037 0.7213541666666666 0.47962962962962963 0.7192708333333333 0.5120370370370371 0.7244791666666667 0.5259259259259259 0.7208333333333333 0.5324074074074074 0.71875 0.5314814814814814 0.7151041666666667 0.5175925925925926 0.7140625 0.49722222222222223 0.7125 0.49444444444444446 0.7151041666666667 0.4777777777777778 0.7140625 0.4583333333333333 0.7171875 0.4564814814814815
2 0.5328125 0.46296296296296297 0.5375 0.48055555555555557 0.5364583333333334 0.4981481481481482 0.5432291666666667 0.5064814814814815 0.5432291666666667 0.512962962962963 0.5328125 0.5037037037037037 0.5307291666666667 0.5064814814814815 0.5291666666666667 0.5166666666666667 0.5270833333333333 0.5148148148148148 0.5260416666666666 0.4898148148148148 0.528125 0.46574074074074073 0.5322916666666667 0.46296296296296297
2 0.4942708333333333 0.41388888888888886 0.49583333333333335 0.4361111111111111 0.4921875 0.45555555555555555 0.4942708333333333 0.4638888888888889 0.49114583333333334 0.4666666666666667 0.48854166666666665 0.4564814814814815 0.48541666666666666 0.45740740740740743 0.48385416666666664 0.46296296296296297 0.4864583333333333 0.43148148148148147 0.49375 0.4148148148148148
2 0.35989583333333336 0.44074074074074077 0.3614583333333333 0.44537037037037036 0.35989583333333336 0.4601851851851852 0.3625 0.487962962962963 0.35989583333333336 0.5 0.3619791666666667 0.5111111111111111 0.359375 0.512962962962963 0.3567708333333333 0.512962962962963 0.3541666666666667 0.5083333333333333 0.3567708333333333 0.4981481481481482 0.3541666666666667 0.4546296296296296 0.35625 0.4425925925925926 0.359375 0.44074074074074077
2 0.6177083333333333 0.4222222222222222 0.6203125 0.425 0.6229166666666667 0.4351851851851852 0.6234375 0.45 0.6265625 0.45555555555555555 0.6265625 0.46111111111111114 0.6223958333333334 0.4583333333333333 0.6192708333333333 0.46296296296296297 0.6161458333333333 0.462037037037037 0.6161458333333333 0.4583333333333333 0.6119791666666666 0.4546296296296296 0.609375 0.4583333333333333 0.6088541666666667 0.4638888888888889 0.6057291666666667 0.46296296296296297 0.6114583333333333 0.44907407407407407 0.6125 0.42777777777777776 0.6171875 0.4222222222222222
2 0.5713541666666667 0.42314814814814816 0.5755208333333334 0.42685185185185187 0.5739583333333333 0.4666666666666667 0.5682291666666667 0.4666666666666667 0.5682291666666667 0.4287037037037037 0.5708333333333333 0.42407407407407405
2 0.6166666666666667 0.425 0.6197916666666666 0.41944444444444445 0.6234375 0.4203703703703704 0.6239583333333333 0.44537037037037036 0.6270833333333333 0.4564814814814815 0.6265625 0.462037037037037 0.6229166666666667 0.46111111111111114 0.6177083333333333 0.44722222222222224 0.6171875 0.42592592592592593
2 0.47760416666666666 0.45925925925925926 0.484375 0.47685185185185186 0.4822916666666667 0.5296296296296297 0.48072916666666665 0.5314814814814814 0.478125 0.5287037037037037 0.478125 0.5203703703703704 0.4713541666666667 0.4842592592592593 0.4739583333333333 0.46111111111111114 0.47708333333333336 0.45925925925925926
2 0.5317708333333333 0.44074074074074077 0.534375 0.44907407407407407 0.534375 0.46296296296296297 0.5328125 0.4675925925925926 0.5270833333333333 0.4638888888888889 0.5276041666666667 0.44166666666666665 0.5291666666666667 0.43796296296296294 0.53125 0.44074074074074077
2 0.7036458333333333 0.43796296296296294 0.7104166666666667 0.4537037037037037 0.7078125 0.4638888888888889 0.7104166666666667 0.49537037037037035 0.70625 0.4981481481481482 0.7010416666666667 0.4935185185185185 0.6989583333333333 0.48055555555555557 0.6989583333333333 0.44537037037037036 0.703125 0.43796296296296294
1 0.24114583333333334 0.5185185185185185 0.24375 0.525 0.24427083333333333 0.5398148148148149 0.24739583333333334 0.5527777777777778 0.2520833333333333 0.5925925925925926 0.2520833333333333 0.6101851851851852 0.25729166666666664 0.6231481481481481 0.25625 0.6268518518518519 0.24114583333333334 0.6231481481481481 0.2390625 0.6175925925925926 0.2375 0.5833333333333334 0.23385416666666667 0.562037037037037 0.23229166666666667 0.5342592592592592 0.23541666666666666 0.5194444444444445 0.23697916666666666 0.5166666666666667 0.240625 0.5185185185185185
1 0.675 0.4444444444444444 0.6802083333333333 0.43796296296296294 0.6822916666666666 0.4305555555555556 0.6854166666666667 0.43148148148148147 0.6885416666666667 0.4425925925925926 0.6859375 0.4537037037037037 0.6739583333333333 0.45185185185185184 0.6723958333333333 0.44907407407407407 0.675 0.44537037037037036
0 0.4663802083333334 0.5208333333333334 0.003072916666666667 0.007962962962962963