2 0.5192708333333333 0.43796296296296294 0.5192708333333333 0.45 0.5229166666666667 0.46111111111111114 0.5229166666666667 0.47962962962962963 0.51875 0.5185185185185185 0.515625 0.5175925925925926 0.5135416666666667 0.4842592592592593 0.5098958333333333 0.4703703703703704 0.5145833333333333 0.44074074074074077 0.51875 0.43796296296296294
2 0.7442708333333333 0.48518518518518516 0.7411458333333333 0.4824074074074074 0.7401041666666667 0.47685185185185186 0.7390625 0.4444444444444444 0.740625 0.4324074074074074 0.7432291666666667 0.43425925925925923 0.7453125 0.44351851851851853 0.7442708333333333 0.4842592592592593
2 0.64375 0.4083333333333333 0.6473958333333333 0.41759259259259257 0.64375 0.45092592592592595 0.6395833333333333 0.44907407407407407 0.6395833333333333 0.4222222222222222 0.6432291666666666 0.40925925925925927
2 0.6088541666666667 0.41388888888888886 0.6151041666666667 0.42685185185185187 0.6161458333333333 0.44722222222222224 0.6197916666666666 0.45555555555555555 0.6151041666666667 0.45740740740740743 0.6125 0.4546296296296296 0.6104166666666667 0.4666666666666667 0.6083333333333333 0.4675925925925926 0.6083333333333333 0.4601851851851852 0.6052083333333333 0.4527777777777778 0.6088541666666667 0.4148148148148148
2 0.7338541666666667 0.43796296296296294 0.7380208333333333 0.43796296296296294 0.7390625 0.44074074074074077 0.7401041666666667 0.46574074074074073 0.7401041666666667 0.4842592592592593 0.7375 0.4925925925925926 0.7359375 0.49074074074074076 0.734375 0.46944444444444444 0.7317708333333334 0.46296296296296297 0.7338541666666667 0.4388888888888889
2 0.6229166666666667 0.4601851851851852 0.6265625 0.4583333333333333 0.63125 0.46296296296296297 0.6380208333333334 0.47685185185185186 0.6364583333333333 0.48333333333333334 0.6333333333333333 0.4842592592592593 0.6338541666666667 0.5 0.6364583333333333 0.512962962962963 0.6364583333333333 0.5203703703703704 0.6338541666666667 0.5194444444444445 0.63125 0.5111111111111111 0.6265625 0.5101851851851852 0.6234375 0.49722222222222223 0.6197916666666666 0.4925925925925926 0.6192708333333333 0.47685185185185186 0.6223958333333334 0.46944444444444444 0.6229166666666667 0.46111111111111114
2 0.4947916666666667 0.43148148148148147 0.4979166666666667 0.4351851851851852 0.4984375 0.47129629629629627 0.4984375 0.4824074074074074 0.4947916666666667 0.48703703703703705 0.49270833333333336 0.48333333333333334 0.4890625 0.45555555555555555 0.4895833333333333 0.4351851851851852 0.4942708333333333 0.43148148148148147
2 0.6302083333333334 0.4648148148148148 0.6255208333333333 0.45925925925925926 0.6265625 0.42962962962962964 0.6302083333333334 0.42592592592592593 0.634375 0.44166666666666665 0.6348958333333333 0.4601851851851852 0.6307291666666667 0.4638888888888889
1 0.23541666666666666 0.512962962962963 0.23697916666666666 0.5157407407407407 0.2359375 0.5370370370370371 0.23958333333333334 0.5611111111111111 0.24635416666666668 0.5935185185185186 0.24739583333333334 0.6083333333333333 0.2520833333333333 0.6157407407407407 0.24791666666666667 0.6212962962962963 0.24375 0.6212962962962963 0.2375 0.6027777777777777 0.2359375 0.6092592592592593 0.23645833333333333 0.6231481481481481 0.23489583333333333 0.6259259259259259 0.23020833333333332 0.6231481481481481 0.23177083333333334 0.5935185185185186 0.22604166666666667 0.5537037037037037 0.22604166666666667 0.5370370370370371 0.22864583333333333 0.5296296296296297 0.228125 0.5185185185185185 0.23072916666666668 0.512962962962963 0.23489583333333333 0.512962962962963
1 0.6845104166666667 0.4422685185185185 0.016697916666666666 0.03486111111111111
0 0.5832552083333333 0.46364814814814814 0.009651041666666667 0.014981481481481481