2 0.6520833333333333 0.4203703703703704 0.6546875 0.41944444444444445 0.6583333333333333 0.4287037037037037 0.659375 0.45185185185185184 0.6619791666666667 0.462037037037037 0.6614583333333334 0.4675925925925926 0.6588541666666666 0.4564814814814815 0.6557291666666667 0.45925925925925926 0.6546875 0.4648148148148148 0.6515625 0.45925925925925926 0.6520833333333333 0.4212962962962963
2 0.7307291666666667 0.4564814814814815 0.7380208333333333 0.46111111111111114 0.7432291666666667 0.47962962962962963 0.7390625 0.48703703703703705 0.7380208333333333 0.5148148148148148 0.7354166666666667 0.5111111111111111 0.7338541666666667 0.49722222222222223 0.7291666666666666 0.4861111111111111 0.7302083333333333 0.45740740740740743
2 0.6270833333333333 0.44722222222222224 0.6296875 0.4527777777777778 0.6229166666666667 0.45092592592592595 0.6192708333333333 0.45925925925925926 0.6177083333333333 0.45740740740740743 0.6182291666666667 0.4388888888888889 0.6161458333333333 0.42407407407407405 0.6182291666666667 0.41944444444444445 0.6239583333333333 0.42685185185185187 0.6239583333333333 0.4444444444444444 0.6265625 0.44722222222222224
2 0.5989583333333334 0.512962962962963 0.6036458333333333 0.5046296296296297 0.6026041666666667 0.4898148148148148 0.6057291666666667 0.47314814814814815 0.6109375 0.45925925925925926 0.615625 0.46111111111111114 0.6104166666666667 0.5222222222222223 0.6078125 0.5212962962962963 0.6078125 0.5148148148148148 0.6057291666666667 0.5101851851851852 0.5994791666666667 0.5212962962962963 0.5989583333333334 0.5138888888888888
2 0.7348958333333333 0.4324074074074074 0.7375 0.43796296296296294 0.7395833333333334 0.45185185185185184 0.7395833333333334 0.46111111111111114 0.7375 0.46574074074074073 0.7307291666666667 0.4564814814814815 0.7317708333333334 0.43796296296296294 0.734375 0.4324074074074074
2 0.6921875 0.41574074074074074 0.696875 0.4324074074074074 0.6963541666666667 0.44537037037037036 0.6921875 0.45925925925925926 0.6890625 0.46296296296296297 0.6864583333333333 0.44537037037037036 0.6890625 0.4212962962962963 0.6916666666666667 0.4166666666666667
2 0.5671875 0.425 0.5708333333333333 0.4388888888888889 0.5697916666666667 0.44537037037037036 0.5744791666666667 0.45092592592592595 0.5755208333333334 0.4564814814814815 0.5661458333333333 0.44907407407407407 0.5640625 0.43148148148148147 0.5666666666666667 0.42592592592592593
2 0.5614583333333333 0.43333333333333335 0.5682291666666667 0.4361111111111111 0.5651041666666666 0.46296296296296297 0.5682291666666667 0.4787037037037037 0.5671875 0.4824074074074074 0.5598958333333334 0.47129629629629627 0.5572916666666666 0.43796296296296294 0.5609375 0.43333333333333335
2 0.7041666666666667 0.4388888888888889 0.7083333333333334 0.4462962962962963 0.7088541666666667 0.4648148148148148 0.7130208333333333 0.48333333333333334 0.7098958333333333 0.4861111111111111 0.70625 0.4740740740740741 0.703125 0.48055555555555557 0.7005208333333334 0.47129629629629627 0.6994791666666667 0.44537037037037036 0.7036458333333333 0.4388888888888889
2 0.7125 0.4166666666666667 0.7151041666666667 0.4324074074074074 0.7125 0.4388888888888889 0.7130208333333333 0.44814814814814813 0.7098958333333333 0.45555555555555555 0.70625 0.43148148148148147 0.7083333333333334 0.4185185185185185 0.7119791666666667 0.4166666666666667
1 0.265625 0.5638888888888889 0.26875 0.5703703703703704 0.26666666666666666 0.5944444444444444 0.2703125 0.6231481481481481 0.26614583333333336 0.6231481481481481 0.26666666666666666 0.612037037037037 0.26197916666666665 0.6037037037037037 0.259375 0.6101851851851852 0.2640625 0.6185185185185185 0.26458333333333334 0.6296296296296297 0.26145833333333335 0.6314814814814815 0.2484375 0.6305555555555555 0.24010416666666667 0.6231481481481481 0.2375 0.6175925925925926 0.23489583333333333 0.6222222222222222 0.23177083333333334 0.6185185185185185 0.23385416666666667 0.612037037037037 0.24270833333333333 0.6111111111111112 0.24583333333333332 0.5935185185185186 0.25833333333333336 0.575925925925926 0.2604166666666667 0.5638888888888889 0.26510416666666664 0.5638888888888889
0 0.7095781250000001 0.5126018518518519 0.005322916666666667 0.007203703703703704
1 0.6872968749999999 0.4444444444444444 0.023864583333333335 0.01874074074074074