2 0.796875 0.44074074074074077 0.8 0.4398148148148148 0.8041666666666667 0.4537037037037037 0.8010416666666667 0.4962962962962963 0.796875 0.49907407407407406 0.7942708333333334 0.46296296296296297 0.7942708333333334 0.4527777777777778 0.796875 0.44166666666666665
2 0.384375 0.45740740740740743 0.3848958333333333 0.48518518518518516 0.38697916666666665 0.4935185185185185 0.3848958333333333 0.5 0.384375 0.5370370370370371 0.38333333333333336 0.5407407407407407 0.3796875 0.5398148148148149 0.3770833333333333 0.5435185185185185 0.3765625 0.5268518518518519 0.37864583333333335 0.5185185185185185 0.3770833333333333 0.4787037037037037 0.3802083333333333 0.4583333333333333 0.38385416666666666 0.45740740740740743
2 0.47604166666666664 0.4074074074074074 0.4786458333333333 0.4064814814814815 0.48020833333333335 0.4148148148148148 0.48020833333333335 0.4388888888888889 0.47604166666666664 0.44166666666666665 0.4739583333333333 0.4305555555555556 0.4739583333333333 0.4148148148148148 0.47604166666666664 0.4083333333333333
2 0.7447916666666666 0.46574074074074073 0.7473958333333334 0.462037037037037 0.7484375 0.4527777777777778 0.7515625 0.45 0.7526041666666666 0.4583333333333333 0.7572916666666667 0.4703703703703704 0.7526041666666666 0.525 0.7458333333333333 0.525 0.74375 0.47314814814814815 0.7447916666666666 0.4666666666666667
2 0.5244791666666667 0.48703703703703705 0.5244791666666667 0.5009259259259259 0.5276041666666667 0.5083333333333333 0.5302083333333333 0.5314814814814814 0.5302083333333333 0.5435185185185185 0.5255208333333333 0.5675925925925925 0.5255208333333333 0.5731481481481482 0.5286458333333334 0.5805555555555556 0.5260416666666666 0.5824074074074074 0.521875 0.5814814814814815 0.5213541666666667 0.5657407407407408 0.51875 0.562037037037037 0.5161458333333333 0.5694444444444444 0.515625 0.5805555555555556 0.5119791666666667 0.5777777777777777 0.5114583333333333 0.5740740740740741 0.5182291666666666 0.5509259259259259 0.5161458333333333 0.5064814814814815 0.5192708333333333 0.49907407407407406 0.5197916666666667 0.487962962962963 0.5239583333333333 0.48703703703703705
2 0.6510416666666666 0.4740740740740741 0.6520833333333333 0.4842592592592593 0.65625 0.49074074074074076 0.6583333333333333 0.5 0.6557291666666667 0.5268518518518519 0.6572916666666667 0.5648148148148148 0.6552083333333333 0.5675925925925925 0.6536458333333334 0.5675925925925925 0.6536458333333334 0.5509259259259259 0.6510416666666666 0.5388888888888889 0.6484375 0.5425925925925926 0.6447916666666667 0.562962962962963 0.6416666666666667 0.5611111111111111 0.6473958333333333 0.5111111111111111 0.6484375 0.48703703703703705 0.646875 0.47685185185185186 0.6505208333333333 0.4740740740740741
2 0.4635416666666667 0.42685185185185187 0.4671875 0.44074074074074077 0.465625 0.4666666666666667 0.46822916666666664 0.4842592592592593 0.4671875 0.48703703703703705 0.465625 0.48518518518518516 0.4630208333333333 0.4740740740740741 0.45989583333333334 0.487962962962963 0.45729166666666665 0.48703703703703705 0.45989583333333334 0.46944444444444444 0.45989583333333334 0.45185185185185184 0.45677083333333335 0.4398148148148148 0.4630208333333333 0.42685185185185187
2 0.35208333333333336 0.4842592592592593 0.3536458333333333 0.5064814814814815 0.35 0.5259259259259259 0.35104166666666664 0.549074074074074 0.3489583333333333 0.5564814814814815 0.3458333333333333 0.5546296296296296 0.346875 0.5425925925925926 0.34270833333333334 0.5268518518518519 0.34270833333333334 0.5055555555555555 0.3416666666666667 0.5037037037037037 0.33489583333333334 0.5175925925925926 0.33489583333333334 0.5120370370370371 0.33645833333333336 0.5101851851851852 0.3390625 0.48703703703703705 0.34479166666666666 0.4685185185185185 0.3484375 0.4703703703703704 0.3489583333333333 0.4787037037037037 0.3515625 0.4842592592592593
2 0.5604166666666667 0.4305555555555556 0.5625 0.4351851851851852 0.5635416666666667 0.4583333333333333 0.5619791666666667 0.4842592592592593 0.5578125 0.48148148148148145 0.55625 0.4324074074074074 0.5598958333333334 0.4305555555555556
2 0.5848958333333333 0.44351851851851853 0.5859375 0.4537037037037037 0.5885416666666666 0.4583333333333333 0.5890625 0.47314814814814815 0.5932291666666667 0.48333333333333334 0.5880208333333333 0.4842592592592593 0.5864583333333333 0.5083333333333333 0.5895833333333333 0.5222222222222223 0.5838541666666667 0.5222222222222223 0.58125 0.5027777777777778 0.5791666666666667 0.5120370370370371 0.5796875 0.5231481481481481 0.578125 0.5259259259259259 0.5765625 0.5231481481481481 0.5765625 0.512962962962963 0.5791666666666667 0.47685185185185186 0.5755208333333334 0.46944444444444444 0.5755208333333334 0.4648148148148148 0.5807291666666666 0.4527777777777778 0.58125 0.4462962962962963 0.584375 0.44351851851851853
2 0.765625 0.42962962962962964 0.76875 0.42962962962962964 0.7713541666666667 0.4444444444444444 0.7682291666666666 0.4759259259259259 0.765625 0.4787037037037037 0.7619791666666667 0.47685185185185186 0.7619791666666667 0.4425925925925926 0.765625 0.4305555555555556
1 0.2755208333333333 0.5574074074074075 0.27708333333333335 0.562037037037037 0.27708333333333335 0.6185185185185185 0.2755208333333333 0.6203703703703703 0.26875 0.6074074074074074 0.2671875 0.6111111111111112 0.2682291666666667 0.6231481481481481 0.26458333333333334 0.6277777777777778 0.24427083333333333 0.6268518518518519 0.24166666666666667 0.6194444444444445 0.24427083333333333 0.612037037037037 0.2515625 0.6055555555555555 0.2526041666666667 0.5916666666666667 0.26510416666666664 0.5768518518518518 0.26875 0.5601851851851852 0.271875 0.5564814814814815 0.275 0.5574074074074075
1 0.6833333333333333 0.4074074074074074 0.6854166666666667 0.4083333333333333 0.6916666666666667 0.425 0.6848958333333334 0.43148148148148147 0.6838541666666667 0.44814814814814813 0.6796875 0.4601851851851852 0.6765625 0.4583333333333333 0.675 0.4222222222222222 0.6828125 0.4074074074074074