2 0.6364583333333333 0.4185185185185185 0.6432291666666666 0.4305555555555556 0.6432291666666666 0.4388888888888889 0.6375 0.4564814814814815 0.6333333333333333 0.4398148148148148 0.6333333333333333 0.4185185185185185 0.6359375 0.4185185185185185
2 0.4322916666666667 0.45925925925925926 0.4359375 0.4740740740740741 0.4354166666666667 0.49166666666666664 0.43385416666666665 0.5064814814814815 0.4296875 0.512962962962963 0.42864583333333334 0.524074074074074 0.4265625 0.512962962962963 0.42916666666666664 0.5074074074074074 0.42864583333333334 0.5027777777777778 0.4244791666666667 0.5074074074074074 0.42083333333333334 0.5222222222222223 0.41822916666666665 0.5222222222222223 0.41822916666666665 0.5157407407407407 0.42291666666666666 0.49907407407407406 0.421875 0.48333333333333334 0.4234375 0.475 0.4276041666666667 0.462037037037037 0.4317708333333333 0.45925925925925926
2 0.5255208333333333 0.5222222222222223 0.5291666666666667 0.5333333333333333 0.5348958333333333 0.5361111111111111 0.5395833333333333 0.5453703703703704 0.5421875 0.562962962962963 0.5375 0.6222222222222222 0.5354166666666667 0.6240740740740741 0.5338541666666666 0.6203703703703703 0.5328125 0.5916666666666667 0.5291666666666667 0.5972222222222222 0.5302083333333333 0.6194444444444445 0.5265625 0.6277777777777778 0.5244791666666667 0.6268518518518519 0.525 0.5712962962962963 0.5203125 0.55 0.5223958333333333 0.5416666666666666 0.5203125 0.5259259259259259 0.525 0.5222222222222223
2 0.2640625 0.47962962962962963 0.26614583333333336 0.48333333333333334 0.2671875 0.5064814814814815 0.26979166666666665 0.5185185185185185 0.26875 0.5416666666666666 0.27239583333333334 0.549074074074074 0.2671875 0.5509259259259259 0.26510416666666664 0.5453703703703704 0.2640625 0.5564814814814815 0.26145833333333335 0.5564814814814815 0.2598958333333333 0.5518518518518518 0.26197916666666665 0.5333333333333333 0.2578125 0.5166666666666667 0.25885416666666666 0.4888888888888889 0.26145833333333335 0.48055555555555557 0.2635416666666667 0.47962962962962963
2 0.6364583333333333 0.5185185185185185 0.6348958333333333 0.5037037037037037 0.6286458333333333 0.4962962962962963 0.6302083333333334 0.4583333333333333 0.6333333333333333 0.4537037037037037 0.6364583333333333 0.4564814814814815 0.6380208333333334 0.4638888888888889 0.6375 0.49907407407407406 0.6411458333333333 0.5148148148148148 0.6369791666666667 0.5185185185185185
2 0.6125 0.46111111111111114 0.6161458333333333 0.45092592592592595 0.6151041666666667 0.42962962962962964 0.6161458333333333 0.42685185185185187 0.6197916666666666 0.42685185185185187 0.6213541666666667 0.43148148148148147 0.6208333333333333 0.45 0.6229166666666667 0.4648148148148148 0.621875 0.46944444444444444 0.6177083333333333 0.462037037037037 0.6145833333333334 0.46111111111111114 0.6119791666666666 0.4675925925925926 0.6109375 0.46574074074074073 0.6125 0.462037037037037
2 0.6315104166666666 0.43657407407407406 0.008854166666666666 0.03981481481481482
2 0.6104166666666667 0.5046296296296297 0.6135416666666667 0.49722222222222223 0.6130208333333333 0.47129629629629627 0.6171875 0.4703703703703704 0.61875 0.48055555555555557 0.6234375 0.4925925925925926 0.6229166666666667 0.5231481481481481 0.6270833333333333 0.5425925925925926 0.6270833333333333 0.55 0.6239583333333333 0.55 0.6208333333333333 0.5305555555555556 0.6161458333333333 0.5277777777777778 0.6135416666666667 0.5481481481481482 0.6088541666666667 0.55 0.6145833333333334 0.5148148148148148 0.6125 0.5074074074074074 0.6088541666666667 0.5083333333333333 0.6104166666666667 0.5055555555555555
2 0.6473958333333333 0.4425925925925926 0.6520833333333333 0.4638888888888889 0.6520833333333333 0.48148148148148145 0.6578125 0.48703703703703705 0.6598958333333333 0.4935185185185185 0.6578125 0.49722222222222223 0.6505208333333333 0.48703703703703705 0.6473958333333333 0.49166666666666664 0.6473958333333333 0.5 0.64375 0.49907407407407406 0.6453125 0.46296296296296297 0.6427083333333333 0.4564814814814815 0.6427083333333333 0.44166666666666665 0.646875 0.4425925925925926
2 0.6640625 0.41759259259259257 0.6671875 0.43425925925925923 0.6645833333333333 0.44537037037037036 0.6645833333333333 0.45740740740740743 0.6604166666666667 0.45555555555555555 0.6609375 0.44814814814814813 0.6588541666666666 0.4388888888888889 0.6598958333333333 0.4222222222222222 0.6614583333333334 0.4166666666666667 0.6635416666666667 0.41759259259259257
1 0.25677083333333334 0.5509259259259259 0.25885416666666666 0.5537037037037037 0.24427083333333333 0.5777777777777777 0.24270833333333333 0.5842592592592593 0.24635416666666668 0.5935185185185186 0.25104166666666666 0.5981481481481481 0.2515625 0.6055555555555555 0.25833333333333336 0.6166666666666667 0.25833333333333336 0.6231481481481481 0.2557291666666667 0.6268518518518519 0.24635416666666668 0.6296296296296297 0.24114583333333334 0.6296296296296297 0.23958333333333334 0.6212962962962963 0.23385416666666667 0.6148148148148148 0.23072916666666668 0.600925925925926 0.23020833333333332 0.5777777777777777 0.23645833333333333 0.5666666666666667 0.23333333333333334 0.5601851851851852 0.234375 0.5564814814814815 0.2375 0.5574074074074075 0.23854166666666668 0.562962962962963 0.24166666666666667 0.5657407407407408 0.25625 0.5509259259259259
0 0.5081354166666666 0.6116944444444444 0.007984375 0.01936111111111111
1 0.6854166666666667 0.4074074074074074 0.6932291666666667 0.425 0.6875 0.4287037037037037 0.6854166666666667 0.4462962962962963 0.6833333333333333 0.45092592592592595 0.6796875 0.44722222222222224 0.6796875 0.42685185185185187 0.6755208333333333 0.42407407407407405 0.6755208333333333 0.4212962962962963 0.6817708333333333 0.412962962962963 0.6822916666666666 0.4083333333333333 0.6848958333333334 0.4074074074074074