2 0.5015625 0.4444444444444444 0.5057291666666667 0.44074074074074077 0.5114583333333333 0.4546296296296296 0.5083333333333333 0.4675925925925926 0.50625 0.5046296296296297 0.4984375 0.5046296296296297 0.49947916666666664 0.4527777777777778 0.5015625 0.44537037037037036
2 0.4161458333333333 0.5351851851851852 0.4192708333333333 0.5481481481481482 0.42604166666666665 0.562037037037037 0.4276041666666667 0.5787037037037037 0.43072916666666666 0.587037037037037 0.43020833333333336 0.6027777777777777 0.4265625 0.6157407407407407 0.4270833333333333 0.6194444444444445 0.43645833333333334 0.6259259259259259 0.43385416666666665 0.6407407407407407 0.434375 0.6481481481481481 0.4296875 0.6518518518518519 0.4244791666666667 0.6509259259259259 0.4276041666666667 0.6425925925925926 0.4140625 0.6222222222222222 0.41458333333333336 0.6083333333333333 0.4109375 0.6018518518518519 0.41770833333333335 0.5888888888888889 0.415625 0.575 0.415625 0.5574074074074075 0.4109375 0.5537037037037037 0.41041666666666665 0.549074074074074 0.4109375 0.5361111111111111 0.415625 0.5351851851851852
2 0.42135416666666664 0.4777777777777778 0.4234375 0.4824074074074074 0.4234375 0.49074074074074076 0.42864583333333334 0.5009259259259259 0.43072916666666666 0.5222222222222223 0.43072916666666666 0.5518518518518518 0.4354166666666667 0.5703703703703704 0.4354166666666667 0.5888888888888889 0.43125 0.587037037037037 0.4317708333333333 0.5777777777777777 0.42916666666666664 0.562037037037037 0.425 0.5527777777777778 0.4197916666666667 0.549074074074074 0.4161458333333333 0.5361111111111111 0.41822916666666665 0.5222222222222223 0.41822916666666665 0.4962962962962963 0.415625 0.48148148148148145 0.42083333333333334 0.4777777777777778
2 0.5645833333333333 0.47962962962962963 0.5671875 0.48148148148148145 0.5682291666666667 0.4925925925925926 0.5729166666666666 0.5009259259259259 0.5708333333333333 0.5527777777777778 0.5651041666666666 0.5796296296296296 0.5604166666666667 0.575 0.5614583333333333 0.562037037037037 0.5578125 0.5407407407407407 0.5614583333333333 0.49074074074074076 0.5604166666666667 0.48703703703703705 0.5614583333333333 0.48148148148148145 0.5640625 0.47962962962962963
2 0.20260416666666667 0.5203703703703704 0.20416666666666666 0.5314814814814814 0.20989583333333334 0.5398148148148149 0.2109375 0.5472222222222223 0.20833333333333334 0.5546296296296296 0.20833333333333334 0.5638888888888889 0.20416666666666666 0.5842592592592593 0.20572916666666666 0.5916666666666667 0.19791666666666666 0.6074074074074074 0.19583333333333333 0.6231481481481481 0.19270833333333334 0.6185185185185185 0.196875 0.5962962962962963 0.196875 0.5583333333333333 0.1953125 0.5564814814814815 0.1890625 0.5787037037037037 0.1890625 0.5648148148148148 0.19270833333333334 0.5398148148148149 0.19739583333333333 0.5287037037037037 0.19739583333333333 0.5212962962962963 0.20208333333333334 0.5203703703703704
2 0.26875 0.5314814814814814 0.2713541666666667 0.5361111111111111 0.27239583333333334 0.5453703703703704 0.278125 0.5527777777777778 0.284375 0.5740740740740741 0.2859375 0.5814814814814815 0.28541666666666665 0.6018518518518519 0.28958333333333336 0.6037037037037037 0.29739583333333336 0.5962962962962963 0.3 0.6027777777777777 0.3 0.6148148148148148 0.29635416666666664 0.6092592592592593 0.2921875 0.6083333333333333 0.2838541666666667 0.6157407407407407 0.28177083333333336 0.6157407407407407 0.27708333333333335 0.6046296296296296 0.2734375 0.6027777777777777 0.2703125 0.5916666666666667 0.2708333333333333 0.5805555555555556 0.265625 0.562037037037037 0.2630208333333333 0.5407407407407407 0.2635416666666667 0.5342592592592592 0.2682291666666667 0.5314814814814814
2 0.5583333333333333 0.475 0.5619791666666667 0.48055555555555557 0.5583333333333333 0.5083333333333333 0.5588541666666667 0.5222222222222223 0.5567708333333333 0.5361111111111111 0.553125 0.5425925925925926 0.5484375 0.5638888888888889 0.5463541666666667 0.5638888888888889 0.5447916666666667 0.5592592592592592 0.5552083333333333 0.5157407407407407 0.5536458333333333 0.5120370370370371 0.5489583333333333 0.5120370370370371 0.5552083333333333 0.49907407407407406 0.5552083333333333 0.4787037037037037 0.5578125 0.475
2 0.5270833333333333 0.44537037037037036 0.5328125 0.47314814814814815 0.5296875 0.49907407407407406 0.5291666666666667 0.5296296296296297 0.525 0.5296296296296297 0.5260416666666666 0.5175925925925926 0.5223958333333333 0.4962962962962963 0.5223958333333333 0.47962962962962963 0.5182291666666666 0.4740740740740741 0.5213541666666667 0.4685185185185185 0.5234375 0.44722222222222224 0.5265625 0.44537037037037036
2 0.46875 0.4740740740740741 0.4739583333333333 0.4777777777777778 0.47708333333333336 0.48518518518518516 0.4734375 0.5166666666666667 0.4734375 0.524074074074074 0.47708333333333336 0.5333333333333333 0.47708333333333336 0.5444444444444444 0.47552083333333334 0.5462962962962963 0.47291666666666665 0.5462962962962963 0.47291666666666665 0.5398148148148149 0.4671875 0.5222222222222223 0.465625 0.5009259259259259 0.4609375 0.49537037037037035 0.4625 0.48703703703703705 0.45989583333333334 0.46574074074074073 0.46510416666666665 0.46296296296296297 0.46822916666666664 0.4740740740740741
2 0.2609375 0.5537037037037037 0.26875 0.5740740740740741 0.26927083333333335 0.5916666666666667 0.27239583333333334 0.6018518518518519 0.27239583333333334 0.6138888888888889 0.2677083333333333 0.6231481481481481 0.2635416666666667 0.6388888888888888 0.265625 0.6453703703703704 0.27395833333333336 0.6527777777777778 0.2713541666666667 0.6685185185185185 0.26875 0.6685185185185185 0.2682291666666667 0.6574074074074074 0.2635416666666667 0.6509259259259259 0.2557291666666667 0.6518518518518519 0.2520833333333333 0.6648148148148149 0.24791666666666667 0.662962962962963 0.24375 0.6555555555555556 0.24427083333333333 0.6518518518518519 0.24947916666666667 0.65 0.25364583333333335 0.637962962962963 0.2557291666666667 0.6166666666666667 0.2526041666666667 0.6083333333333333 0.2557291666666667 0.5990740740740741 0.2546875 0.5861111111111111 0.25677083333333334 0.575 0.2546875 0.5564814814814815 0.2604166666666667 0.5537037037037037
1 0.24583333333333332 0.5833333333333334 0.253125 0.5925925925925926 0.2546875 0.6018518518518519 0.25104166666666666 0.6129629629629629 0.25104166666666666 0.6287037037037037 0.24114583333333334 0.6416666666666667 0.2375 0.6212962962962963 0.2375 0.5944444444444444 0.240625 0.5842592592592593 0.2453125 0.5833333333333334
0 0.20007291666666666 0.6384074074074074 0.010822916666666666 0.02087962962962963
1 0.6817708333333333 0.42962962962962964 0.6854166666666667 0.43703703703703706 0.6848958333333334 0.45185185185185184 0.6802083333333333 0.4527777777777778 0.6734375 0.44907407407407407 0.6760416666666667 0.4361111111111111 0.68125 0.4305555555555556