2 0.7307291666666667 0.4111111111111111 0.7338541666666667 0.41203703703703703 0.7359375 0.4185185185185185 0.7385416666666667 0.44722222222222224 0.7375 0.45555555555555555 0.7291666666666666 0.44907407407407407 0.7291666666666666 0.43703703703703706 0.7317708333333334 0.42592592592592593 0.7307291666666667 0.41203703703703703
2 0.5328125 0.4666666666666667 0.5359375 0.44907407407407407 0.5354166666666667 0.4287037037037037 0.5390625 0.4203703703703704 0.5432291666666667 0.4305555555555556 0.5432291666666667 0.4546296296296296 0.5463541666666667 0.4666666666666667 0.5432291666666667 0.4675925925925926 0.5421875 0.45740740740740743 0.5390625 0.45555555555555555 0.5359375 0.4648148148148148 0.5328125 0.4675925925925926
2 0.5223958333333333 0.42592592592592593 0.5270833333333333 0.4287037037037037 0.528125 0.4351851851851852 0.528125 0.44814814814814813 0.5244791666666667 0.4537037037037037 0.5229166666666667 0.462037037037037 0.5208333333333334 0.4583333333333333 0.5208333333333334 0.44537037037037036 0.5182291666666666 0.4361111111111111 0.521875 0.42685185185185187
2 0.6609375 0.4351851851851852 0.6619791666666667 0.4101851851851852 0.6645833333333333 0.4074074074074074 0.66875 0.4203703703703704 0.6671875 0.4361111111111111 0.6682291666666667 0.44907407407407407 0.6625 0.4462962962962963 0.6614583333333334 0.4361111111111111
2 0.5869791666666667 0.4185185185185185 0.590625 0.4287037037037037 0.5875 0.43703703703703706 0.5859375 0.4527777777777778 0.5822916666666667 0.45 0.5828125 0.4398148148148148 0.58125 0.4351851851851852 0.5833333333333334 0.41944444444444445 0.5848958333333333 0.4166666666666667 0.5864583333333333 0.4185185185185185
2 0.5880208333333333 0.4287037037037037 0.5921875 0.42777777777777776 0.5958333333333333 0.43425925925925923 0.596875 0.44351851851851853 0.5953125 0.48518518518518516 0.5916666666666667 0.48703703703703705 0.5859375 0.4425925925925926 0.5885416666666666 0.42962962962962964
2 0.6265625 0.4046296296296296 0.6307291666666667 0.4111111111111111 0.6322916666666667 0.4222222222222222 0.6317708333333333 0.4462962962962963 0.6286458333333333 0.44907407407407407 0.6265625 0.43425925925925923 0.6265625 0.40555555555555556
1 0.26927083333333335 0.49907407407407406 0.27239583333333334 0.5046296296296297 0.27291666666666664 0.5166666666666667 0.28020833333333334 0.5324074074074074 0.27708333333333335 0.5425925925925926 0.28125 0.5722222222222222 0.2796875 0.5944444444444444 0.2828125 0.6027777777777777 0.2828125 0.6055555555555555 0.28020833333333334 0.6064814814814815 0.26875 0.6027777777777777 0.2682291666666667 0.5990740740740741 0.2682291666666667 0.5694444444444444 0.2640625 0.5333333333333333 0.2640625 0.5046296296296297 0.26510416666666664 0.5009259259259259 0.26875 0.49907407407407406
2 0.5880208333333333 0.4046296296296296 0.590625 0.4166666666666667 0.5890625 0.425 0.5838541666666667 0.4222222222222222 0.5838541666666667 0.40925925925925927 0.5875 0.4046296296296296
1 0.6733645833333333 0.44080555555555556 0.014354166666666666 0.02476851851851852
2 0.5821458333333334 0.42148148148148146 0.008812500000000001 0.03484259259259259