2 0.70625 0.43333333333333335 0.7083333333333334 0.44537037037037036 0.7026041666666667 0.48333333333333334 0.6994791666666667 0.48333333333333334 0.6963541666666667 0.44814814814814813 0.7005208333333334 0.4287037037037037 0.703125 0.4287037037037037 0.7057291666666666 0.43333333333333335
2 0.5328125 0.4111111111111111 0.5354166666666667 0.43148148148148147 0.5322916666666667 0.46111111111111114 0.5291666666666667 0.4666666666666667 0.5260416666666666 0.4666666666666667 0.5270833333333333 0.42962962962962964 0.5322916666666667 0.4111111111111111
2 0.728125 0.5259259259259259 0.7322916666666667 0.5166666666666667 0.734375 0.49444444444444446 0.7369791666666666 0.4861111111111111 0.7364583333333333 0.45740740740740743 0.7380208333333333 0.45555555555555555 0.740625 0.4583333333333333 0.7442708333333333 0.4759259259259259 0.7453125 0.49537037037037035 0.74375 0.5111111111111111 0.7473958333333334 0.5324074074074074 0.7416666666666667 0.5324074074074074 0.7432291666666667 0.525 0.7380208333333333 0.5074074074074074 0.7359375 0.5101851851851852 0.7333333333333333 0.5287037037037037 0.7291666666666666 0.5296296296296297 0.728125 0.5268518518518519
2 0.6958333333333333 0.41574074074074074 0.7005208333333334 0.42685185185185187 0.6984375 0.45925925925925926 0.6958333333333333 0.46296296296296297 0.6916666666666667 0.4388888888888889 0.6927083333333334 0.42407407407407405 0.6953125 0.4166666666666667
2 0.44583333333333336 0.42685185185185187 0.4515625 0.44166666666666665 0.453125 0.48703703703703705 0.45 0.47685185185185186 0.4479166666666667 0.47962962962962963 0.4473958333333333 0.48703703703703705 0.44583333333333336 0.4898148148148148 0.44479166666666664 0.4861111111111111 0.44166666666666665 0.4444444444444444 0.4453125 0.42777777777777776
2 0.26666666666666666 0.5879629629629629 0.2677083333333333 0.5916666666666667 0.265625 0.5935185185185186 0.2609375 0.5925925925925926 0.25833333333333336 0.5703703703703704 0.2546875 0.5675925925925925 0.25052083333333336 0.5842592592592593 0.2515625 0.5944444444444444 0.2484375 0.5944444444444444 0.24583333333333332 0.5888888888888889 0.25 0.5685185185185185 0.24895833333333334 0.5444444444444444 0.2515625 0.5148148148148148 0.25416666666666665 0.5018518518518519 0.2578125 0.49907407407407406 0.259375 0.5009259259259259 0.2578125 0.5148148148148148 0.2604166666666667 0.5268518518518519 0.2604166666666667 0.5435185185185185 0.2635416666666667 0.5555555555555556 0.2630208333333333 0.5768518518518518 0.26614583333333336 0.5879629629629629
2 0.58125 0.45740740740740743 0.5875 0.48333333333333334 0.5838541666666667 0.5046296296296297 0.5869791666666667 0.5314814814814814 0.5838541666666667 0.5314814814814814 0.5807291666666666 0.5185185185185185 0.5744791666666667 0.5333333333333333 0.5677083333333334 0.5333333333333333 0.5760416666666667 0.5166666666666667 0.5786458333333333 0.4888888888888889 0.5776041666666667 0.48703703703703705 0.5703125 0.49074074074074076 0.5765625 0.4759259259259259 0.5776041666666667 0.4583333333333333 0.5807291666666666 0.45740740740740743
2 0.16979166666666667 0.4787037037037037 0.171875 0.48055555555555557 0.17135416666666667 0.5064814814814815 0.17552083333333332 0.5194444444444445 0.175 0.5324074074074074 0.17239583333333333 0.5407407407407407 0.17291666666666666 0.5537037037037037 0.17604166666666668 0.5601851851851852 0.175 0.562962962962963 0.1703125 0.562037037037037 0.16822916666666668 0.5416666666666666 0.159375 0.5546296296296296 0.1578125 0.562037037037037 0.15625 0.5564814814814815 0.15729166666666666 0.55 0.16458333333333333 0.5370370370370371 0.1625 0.5046296296296297 0.16614583333333333 0.48055555555555557 0.16927083333333334 0.4787037037037037
2 0.5536458333333333 0.4351851851851852 0.5557291666666667 0.4388888888888889 0.55625 0.44907407407407407 0.553125 0.4842592592592593 0.55 0.48333333333333334 0.55 0.4740740740740741 0.5473958333333333 0.4666666666666667 0.5489583333333333 0.4388888888888889 0.553125 0.4351851851851852
2 0.6609375 0.41759259259259257 0.6630208333333333 0.42314814814814816 0.6625 0.44166666666666665 0.6645833333333333 0.4564814814814815 0.659375 0.45 0.6541666666666667 0.4564814814814815 0.6546875 0.42685185185185187 0.6578125 0.4185185185185185 0.6604166666666667 0.41759259259259257
1 0.22447916666666667 0.5111111111111111 0.22708333333333333 0.5138888888888888 0.228125 0.5231481481481481 0.23385416666666667 0.537962962962963 0.2375 0.5583333333333333 0.2390625 0.6083333333333333 0.2421875 0.6157407407407407 0.24114583333333334 0.6185185185185185 0.23541666666666666 0.6166666666666667 0.23125 0.6222222222222222 0.22708333333333333 0.6157407407407407 0.22552083333333334 0.5962962962962963 0.22864583333333333 0.5916666666666667 0.228125 0.575 0.225 0.5638888888888889 0.22760416666666666 0.5601851851851852 0.22395833333333334 0.5546296296296296 0.21354166666666666 0.5481481481481482 0.21666666666666667 0.5305555555555556 0.2203125 0.5222222222222223 0.22135416666666666 0.5138888888888888 0.22395833333333334 0.5111111111111111
0 0.28593229166666667 0.591212962962963 0.009026041666666667 0.020203703703703703
1 0.6822916666666666 0.42314814814814816 0.6848958333333334 0.43425925925925923 0.684375 0.4462962962962963 0.6822916666666666 0.45185185185185184 0.6744791666666666 0.44907407407407407 0.6760416666666667 0.43425925925925923 0.6786458333333333 0.42592592592592593 0.6817708333333333 0.42314814814814816