2 0.6817708333333333 0.45185185185185184 0.6854166666666667 0.45925925925925926 0.6869791666666667 0.46944444444444444 0.6890625 0.49444444444444446 0.6921875 0.5046296296296297 0.6921875 0.5203703703703704 0.6885416666666667 0.5203703703703704 0.6828125 0.5138888888888888 0.6776041666666667 0.4981481481481482 0.6776041666666667 0.4888888888888889 0.6802083333333333 0.4787037037037037 0.6765625 0.47314814814814815 0.6796875 0.4675925925925926 0.6796875 0.45555555555555555 0.68125 0.4527777777777778
2 0.44427083333333334 0.4388888888888889 0.45 0.44814814814814813 0.45208333333333334 0.4703703703703704 0.45989583333333334 0.48703703703703705 0.45677083333333335 0.48703703703703705 0.4505208333333333 0.475 0.44583333333333336 0.47314814814814815 0.44375 0.4777777777777778 0.4427083333333333 0.49074074074074076 0.4395833333333333 0.49074074074074076 0.4427083333333333 0.4638888888888889 0.44114583333333335 0.44537037037037036 0.4421875 0.4388888888888889 0.44375 0.4388888888888889
2 0.48020833333333335 0.487962962962963 0.4859375 0.49074074074074076 0.4859375 0.5 0.4921875 0.5148148148148148 0.4947916666666667 0.5388888888888889 0.4942708333333333 0.5435185185185185 0.4901041666666667 0.5351851851851852 0.48854166666666665 0.5259259259259259 0.4875 0.524074074074074 0.4864583333333333 0.5268518518518519 0.48489583333333336 0.5555555555555556 0.48489583333333336 0.5768518518518518 0.4864583333333333 0.5842592592592593 0.4828125 0.5861111111111111 0.48072916666666665 0.5851851851851851 0.47708333333333336 0.5712962962962963 0.4765625 0.5555555555555556 0.4739583333333333 0.5425925925925926 0.4744791666666667 0.5287037037037037 0.4703125 0.5305555555555556 0.4666666666666667 0.5370370370370371 0.4666666666666667 0.5314814814814814 0.4739583333333333 0.5055555555555555 0.4791666666666667 0.49907407407407406 0.48020833333333335 0.4888888888888889
2 0.6171875 0.4925925925925926 0.6192708333333333 0.5083333333333333 0.6255208333333333 0.5212962962962963 0.6260416666666667 0.525 0.6229166666666667 0.5324074074074074 0.6255208333333333 0.5444444444444444 0.6265625 0.5648148148148148 0.634375 0.5953703703703703 0.6291666666666667 0.6018518518518519 0.6260416666666667 0.6018518518518519 0.6260416666666667 0.5888888888888889 0.6161458333333333 0.5657407407407408 0.6140625 0.55 0.6088541666666667 0.5462962962962963 0.6104166666666667 0.5361111111111111 0.609375 0.524074074074074 0.6125 0.5092592592592593 0.6114583333333333 0.49444444444444446 0.6166666666666667 0.4925925925925926
2 0.31354166666666666 0.46944444444444444 0.31979166666666664 0.48055555555555557 0.321875 0.49074074074074076 0.31979166666666664 0.4981481481481482 0.3234375 0.549074074074074 0.32083333333333336 0.55 0.3182291666666667 0.5462962962962963 0.31875 0.525 0.3145833333333333 0.5222222222222223 0.3125 0.5259259259259259 0.31145833333333334 0.5472222222222223 0.30885416666666665 0.5472222222222223 0.30885416666666665 0.5175925925925926 0.30625 0.48333333333333334 0.31354166666666666 0.4703703703703704
2 0.39375 0.43703703703703706 0.3984375 0.44814814814814813 0.4005208333333333 0.4888888888888889 0.39739583333333334 0.48518518518518516 0.39427083333333335 0.4722222222222222 0.38645833333333335 0.48518518518518516 0.38645833333333335 0.4759259259259259 0.39010416666666664 0.4638888888888889 0.39010416666666664 0.44907407407407407 0.39166666666666666 0.43796296296296294 0.3932291666666667 0.43703703703703706
2 0.7692708333333333 0.4444444444444444 0.7744791666666667 0.4601851851851852 0.7723958333333333 0.487962962962963 0.775 0.5046296296296297 0.7734375 0.5083333333333333 0.76875 0.5083333333333333 0.7697916666666667 0.5009259259259259 0.7666666666666667 0.49074074074074076 0.7666666666666667 0.44722222222222224 0.76875 0.4444444444444444
2 0.48802083333333335 0.44166666666666665 0.490625 0.44537037037037036 0.49322916666666666 0.4583333333333333 0.49166666666666664 0.4925925925925926 0.4979166666666667 0.5074074074074074 0.4979166666666667 0.5194444444444445 0.4859375 0.4981481481481482 0.484375 0.49074074074074076 0.484375 0.47129629629629627 0.4822916666666667 0.4675925925925926 0.4822916666666667 0.45925925925925926 0.484375 0.44537037037037036 0.4875 0.44166666666666665
2 0.546875 0.45555555555555555 0.5473958333333333 0.4287037037037037 0.5505208333333333 0.4148148148148148 0.5536458333333333 0.41574074074074074 0.5552083333333333 0.4305555555555556 0.5520833333333334 0.45555555555555555 0.5473958333333333 0.45555555555555555
1 0.24552083333333333 0.5883981481481482 0.038828125 0.09298148148148148
2 0.2520833333333333 0.46944444444444444 0.25833333333333336 0.49074074074074076 0.25677083333333334 0.5046296296296297 0.26197916666666665 0.5361111111111111 0.26614583333333336 0.5462962962962963 0.26510416666666664 0.549074074074074 0.26145833333333335 0.5453703703703704 0.2552083333333333 0.5287037037037037 0.25104166666666666 0.5453703703703704 0.24739583333333334 0.5472222222222223 0.25052083333333336 0.524074074074074 0.24583333333333332 0.48333333333333334 0.2484375 0.47314814814814815 0.2515625 0.46944444444444444
0 0.405859375 0.47804629629629625 0.006072916666666667 0.008453703703703705
1 0.6822916666666666 0.42314814814814816 0.6854166666666667 0.42407407407407405 0.6880208333333333 0.43425925925925923 0.684375 0.45185185185185184 0.6807291666666667 0.4546296296296296 0.675 0.44907407407407407 0.6765625 0.4351851851851852 0.6817708333333333 0.42407407407407405