0 0.484375 0.410833333984375 0.475 0.389166666015625 0.472916666015625 0.371666666015625 0.466145833984375 0.3725 0.4609375 0.389166666015625 0.459375 0.405833333984375 0.458854166015625 0.426666666015625 0.460416666015625 0.433333333984375 0.48125 0.435833333984375 0.484375 0.410833333984375
0 0.503645833984375 0.1375 0.505208333984375 0.1375 0.50625 0.135833333984375 0.50625 0.1325 0.506770833984375 0.131666666015625 0.506770833984375 0.124166666015625 0.507291666015625 0.123333333984375 0.507291666015625 0.1125 0.506770833984375 0.111666666015625 0.506770833984375 0.109166666015625 0.505729166015625 0.1075 0.5046875 0.1075 0.502604166015625 0.114166666015625 0.502604166015625 0.116666666015625 0.502083333984375 0.1175 0.502604166015625 0.136666666015625 0.503645833984375 0.1375
2 0.660416666015625 0.415833333984375 0.664583333984375 0.4175 0.66875 0.415 0.670833333984375 0.41 0.68125 0.351666666015625 0.681770833984375 0.345 0.676041666015625 0.338333333984375 0.675 0.324166666015625 0.66875 0.325833333984375 0.667708333984375 0.338333333984375 0.659895833984375 0.35 0.659895833984375 0.3875 0.661979166015625 0.401666666015625 0.659375 0.4125 0.660416666015625 0.415833333984375
2 0.440104166015625 0.123333333984375 0.440625 0.124166666015625 0.440625 0.125833333984375 0.4421875 0.128333333984375 0.442708333984375 0.128333333984375 0.44375 0.125833333984375 0.44375 0.106666666015625 0.443229166015625 0.105833333984375 0.443229166015625 0.1025 0.442708333984375 0.101666666015625 0.442708333984375 0.0975 0.4421875 0.096666666015625 0.4390625 0.0975 0.438541666015625 0.099166666015625 0.438541666015625 0.114166666015625 0.440104166015625 0.119166666015625 0.440104166015625 0.123333333984375
1 0.655208333984375 0.1925 0.65625 0.194166666015625 0.6578125 0.203333333984375 0.658333333984375 0.2025 0.660416666015625 0.2025 0.661458333984375 0.200833333984375 0.661979166015625 0.1875 0.663541666015625 0.181666666015625 0.663541666015625 0.1775 0.6640625 0.176666666015625 0.663541666015625 0.171666666015625 0.6625 0.168333333984375 0.6609375 0.166666666015625 0.6578125 0.158333333984375 0.655208333984375 0.160833333984375 0.654166666015625 0.165 0.652083333984375 0.168333333984375 0.651041666015625 0.171666666015625 0.651041666015625 0.1775 0.6546875 0.185 0.655208333984375 0.1925
1 0.649479166015625 0.200833333984375 0.649479166015625 0.203333333984375 0.650520833984375 0.208333333984375 0.652604166015625 0.213333333984375 0.653125 0.22 0.653645833984375 0.220833333984375 0.65625 0.220833333984375 0.657291666015625 0.22 0.6578125 0.213333333984375 0.658854166015625 0.211666666015625 0.660416666015625 0.205833333984375 0.659895833984375 0.205 0.659375 0.195833333984375 0.657291666015625 0.193333333984375 0.657291666015625 0.19 0.6578125 0.189166666015625 0.656770833984375 0.1875 0.65625 0.185 0.6515625 0.18 0.650520833984375 0.18 0.650520833984375 0.181666666015625 0.6484375 0.186666666015625 0.647916666015625 0.1925 0.648958333984375 0.196666666015625 0.648958333984375 0.2 0.649479166015625 0.200833333984375
1 0.481770833984375 0.2125 0.478645833984375 0.218333333984375 0.4765625 0.22 0.475520833984375 0.223333333984375 0.4765625 0.225 0.477604166015625 0.225 0.48125 0.220833333984375 0.485416666015625 0.22 0.4875 0.2275 0.4875 0.231666666015625 0.491145833984375 0.230833333984375 0.491145833984375 0.226666666015625 0.488541666015625 0.22 0.488541666015625 0.210833333984375 0.490104166015625 0.200833333984375 0.488020833984375 0.191666666015625 0.4875 0.181666666015625 0.483854166015625 0.180833333984375 0.4828125 0.1825 0.483333333984375 0.190833333984375 0.481770833984375 0.196666666015625 0.481770833984375 0.2125
1 0.388020833984375 0.1975 0.388020833984375 0.2 0.3890625 0.203333333984375 0.3890625 0.208333333984375 0.390104166015625 0.2125 0.390104166015625 0.221666666015625 0.390625 0.224166666015625 0.39375 0.225 0.395833333984375 0.22 0.395833333984375 0.214166666015625 0.397395833984375 0.208333333984375 0.397395833984375 0.1975 0.396354166015625 0.194166666015625 0.396354166015625 0.186666666015625 0.396875 0.185833333984375 0.394791666015625 0.180833333984375 0.39375 0.175 0.391666666015625 0.175 0.391145833984375 0.174166666015625 0.389583333984375 0.175833333984375 0.3890625 0.180833333984375 0.386458333984375 0.185 0.385416666015625 0.189166666015625 0.386979166015625 0.193333333984375 0.386979166015625 0.195833333984375 0.388020833984375 0.1975
1 0.365625 0.199166666015625 0.365104166015625 0.2025 0.366145833984375 0.205 0.369270833984375 0.2025 0.369791666015625 0.196666666015625 0.371354166015625 0.190833333984375 0.371354166015625 0.179166666015625 0.370833333984375 0.178333333984375 0.371354166015625 0.166666666015625 0.370833333984375 0.164166666015625 0.368229166015625 0.160833333984375 0.367708333984375 0.1575 0.366145833984375 0.154166666015625 0.365104166015625 0.154166666015625 0.363020833984375 0.1575 0.363020833984375 0.160833333984375 0.361458333984375 0.164166666015625 0.3609375 0.173333333984375 0.363020833984375 0.178333333984375 0.3640625 0.1925 0.365625 0.199166666015625
1 0.496875 0.19 0.494791666015625 0.194166666015625 0.494791666015625 0.199166666015625 0.495833333984375 0.199166666015625 0.497916666015625 0.196666666015625 0.498958333984375 0.1975 0.502083333984375 0.1975 0.5046875 0.195833333984375 0.5046875 0.194166666015625 0.503125 0.19 0.503645833984375 0.1825 0.505729166015625 0.175 0.5046875 0.170833333984375 0.503645833984375 0.169166666015625 0.503645833984375 0.165 0.503125 0.164166666015625 0.503125 0.155 0.503645833984375 0.154166666015625 0.5015625 0.150833333984375 0.5 0.151666666015625 0.4984375 0.154166666015625 0.4984375 0.159166666015625 0.497395833984375 0.161666666015625 0.496875 0.171666666015625 0.496354166015625 0.1725 0.496354166015625 0.181666666015625 0.497395833984375 0.185833333984375 0.496875 0.186666666015625 0.496875 0.19
1 0.5328125 0.170833333984375 0.532291666015625 0.178333333984375 0.530729166015625 0.180833333984375 0.529166666015625 0.181666666015625 0.529166666015625 0.185 0.5328125 0.1875 0.533333333984375 0.186666666015625 0.536979166015625 0.186666666015625 0.539583333984375 0.188333333984375 0.540625 0.1875 0.541666666015625 0.185 0.5390625 0.175 0.5390625 0.1675 0.538020833984375 0.1625 0.538020833984375 0.145833333984375 0.5375 0.143333333984375 0.535416666015625 0.1425 0.533854166015625 0.145 0.532291666015625 0.153333333984375 0.532291666015625 0.1575 0.531770833984375 0.158333333984375 0.531770833984375 0.165833333984375 0.5328125 0.170833333984375
1 0.449479166015625 0.114166666015625 0.446875 0.118333333984375 0.444791666015625 0.146666666015625 0.453125 0.15 0.452083333984375 0.12 0.449479166015625 0.114166666015625
1 0.567708333984375 0.160833333984375 0.5671875 0.139166666015625 0.565104166015625 0.136666666015625 0.5625 0.139166666015625 0.559375 0.155 0.561979166015625 0.1675 0.564583333984375 0.170833333984375 0.567708333984375 0.160833333984375
1 0.560416666015625 0.125833333984375 0.557291666015625 0.125833333984375 0.5546875 0.133333333984375 0.553645833984375 0.149166666015625 0.555729166015625 0.158333333984375 0.5578125 0.159166666015625 0.560416666015625 0.125833333984375