0 0.484375 0.409166666015625 0.48125 0.404166666015625 0.472916666015625 0.3725 0.4671875 0.370833333984375 0.459895833984375 0.39 0.459895833984375 0.4325 0.4625 0.435 0.48125 0.435833333984375 0.484375 0.409166666015625
2 0.622395833984375 0.36 0.6265625 0.365833333984375 0.630208333984375 0.345833333984375 0.639583333984375 0.324166666015625 0.640104166015625 0.303333333984375 0.633854166015625 0.2825 0.628645833984375 0.284166666015625 0.622916666015625 0.298333333984375 0.621354166015625 0.3075 0.624479166015625 0.318333333984375 0.621875 0.333333333984375 0.622395833984375 0.36
2 0.443229166015625 0.103333333984375 0.4390625 0.095833333984375 0.438541666015625 0.111666666015625 0.443594271484375 0.119044166015625 0.44375 0.113333333984375 0.443229166015625 0.103333333984375
1 0.436979166015625 0.13 0.438541666015625 0.134166666015625 0.438541666015625 0.136666666015625 0.441145833984375 0.146666666015625 0.441666666015625 0.1475 0.442708333984375 0.1475 0.443229166015625 0.145 0.442708333984375 0.125833333984375 0.443229166015625 0.125 0.443594271484375 0.122006666015625 0.443536458984375 0.1202475 0.4423796875 0.118395833984375 0.441685416015625 0.116821666015625 0.440759896484375 0.1158025 0.440104166015625 0.113333333984375 0.436979166015625 0.1175 0.436458333984375 0.119166666015625 0.436458333984375 0.126666666015625 0.436979166015625 0.1275 0.436979166015625 0.13
1 0.4335296875 0.164400833984375 0.432661978515625 0.14727 0.435416666015625 0.143333333984375 0.435416666015625 0.14 0.434375 0.136666666015625 0.434375 0.133333333984375 0.432025521484375 0.132360833984375 0.431389583984375 0.125785833984375 0.429422916015625 0.126156666015625 0.429365103515625 0.130879166015625 0.429654166015625 0.146065833984375 0.429827603515625 0.148565833984375 0.4335296875 0.164400833984375
1 0.440104166015625 0.196666666015625 0.440625 0.195833333984375 0.440104166015625 0.188333333984375 0.441145833984375 0.1825 0.441145833984375 0.168333333984375 0.4375 0.155833333984375 0.436979166015625 0.1475 0.4359375 0.145833333984375 0.433703125 0.149029166015625 0.4336453125 0.153844166015625 0.4335875 0.16579 0.434895833984375 0.194166666015625 0.436458333984375 0.196666666015625 0.440104166015625 0.196666666015625
1 0.411458333984375 0.195 0.413020833984375 0.194166666015625 0.414583333984375 0.191666666015625 0.415104166015625 0.189166666015625 0.415104166015625 0.183333333984375 0.416145833984375 0.178333333984375 0.415625 0.1675 0.415104166015625 0.166666666015625 0.415104166015625 0.161666666015625 0.411979166015625 0.150833333984375 0.411458333984375 0.15 0.409375 0.15 0.4078125 0.151666666015625 0.407291666015625 0.1675 0.409375 0.175 0.410416666015625 0.1925 0.411458333984375 0.195
1 0.381770833984375 0.1725 0.380729166015625 0.1325 0.377083333984375 0.131666666015625 0.373958333984375 0.136666666015625 0.375520833984375 0.164166666015625 0.377083333984375 0.171666666015625 0.380208333984375 0.175 0.381770833984375 0.1725
0 0.4875 0.108333333984375 0.486458333984375 0.126666666015625 0.491145833984375 0.135 0.494791666015625 0.1175 0.4875 0.108333333984375
1 0.494754166015625 0.124431666015625 0.4919546875 0.133893333984375 0.492079166015625 0.160883333984375 0.495563021484375 0.161181666015625 0.497180728515625 0.1327975 0.494754166015625 0.124431666015625
1 0.501041666015625 0.144166666015625 0.5015625 0.1625 0.5046875 0.1625 0.505208333984375 0.161666666015625 0.505208333984375 0.155833333984375 0.505729166015625 0.155 0.506770833984375 0.135 0.5046875 0.1275 0.5015625 0.13 0.501041666015625 0.131666666015625 0.5 0.136666666015625 0.500520833984375 0.1375 0.500520833984375 0.143333333984375 0.501041666015625 0.144166666015625
1 0.541666666015625 0.138333333984375 0.542708333984375 0.146666666015625 0.543229166015625 0.1475 0.543229166015625 0.15 0.544791666015625 0.1475 0.546354166015625 0.136666666015625 0.546354166015625 0.134166666015625 0.546875 0.133333333984375 0.546875 0.1275 0.547395833984375 0.125833333984375 0.546354166015625 0.119166666015625 0.54375 0.1175 0.542708333984375 0.118333333984375 0.541145833984375 0.123333333984375 0.541145833984375 0.134166666015625 0.541666666015625 0.135 0.541666666015625 0.138333333984375
1 0.523958333984375 0.179166666015625 0.5246125 0.188543333984375 0.528364583984375 0.194705 0.530729166015625 0.184166666015625 0.530729166015625 0.181666666015625 0.53125 0.180833333984375 0.53125 0.175833333984375 0.531770833984375 0.175 0.531770833984375 0.171666666015625 0.530729166015625 0.1675 0.528645833984375 0.163333333984375 0.528125 0.160833333984375 0.526041666015625 0.158333333984375 0.525520833984375 0.158333333984375 0.524479166015625 0.160833333984375 0.524479166015625 0.165 0.523958333984375 0.165833333984375 0.523958333984375 0.170833333984375 0.5234375 0.171666666015625 0.523958333984375 0.1725 0.523958333984375 0.179166666015625
1 0.516145833984375 0.219166666015625 0.516666666015625 0.229166666015625 0.51875 0.2325 0.5203125 0.229166666015625 0.524479166015625 0.2275 0.526041666015625 0.230833333984375 0.528645833984375 0.2275 0.5265625 0.22 0.526041666015625 0.2125 0.5265625 0.206666666015625 0.529166666015625 0.2025 0.529166666015625 0.1975 0.524479166015625 0.18 0.523958333984375 0.175 0.522395833984375 0.173333333984375 0.51875 0.175 0.518229166015625 0.1825 0.515625 0.193333333984375 0.516666666015625 0.205833333984375 0.516145833984375 0.219166666015625