1 0.265625 0.5325 0.268229166015625 0.543333333984375 0.272395833984375 0.545 0.277083333984375 0.533333333984375 0.291145833984375 0.526666666015625 0.297395833984375 0.550833333984375 0.3046875 0.553333333984375 0.310416666015625 0.55 0.288020833984375 0.448333333984375 0.280729166015625 0.445833333984375 0.278125 0.449166666015625 0.274479166015625 0.475 0.273958333984375 0.504166666015625 0.277083333984375 0.521666666015625 0.265625 0.5325
3 0.3203125 0.5107421875 0.0048828125 0.0087890625
2 0.646875 0.5175 0.645833333984375 0.511666666015625 0.640104166015625 0.505833333984375 0.640625 0.496666666015625 0.636458333984375 0.49 0.630729166015625 0.49 0.626041666015625 0.496666666015625 0.627604166015625 0.510833333984375 0.622395833984375 0.5325 0.620833333984375 0.58 0.639583333984375 0.580833333984375 0.644791666015625 0.556666666015625 0.646875 0.5175
1 0.547395833984375 0.440833333984375 0.545833333984375 0.4425 0.549479166015625 0.500833333984375 0.556770833984375 0.498333333984375 0.561979166015625 0.4875 0.5640625 0.49 0.565625 0.4875 0.575 0.4425 0.572916666015625 0.425833333984375 0.565104166015625 0.4 0.560416666015625 0.3975 0.555208333984375 0.403333333984375 0.556770833984375 0.415 0.555208333984375 0.428333333984375 0.5484375 0.443333333984375 0.547395833984375 0.440833333984375
0 0.463020833984375 0.444166666015625 0.465104166015625 0.441666666015625 0.467708333984375 0.424166666015625 0.472916666015625 0.4175 0.480729166015625 0.424166666015625 0.484375 0.4325 0.4875 0.433333333984375 0.4890625 0.4175 0.480729166015625 0.41 0.474479166015625 0.390833333984375 0.472916666015625 0.370833333984375 0.464583333984375 0.348333333984375 0.459375 0.346666666015625 0.45625 0.351666666015625 0.4578125 0.416666666015625 0.4609375 0.430833333984375 0.4578125 0.4425 0.463020833984375 0.444166666015625
1 0.296354166015625 0.376666666015625 0.293229166015625 0.359444166015625 0.2921875 0.335 0.295833333984375 0.32 0.2953125 0.314166666015625 0.2828125 0.294166666015625 0.278125 0.295833333984375 0.276041666015625 0.3 0.2765625 0.335 0.284375 0.353333333984375 0.281770833984375 0.37 0.296354166015625 0.376666666015625
1 0.421875 0.264166666015625 0.425 0.22 0.421875 0.21 0.418229166015625 0.21 0.413541666015625 0.22 0.411979166015625 0.230833333984375 0.414583333984375 0.264166666015625 0.419791666015625 0.268333333984375 0.421875 0.264166666015625
1 0.322395833984375 0.208333333984375 0.325520833984375 0.205 0.324479166015625 0.196666666015625 0.3171875 0.178333333984375 0.313541666015625 0.178333333984375 0.310416666015625 0.191666666015625 0.311458333984375 0.205833333984375 0.321354166015625 0.238333333984375 0.322916666015625 0.236666666015625 0.322395833984375 0.208333333984375
1 0.580208333984375 0.3375 0.584895833984375 0.3375 0.5875 0.305833333984375 0.591145833984375 0.293333333984375 0.590104166015625 0.281666666015625 0.584375 0.265 0.579166666015625 0.265833333984375 0.574479166015625 0.284166666015625 0.575520833984375 0.301110833984375 0.572916666015625 0.341666666015625 0.574479166015625 0.345 0.580208333984375 0.3375
1 0.6359375 0.305833333984375 0.641666666015625 0.31 0.64375 0.306666666015625 0.643229166015625 0.285833333984375 0.649479166015625 0.266666666015625 0.649479166015625 0.260833333984375 0.6421875 0.240833333984375 0.636979166015625 0.244166666015625 0.636458333984375 0.254166666015625 0.6296875 0.275833333984375 0.633854166015625 0.281944166015625 0.6359375 0.305833333984375
1 0.4421875 0.1825 0.444270833984375 0.1825 0.442708333984375 0.150833333984375 0.4390625 0.14 0.434895833984375 0.149166666015625 0.433854166015625 0.181666666015625 0.435416666015625 0.183333333984375 0.440625 0.175833333984375 0.4421875 0.1825
1 0.430729166015625 0.165 0.428645833984375 0.126666666015625 0.422395833984375 0.126666666015625 0.4203125 0.143333333984375 0.424479166015625 0.170833333984375 0.428645833984375 0.171666666015625 0.430729166015625 0.165
2 0.425 0.11 0.422395833984375 0.115833333984375 0.422916666015625 0.123333333984375 0.428645833984375 0.125833333984375 0.428125 0.1125 0.425 0.11
0 0.497395833984375 0.1175 0.494791666015625 0.109166666015625 0.490104166015625 0.1125 0.489583333984375 0.134166666015625 0.491145833984375 0.1375 0.4981296875 0.136735833984375 0.497395833984375 0.1175
1 0.507291666015625 0.136666666015625 0.503383853515625 0.127908333984375 0.501032291015625 0.1337225 0.500391146484375 0.137826666015625 0.499479166015625 0.163333333984375 0.503169791015625 0.168265 0.50625 0.1575 0.507291666015625 0.136666666015625