0 0.4765625 0.394166666015625 0.4734375 0.373333333984375 0.466666666015625 0.371666666015625 0.459895833984375 0.390833333984375 0.459895833984375 0.4325 0.481770833984375 0.435833333984375 0.483854166015625 0.41 0.4765625 0.394166666015625
2 0.680208333984375 0.336666666015625 0.675 0.325833333984375 0.6765625 0.318333333984375 0.675 0.314166666015625 0.670833333984375 0.313333333984375 0.667708333984375 0.324166666015625 0.6609375 0.331666666015625 0.6578125 0.3475 0.656770833984375 0.404166666015625 0.664583333984375 0.406666666015625 0.680729166015625 0.3625 0.680208333984375 0.336666666015625
1 0.4109375 0.186666666015625 0.407291666015625 0.184166666015625 0.40625 0.1875 0.40625 0.234166666015625 0.4078125 0.2375 0.414583333984375 0.239166666015625 0.4109375 0.186666666015625
1 0.397395833984375 0.204166666015625 0.401041666015625 0.19 0.399479166015625 0.158333333984375 0.396875 0.158333333984375 0.394791666015625 0.1675 0.39375 0.180833333984375 0.395833333984375 0.191666666015625 0.394270833984375 0.2025 0.397395833984375 0.204166666015625
1 0.5125 0.185 0.5140625 0.155 0.511979166015625 0.14 0.5078125 0.14 0.505729166015625 0.149166666015625 0.5046875 0.155 0.507291666015625 0.180833333984375 0.508854166015625 0.185 0.5125 0.185
1 0.4734375 0.120833333984375 0.473958333984375 0.144166666015625 0.478645833984375 0.1375 0.477604166015625 0.110833333984375 0.4734375 0.120833333984375
2 0.4390625 0.095833333984375 0.436458333984375 0.1025 0.436979166015625 0.125833333984375 0.442708333984375 0.128333333984375 0.442708333984375 0.110833333984375 0.4390625 0.095833333984375
0 0.50731875 0.127011666015625 0.506658853515625 0.131235833984375 0.504513021484375 0.134536666015625 0.499809896484375 0.134933333984375 0.499727083984375 0.138761666015625 0.501542708984375 0.1407425 0.504595833984375 0.1391575 0.509464583984375 0.138894166015625 0.511775 0.13929 0.513838021484375 0.1365175 0.513672916015625 0.130444166015625 0.514002603515625 0.124766666015625 0.514167708984375 0.119881666015625 0.511775 0.118825833984375 0.5104546875 0.121598333984375 0.508804166015625 0.124370833984375 0.50731875 0.127011666015625
1 0.542708333984375 0.17 0.541666666015625 0.171666666015625 0.543229166015625 0.173333333984375 0.544270833984375 0.171666666015625 0.549479166015625 0.1675 0.551041666015625 0.1675 0.552083333984375 0.166666666015625 0.552604166015625 0.14 0.5515625 0.138333333984375 0.55 0.138333333984375 0.5484375 0.140833333984375 0.5484375 0.141666666015625 0.546875 0.144166666015625 0.544791666015625 0.1525 0.544791666015625 0.156666666015625 0.544270833984375 0.1575 0.543229166015625 0.1675 0.542708333984375 0.17
1 0.5609375 0.148333333984375 0.561458333984375 0.1475 0.561979166015625 0.134166666015625 0.5625 0.133333333984375 0.5625 0.13 0.5609375 0.1275 0.560416666015625 0.1275 0.5546875 0.136666666015625 0.554166666015625 0.138333333984375 0.5546875 0.1475 0.556770833984375 0.15 0.5609375 0.148333333984375
1 0.557291666015625 0.175833333984375 0.560416666015625 0.175833333984375 0.563541666015625 0.1675 0.5640625 0.1675 0.566666666015625 0.171666666015625 0.5671875 0.1775 0.567708333984375 0.178333333984375 0.570833333984375 0.178333333984375 0.570833333984375 0.168333333984375 0.569270833984375 0.165 0.569270833984375 0.144166666015625 0.567708333984375 0.141666666015625 0.566145833984375 0.1425 0.563541666015625 0.1475 0.561458333984375 0.148333333984375 0.560416666015625 0.151666666015625 0.559895833984375 0.164166666015625 0.558854166015625 0.17 0.556770833984375 0.175 0.557291666015625 0.175833333984375
1 0.6203125 0.159166666015625 0.619791666015625 0.165 0.6203125 0.165833333984375 0.6203125 0.168333333984375 0.622916666015625 0.171666666015625 0.623958333984375 0.169166666015625 0.624479166015625 0.16 0.627083333984375 0.151666666015625 0.627083333984375 0.1425 0.6265625 0.141666666015625 0.626041666015625 0.1375 0.622916666015625 0.134166666015625 0.621875 0.135 0.6203125 0.138333333984375 0.619791666015625 0.140833333984375 0.6203125 0.156666666015625 0.619791666015625 0.1575 0.6203125 0.159166666015625
1 0.642708333984375 0.165833333984375 0.6421875 0.150833333984375 0.639583333984375 0.141666666015625 0.636979166015625 0.14 0.634895833984375 0.143333333984375 0.635416666015625 0.165 0.636979166015625 0.170833333984375 0.640625 0.170833333984375 0.642708333984375 0.165833333984375
1 0.528125 0.208333333984375 0.529166666015625 0.1775 0.526041666015625 0.164166666015625 0.521354166015625 0.165 0.519791666015625 0.18 0.521875 0.196666666015625 0.5234375 0.205833333984375 0.528125 0.208333333984375