0 0.483333333984375 0.409166666015625 0.478125 0.399166666015625 0.4734375 0.3725 0.4703125 0.37 0.466666666015625 0.371666666015625 0.459895833984375 0.39 0.458333333984375 0.42 0.459895833984375 0.4325 0.480729166015625 0.436666666015625 0.483333333984375 0.409166666015625
2 0.651041666015625 0.3425 0.654166666015625 0.341666666015625 0.6640625 0.299166666015625 0.663020833984375 0.280833333984375 0.658854166015625 0.2725 0.659375 0.264166666015625 0.6578125 0.261666666015625 0.654166666015625 0.261666666015625 0.646354166015625 0.280833333984375 0.64375 0.293333333984375 0.643229166015625 0.304166666015625 0.646875 0.32 0.646354166015625 0.338333333984375 0.651041666015625 0.3425
1 0.429166666015625 0.234166666015625 0.430208333984375 0.216666666015625 0.427604166015625 0.185 0.425 0.1825 0.420833333984375 0.194166666015625 0.422395833984375 0.218333333984375 0.420833333984375 0.234166666015625 0.426041666015625 0.2375 0.429166666015625 0.234166666015625
1 0.548958333984375 0.119166666015625 0.546875 0.116666666015625 0.542708333984375 0.136666666015625 0.542708333984375 0.143333333984375 0.546875 0.144166666015625 0.549479166015625 0.1325 0.548958333984375 0.119166666015625
1 0.556515625 0.114205833984375 0.5555640625 0.119915833984375 0.55625 0.143333333984375 0.563541666015625 0.144166666015625 0.561750521484375 0.117251666015625 0.556515625 0.114205833984375
1 0.574479166015625 0.139166666015625 0.572395833984375 0.1475 0.571875 0.175 0.58125 0.178333333984375 0.578125 0.139166666015625 0.574479166015625 0.139166666015625
1 0.453645833984375 0.16 0.454166666015625 0.143333333984375 0.452083333984375 0.1325 0.449479166015625 0.130833333984375 0.446875 0.139166666015625 0.444270833984375 0.164166666015625 0.445833333984375 0.17 0.452604166015625 0.165 0.453645833984375 0.16
1 0.495130208984375 0.165979166015625 0.494654166015625 0.135524166015625 0.492036978515625 0.127910833984375 0.4879921875 0.135524166015625 0.486458333984375 0.145 0.490104166015625 0.168333333984375 0.4921875 0.169166666015625 0.495130208984375 0.165979166015625
1 0.502604166015625 0.130833333984375 0.4984609375 0.126768333984375 0.494270833984375 0.135 0.49375 0.168333333984375 0.5046875 0.168333333984375 0.502604166015625 0.161666666015625 0.502604166015625 0.130833333984375
1 0.514583333984375 0.165 0.516666666015625 0.1425 0.515625 0.133333333984375 0.511458333984375 0.125833333984375 0.509895833984375 0.13 0.509895833984375 0.151666666015625 0.511979166015625 0.168333333984375 0.514583333984375 0.165
0 0.506770833984375 0.1225 0.505208333984375 0.119166666015625 0.4984375 0.1225 0.497395833984375 0.128333333984375 0.5015625 0.143333333984375 0.5046875 0.14 0.506770833984375 0.1225
1 0.505208333984375 0.144166666015625 0.50625 0.143333333984375 0.508854166015625 0.143333333984375 0.509702603515625 0.140836666015625 0.508559896484375 0.133749166015625 0.509559896484375 0.1289475 0.510845833984375 0.127118333984375 0.511703125 0.125060833984375 0.509988541015625 0.125746666015625 0.508854166015625 0.126666666015625 0.508333333984375 0.125833333984375 0.50625 0.1275 0.5046875 0.131666666015625 0.5046875 0.136666666015625 0.503645833984375 0.139166666015625 0.503645833984375 0.140833333984375 0.505208333984375 0.144166666015625
2 0.440938021484375 0.095739166015625 0.4375 0.1 0.438048958984375 0.1277625 0.441969271484375 0.1274325 0.443207291015625 0.110595833984375 0.440938021484375 0.095739166015625