1 0.219791666015625 0.52 0.241666666015625 0.564166666015625 0.2546875 0.565833333984375 0.255729166015625 0.563333333984375 0.2515625 0.549166666015625 0.254166666015625 0.536666666015625 0.253125 0.525833333984375 0.244270833984375 0.501666666015625 0.238020833984375 0.49 0.227083333984375 0.486666666015625 0.2234375 0.478333333984375 0.215625 0.48 0.215625 0.49 0.219791666015625 0.498333333984375 0.217708333984375 0.511666666015625 0.219791666015625 0.52
2 0.622395833984375 0.578333333984375 0.625 0.580833333984375 0.633333333984375 0.580833333984375 0.6359375 0.5775 0.643229166015625 0.5525 0.646875 0.530833333984375 0.641666666015625 0.490833333984375 0.634895833984375 0.4875 0.629166666015625 0.495833333984375 0.627604166015625 0.515833333984375 0.61875 0.5325 0.624479166015625 0.545 0.622395833984375 0.578333333984375
1 0.653645833984375 0.413333333984375 0.655729166015625 0.4275 0.654166666015625 0.440833333984375 0.669791666015625 0.4375 0.672395833984375 0.395833333984375 0.6765625 0.373333333984375 0.669791666015625 0.3475 0.664583333984375 0.343333333984375 0.661458333984375 0.348333333984375 0.660416666015625 0.363333333984375 0.653125 0.386666666015625 0.655729166015625 0.395833333984375 0.653645833984375 0.413333333984375
1 0.5421875 0.386666666015625 0.550520833984375 0.388333333984375 0.553645833984375 0.381666666015625 0.5640625 0.385833333984375 0.566145833984375 0.37 0.5640625 0.351666666015625 0.565104166015625 0.324166666015625 0.560416666015625 0.304166666015625 0.556770833984375 0.303333333984375 0.5546875 0.306666666015625 0.546875 0.3375 0.549479166015625 0.339166666015625 0.551041666015625 0.3475 0.547395833984375 0.373333333984375 0.5421875 0.386666666015625
1 0.509375 0.351666666015625 0.508333333984375 0.38 0.515625 0.396666666015625 0.51875 0.383333333984375 0.516666666015625 0.3675 0.5203125 0.355 0.524479166015625 0.324166666015625 0.51875 0.300833333984375 0.515104166015625 0.298333333984375 0.5109375 0.3025 0.511458333984375 0.308333333984375 0.502083333984375 0.34 0.50625 0.34 0.509375 0.351666666015625
0 0.421875 0.435833333984375 0.4359375 0.439166666015625 0.438541666015625 0.456666666015625 0.459895833984375 0.435833333984375 0.4578125 0.430833333984375 0.449479166015625 0.430833333984375 0.447395833984375 0.426666666015625 0.446875 0.399166666015625 0.441145833984375 0.374166666015625 0.438541666015625 0.373333333984375 0.433854166015625 0.38 0.4328125 0.404166666015625 0.422916666015625 0.4125 0.422395833984375 0.420833333984375 0.419791666015625 0.428333333984375 0.417708333984375 0.428333333984375 0.421875 0.435833333984375
1 0.3 0.375833333984375 0.307291666015625 0.375833333984375 0.309895833984375 0.353333333984375 0.314583333984375 0.35 0.3265625 0.366666666015625 0.327604166015625 0.376666666015625 0.33125 0.3775 0.3328125 0.37 0.326041666015625 0.356666666015625 0.319270833984375 0.318333333984375 0.311979166015625 0.310833333984375 0.3078125 0.301666666015625 0.301041666015625 0.303333333984375 0.302604166015625 0.315 0.302083333984375 0.37 0.299479166015625 0.3725 0.3 0.375833333984375
1 0.441145833984375 0.283333333984375 0.441145833984375 0.3 0.443229166015625 0.300833333984375 0.447916666015625 0.293333333984375 0.446354166015625 0.284166666015625 0.447916666015625 0.263333333984375 0.440104166015625 0.2375 0.4359375 0.236666666015625 0.435416666015625 0.244166666015625 0.438541666015625 0.253333333984375 0.4375 0.268333333984375 0.441145833984375 0.283333333984375
1 0.33125 0.261666666015625 0.329166666015625 0.245833333984375 0.3296875 0.225833333984375 0.322395833984375 0.2 0.31875 0.2025 0.316666666015625 0.214166666015625 0.317708333984375 0.244166666015625 0.326041666015625 0.25 0.327604166015625 0.261666666015625 0.33125 0.261666666015625
1 0.425 0.1925 0.421875 0.178333333984375 0.422395833984375 0.163333333984375 0.419270833984375 0.150833333984375 0.414583333984375 0.15 0.413020833984375 0.1575 0.411979166015625 0.171666666015625 0.414583333984375 0.195833333984375 0.419791666015625 0.186666666015625 0.425 0.1925
1 0.447916666015625 0.143333333984375 0.447916666015625 0.1475 0.448958333984375 0.15 0.448958333984375 0.1525 0.450520833984375 0.1575 0.450520833984375 0.163333333984375 0.451041666015625 0.165 0.453125 0.165833333984375 0.454166666015625 0.1625 0.455208333984375 0.136666666015625 0.452604166015625 0.126666666015625 0.451041666015625 0.124166666015625 0.448958333984375 0.123333333984375 0.447916666015625 0.125833333984375 0.446354166015625 0.133333333984375 0.446875 0.135 0.446875 0.140833333984375 0.447916666015625 0.143333333984375
2 0.436979166015625 0.13 0.4390625 0.1375 0.440625 0.1375 0.441666666015625 0.136666666015625 0.4421875 0.134166666015625 0.442708333984375 0.121666666015625 0.443229166015625 0.120833333984375 0.443229166015625 0.115 0.442708333984375 0.114166666015625 0.442708333984375 0.111666666015625 0.441666666015625 0.11 0.4390625 0.11 0.4375 0.1125 0.436458333984375 0.115833333984375 0.436458333984375 0.126666666015625 0.436979166015625 0.1275 0.436979166015625 0.13
0 0.490208333984375 0.1255975 0.4913890625 0.126209166015625 0.4910765625 0.129433333984375 0.490104166015625 0.136666666015625 0.491145833984375 0.138333333984375 0.4921875 0.1375 0.494270833984375 0.1375 0.494791666015625 0.136666666015625 0.4953125 0.124166666015625 0.496354166015625 0.119166666015625 0.495833333984375 0.118333333984375 0.495833333984375 0.115 0.494270833984375 0.111666666015625 0.492708333984375 0.111700833984375 0.491805728515625 0.11209 0.491215103515625 0.114313333984375 0.490729166015625 0.117315 0.4890625 0.115833333984375 0.4890625 0.125 0.490208333984375 0.1255975
1 0.506770833984375 0.13 0.505208333984375 0.125 0.5015625 0.125 0.5 0.129166666015625 0.500520833984375 0.1525 0.503125 0.155 0.505729166015625 0.151666666015625 0.506770833984375 0.13