2 0.6171875 0.555 0.619791666015625 0.580833333984375 0.633333333984375 0.580833333984375 0.640625 0.553333333984375 0.638541666015625 0.536666666015625 0.6390625 0.515833333984375 0.6296875 0.493333333984375 0.622395833984375 0.4925 0.61875 0.500833333984375 0.6203125 0.515 0.61875 0.539166666015625 0.608854166015625 0.550833333984375 0.6171875 0.555
1 0.202083333984375 0.55 0.202604166015625 0.5575 0.213020833984375 0.555 0.2203125 0.535 0.228645833984375 0.535 0.228645833984375 0.543333333984375 0.230729166015625 0.545833333984375 0.2375 0.546666666015625 0.239583333984375 0.543333333984375 0.234895833984375 0.5275 0.2375 0.511666666015625 0.225520833984375 0.49 0.225520833984375 0.480833333984375 0.2296875 0.465833333984375 0.228645833984375 0.458333333984375 0.2234375 0.455833333984375 0.218229166015625 0.459166666015625 0.217708333984375 0.468333333984375 0.2125 0.48 0.206770833984375 0.511666666015625 0.206770833984375 0.521666666015625 0.209375 0.53 0.2078125 0.539166666015625 0.202083333984375 0.55
3 0.266666666015625 0.516666666015625 0.266666666015625 0.521666666015625 0.2703125 0.5225 0.270833333984375 0.5175 0.266666666015625 0.516666666015625
0 0.439505728515625 0.446666666015625 0.458255728515625 0.438333333984375 0.451484896484375 0.4225 0.452005728515625 0.4075 0.4447140625 0.369166666015625 0.439505728515625 0.368333333984375 0.4369015625 0.3725 0.4369015625 0.391666666015625 0.4337765625 0.405833333984375 0.4290890625 0.414166666015625 0.428568228515625 0.435833333984375 0.4322140625 0.441666666015625 0.4369015625 0.441666666015625 0.439505728515625 0.446666666015625
1 0.539583333984375 0.451666666015625 0.542708333984375 0.449166666015625 0.545833333984375 0.431666666015625 0.55 0.430833333984375 0.552083333984375 0.4375 0.552083333984375 0.469166666015625 0.553645833984375 0.4725 0.556770833984375 0.470833333984375 0.558854166015625 0.418333333984375 0.5640625 0.393333333984375 0.561458333984375 0.3825 0.55625 0.3775 0.553125 0.361666666015625 0.546354166015625 0.364166666015625 0.532291666015625 0.406666666015625 0.531770833984375 0.411666666015625 0.540104166015625 0.425 0.538541666015625 0.4375 0.539583333984375 0.451666666015625
1 0.264583333984375 0.371666666015625 0.263020833984375 0.3825 0.268229166015625 0.38 0.267708333984375 0.363333333984375 0.274479166015625 0.356666666015625 0.282291666015625 0.3775 0.2859375 0.38 0.286979166015625 0.3725 0.284895833984375 0.370833333984375 0.278125 0.345833333984375 0.275520833984375 0.33 0.26875 0.316666666015625 0.263541666015625 0.315 0.258854166015625 0.308333333984375 0.254166666015625 0.310833333984375 0.255729166015625 0.35 0.2578125 0.355 0.259895833984375 0.354166666015625 0.264583333984375 0.371666666015625
1 0.573958333984375 0.348333333984375 0.58125 0.359166666015625 0.584375 0.315833333984375 0.589583333984375 0.303333333984375 0.589583333984375 0.298333333984375 0.58125 0.275 0.577604166015625 0.275 0.575 0.285 0.569791666015625 0.293333333984375 0.569270833984375 0.303333333984375 0.572916666015625 0.315555833984375 0.574479166015625 0.335 0.573958333984375 0.348333333984375
1 0.650520833984375 0.336666666015625 0.6578125 0.343333333984375 0.659895833984375 0.340833333984375 0.6609375 0.330833333984375 0.663541666015625 0.280833333984375 0.658854166015625 0.263333333984375 0.655208333984375 0.2625 0.653125 0.265833333984375 0.6515625 0.281666666015625 0.645833333984375 0.3 0.65 0.32 0.650520833984375 0.336666666015625
1 0.417708333984375 0.276666666015625 0.415104166015625 0.245 0.416145833984375 0.233333333984375 0.408333333984375 0.2175 0.405208333984375 0.22 0.403645833984375 0.226666666015625 0.404166666015625 0.275833333984375 0.407291666015625 0.279166666015625 0.4140625 0.2725 0.417708333984375 0.276666666015625
1 0.319270833984375 0.2375 0.322916666015625 0.2375 0.322916666015625 0.2325 0.319270833984375 0.199166666015625 0.3125 0.185 0.308854166015625 0.185 0.306770833984375 0.2025 0.313020833984375 0.244166666015625 0.314583333984375 0.245 0.319270833984375 0.2375
1 0.4375 0.150833333984375 0.432291666015625 0.140833333984375 0.4296875 0.15 0.43125 0.175 0.433333333984375 0.185 0.435416666015625 0.185833333984375 0.4375 0.150833333984375
1 0.434275521484375 0.136345 0.428561458984375 0.127996666015625 0.426822396484375 0.1359475 0.427319271484375 0.1613875 0.431045833984375 0.1438975 0.434275521484375 0.136345
2 0.432288021484375 0.120444166015625 0.43125 0.1125 0.428561458984375 0.106531666015625 0.426573958984375 0.116469166015625 0.428064583984375 0.126406666015625 0.431791146484375 0.129586666015625 0.432288021484375 0.124419166015625 0.432288021484375 0.120444166015625
1 0.5063234375 0.13714 0.501603125 0.125611666015625 0.49911875 0.13873 0.498958333984375 0.158333333984375 0.503125 0.1625 0.5046875 0.160833333984375 0.5063234375 0.13714
0 0.491145833984375 0.103333333984375 0.488020833984375 0.105 0.4890625 0.133333333984375 0.492708333984375 0.136666666015625 0.496354166015625 0.115833333984375 0.491145833984375 0.103333333984375