0 0.483333333984375 0.41 0.479166666015625 0.401666666015625 0.4734375 0.373333333984375 0.471354166015625 0.370833333984375 0.466145833984375 0.3725 0.459375 0.39 0.458333333984375 0.421666666015625 0.459895833984375 0.4325 0.480729166015625 0.436666666015625 0.483333333984375 0.41
1 0.555729166015625 0.196666666015625 0.5515625 0.194166666015625 0.550520833984375 0.2425 0.5546875 0.244166666015625 0.561458333984375 0.2325 0.555729166015625 0.196666666015625
2 0.644270833984375 0.253333333984375 0.65 0.23 0.650520833984375 0.218333333984375 0.6484375 0.2075 0.640104166015625 0.1975 0.638541666015625 0.2 0.641145833984375 0.231666666015625 0.640104166015625 0.251666666015625 0.644270833984375 0.253333333984375
1 0.504166666015625 0.180833333984375 0.504166666015625 0.17 0.497916666015625 0.1575 0.496354166015625 0.163333333984375 0.495833333984375 0.179166666015625 0.497916666015625 0.190833333984375 0.5015625 0.190833333984375 0.504166666015625 0.180833333984375
1 0.411458333984375 0.173333333984375 0.413020833984375 0.171666666015625 0.409895833984375 0.160833333984375 0.410416666015625 0.145 0.4078125 0.136666666015625 0.404166666015625 0.134166666015625 0.400520833984375 0.144166666015625 0.4015625 0.178333333984375 0.405729166015625 0.166666666015625 0.408854166015625 0.166666666015625 0.411458333984375 0.173333333984375
1 0.606770833984375 0.143333333984375 0.605208333984375 0.1425 0.6015625 0.150833333984375 0.601041666015625 0.184166666015625 0.605729166015625 0.185833333984375 0.608854166015625 0.158333333984375 0.606770833984375 0.143333333984375
0 0.5046875 0.115 0.5046875 0.135 0.508854166015625 0.136666666015625 0.508854166015625 0.119166666015625 0.5046875 0.115
1 0.460283333984375 0.120470833984375 0.457397916015625 0.112776666015625 0.4547875 0.1182725 0.454238021484375 0.1246475 0.456770833984375 0.146666666015625 0.458854166015625 0.144166666015625 0.460283333984375 0.120470833984375
2 0.4527265625 0.1112375 0.452314583984375 0.126625833984375 0.4547875 0.116293333984375 0.4568484375 0.1116775 0.45625 0.108333333984375 0.456298958984375 0.106180833984375 0.456023958984375 0.100465833984375 0.454238021484375 0.096728333984375 0.453125 0.094166666015625 0.452177083984375 0.099585833984375 0.451041666015625 0.104166666015625 0.450520833984375 0.105 0.451041666015625 0.106666666015625 0.4527265625 0.1112375
1 0.461458333984375 0.135833333984375 0.461979166015625 0.138333333984375 0.463020833984375 0.14 0.464583333984375 0.140833333984375 0.466666666015625 0.140833333984375 0.465625 0.126166666015625 0.465625 0.111666666015625 0.464583333984375 0.105833333984375 0.4640625 0.105 0.463020833984375 0.105 0.4625 0.105833333984375 0.4609375 0.1125 0.4609375 0.115 0.460416666015625 0.115833333984375 0.460416666015625 0.121666666015625 0.461458333984375 0.135833333984375
1 0.490104166015625 0.145833333984375 0.490625 0.146666666015625 0.490104166015625 0.164166666015625 0.491145833984375 0.165833333984375 0.4921875 0.164166666015625 0.492708333984375 0.160833333984375 0.494791666015625 0.1575 0.4953125 0.1575 0.496354166015625 0.146666666015625 0.496875 0.145833333984375 0.496875 0.141666666015625 0.497395833984375 0.140833333984375 0.497395833984375 0.136666666015625 0.496875 0.135833333984375 0.496875 0.133333333984375 0.494083333984375 0.1250875 0.491747396484375 0.129044166015625 0.490104166015625 0.133333333984375 0.489583333984375 0.135833333984375 0.489583333984375 0.138333333984375 0.490104166015625 0.139166666015625 0.490104166015625 0.145833333984375
1 0.5203125 0.130833333984375 0.520833333984375 0.131666666015625 0.520833333984375 0.134166666015625 0.521354166015625 0.135 0.521354166015625 0.1375 0.521875 0.138333333984375 0.521875 0.144166666015625 0.525520833984375 0.148333333984375 0.526041666015625 0.1475 0.5265625 0.131666666015625 0.527083333984375 0.130833333984375 0.527083333984375 0.128333333984375 0.527604166015625 0.1275 0.527604166015625 0.121666666015625 0.526041666015625 0.1175 0.524479166015625 0.116666666015625 0.522395833984375 0.116666666015625 0.521354166015625 0.118333333984375 0.519791666015625 0.123333333984375 0.519791666015625 0.1275 0.5203125 0.128333333984375 0.5203125 0.130833333984375
1 0.5369515625 0.140035833984375 0.536979166015625 0.144166666015625 0.538875 0.143553333984375 0.540625 0.143333333984375 0.543683853515625 0.142234166015625 0.541666666015625 0.128889166015625 0.541666666015625 0.124166666015625 0.5421875 0.123333333984375 0.5421875 0.116666666015625 0.541145833984375 0.113333333984375 0.539583333984375 0.111666666015625 0.538541666015625 0.1125 0.5390125 0.115634166015625 0.538188021484375 0.1173925 0.538875 0.118931666015625 0.538188021484375 0.122229166015625 0.538325521484375 0.1250875 0.5369515625 0.140035833984375
1 0.590104166015625 0.143333333984375 0.586458333984375 0.13 0.584375 0.13 0.5828125 0.136666666015625 0.583333333984375 0.154166666015625 0.58125 0.165 0.588541666015625 0.161666666015625 0.590104166015625 0.143333333984375