0 0.481770833984375 0.435 0.483333333984375 0.41 0.4734375 0.383333333984375 0.472395833984375 0.371666666015625 0.466145833984375 0.3725 0.459895833984375 0.39 0.458854166015625 0.4075 0.458333333984375 0.4225 0.460416666015625 0.433333333984375 0.463541666015625 0.435833333984375 0.481770833984375 0.435
2 0.660416666015625 0.3725 0.670833333984375 0.318333333984375 0.669791666015625 0.305 0.664583333984375 0.285833333984375 0.659375 0.289166666015625 0.654166666015625 0.3075 0.651041666015625 0.310833333984375 0.648958333984375 0.36 0.656770833984375 0.368333333984375 0.658333333984375 0.375 0.660416666015625 0.3725
2 0.438020833984375 0.123333333984375 0.438541666015625 0.125833333984375 0.439583333984375 0.126666666015625 0.440625 0.125833333984375 0.441145833984375 0.123333333984375 0.4421875 0.115 0.4421875 0.108333333984375 0.441666666015625 0.0975 0.441145833984375 0.095833333984375 0.4390625 0.095 0.436979166015625 0.101666666015625 0.436979166015625 0.116666666015625 0.438020833984375 0.12 0.438020833984375 0.123333333984375
0 0.5015625 0.1375 0.504166666015625 0.139166666015625 0.50625 0.139166666015625 0.507291666015625 0.138333333984375 0.5078125 0.136666666015625 0.507291666015625 0.12 0.50625 0.118333333984375 0.503125 0.118333333984375 0.502083333984375 0.12 0.497916666015625 0.12 0.497395833984375 0.1225 0.498958333984375 0.131666666015625 0.5 0.135 0.5015625 0.1375
1 0.483333333984375 0.133333333984375 0.483854166015625 0.135833333984375 0.484895833984375 0.1375 0.486458333984375 0.138333333984375 0.488020833984375 0.138333333984375 0.488541666015625 0.1375 0.490104166015625 0.1375 0.491145833984375 0.136666666015625 0.490625 0.135833333984375 0.490104166015625 0.121110833984375 0.490104166015625 0.115833333984375 0.491145833984375 0.1125 0.4890625 0.110833333984375 0.488020833984375 0.109166666015625 0.488020833984375 0.108333333984375 0.483854166015625 0.109166666015625 0.482291666015625 0.1125 0.48125 0.115833333984375 0.481770833984375 0.125833333984375 0.483333333984375 0.13 0.483333333984375 0.133333333984375
1 0.425 0.184166666015625 0.421354166015625 0.184166666015625 0.417708333984375 0.196666666015625 0.419791666015625 0.234166666015625 0.428645833984375 0.238333333984375 0.427604166015625 0.1975 0.425 0.184166666015625
1 0.493229166015625 0.181666666015625 0.488020833984375 0.165833333984375 0.488541666015625 0.156666666015625 0.484375 0.1425 0.481770833984375 0.145833333984375 0.480729166015625 0.155833333984375 0.480729166015625 0.183333333984375 0.488020833984375 0.1775 0.490625 0.1825 0.493229166015625 0.181666666015625
1 0.50625 0.139166666015625 0.5015625 0.1375 0.4984375 0.1475 0.4984375 0.169166666015625 0.502083333984375 0.171666666015625 0.507291666015625 0.143333333984375 0.50625 0.139166666015625
1 0.584895833984375 0.178333333984375 0.584895833984375 0.151666666015625 0.58125 0.140833333984375 0.578645833984375 0.143333333984375 0.5765625 0.15 0.577604166015625 0.18 0.582291666015625 0.181666666015625 0.584895833984375 0.178333333984375
1 0.540625 0.126666666015625 0.538541666015625 0.128333333984375 0.536458333984375 0.136666666015625 0.546354166015625 0.155833333984375 0.546875 0.1425 0.540625 0.126666666015625
1 0.538541666015625 0.1375 0.536458333984375 0.135 0.534375 0.1375 0.534895833984375 0.1575 0.543229166015625 0.161666666015625 0.543229166015625 0.150833333984375 0.538541666015625 0.1375
1 0.455729166015625 0.1775 0.4578125 0.1675 0.455208333984375 0.14 0.452083333984375 0.14 0.450520833984375 0.15 0.450520833984375 0.163333333984375 0.446354166015625 0.1775 0.4484375 0.18 0.455729166015625 0.1775
1 0.594270833984375 0.129166666015625 0.591666666015625 0.114166666015625 0.588541666015625 0.113333333984375 0.586979166015625 0.125833333984375 0.585416666015625 0.1475 0.591666666015625 0.151666666015625 0.59375 0.1475 0.594270833984375 0.129166666015625
1 0.5947265625 0.1259765625 0.001953125 0.0048828125