0 0.474479166015625 0.389166666015625 0.472395833984375 0.373333333984375 0.466666666015625 0.371666666015625 0.458854166015625 0.39 0.459895833984375 0.431666666015625 0.480729166015625 0.436666666015625 0.4828125 0.4075 0.474479166015625 0.389166666015625
2 0.651041666015625 0.234166666015625 0.64375 0.216666666015625 0.640104166015625 0.219166666015625 0.635416666015625 0.2325 0.634375 0.279166666015625 0.636979166015625 0.281666666015625 0.644270833984375 0.2675 0.651041666015625 0.234166666015625
1 0.444791666015625 0.27 0.447916666015625 0.26 0.447916666015625 0.246666666015625 0.440625 0.226666666015625 0.438020833984375 0.228333333984375 0.4359375 0.258333333984375 0.435416666015625 0.280833333984375 0.446354166015625 0.286666666015625 0.4484375 0.280833333984375 0.444791666015625 0.27
1 0.417708333984375 0.270833333984375 0.418229166015625 0.266666666015625 0.4125 0.255 0.413020833984375 0.231666666015625 0.4078125 0.210833333984375 0.404166666015625 0.210833333984375 0.4015625 0.224166666015625 0.400520833984375 0.2375 0.404166666015625 0.255 0.411979166015625 0.271666666015625 0.417708333984375 0.270833333984375
1 0.372395833984375 0.203333333984375 0.378125 0.2025 0.378645833984375 0.2125 0.380729166015625 0.214166666015625 0.384895833984375 0.178333333984375 0.377083333984375 0.166666666015625 0.372916666015625 0.178333333984375 0.371875 0.194166666015625 0.3671875 0.21 0.369791666015625 0.211666666015625 0.372395833984375 0.203333333984375
1 0.554166666015625 0.213333333984375 0.560416666015625 0.190833333984375 0.560416666015625 0.184166666015625 0.555729166015625 0.171666666015625 0.552083333984375 0.173333333984375 0.548958333984375 0.19 0.5515625 0.199166666015625 0.551041666015625 0.2125 0.554166666015625 0.213333333984375
1 0.547395833984375 0.159166666015625 0.543229166015625 0.149166666015625 0.539583333984375 0.1525 0.539583333984375 0.181666666015625 0.543229166015625 0.185833333984375 0.547395833984375 0.175833333984375 0.547395833984375 0.159166666015625
1 0.511979166015625 0.14 0.508333333984375 0.135 0.502604166015625 0.138333333984375 0.501041666015625 0.145833333984375 0.505208333984375 0.1775 0.5078125 0.1725 0.511979166015625 0.14
1 0.443229166015625 0.150833333984375 0.4390625 0.14 0.435416666015625 0.14 0.434375 0.161666666015625 0.436458333984375 0.179166666015625 0.4390625 0.181666666015625 0.443229166015625 0.150833333984375
1 0.4609375 0.131666666015625 0.459375 0.124166666015625 0.453125 0.124166666015625 0.453645833984375 0.155 0.456770833984375 0.16 0.459895833984375 0.153333333984375 0.4609375 0.131666666015625
1 0.556770833984375 0.110833333984375 0.553125 0.1125 0.552604166015625 0.136666666015625 0.557291666015625 0.140833333984375 0.5578125 0.113333333984375 0.556770833984375 0.110833333984375
1 0.4528921875 0.119410833984375 0.452797916015625 0.124399166015625 0.458277083984375 0.123794166015625 0.458655208984375 0.116841666015625 0.459221875 0.11276 0.4578046875 0.109283333984375 0.4565765625 0.108074166015625 0.456198958984375 0.104144166015625 0.454686978515625 0.1038425 0.454781771484375 0.1085275 0.452797916015625 0.110190833984375 0.4528921875 0.119410833984375
2 0.457427083984375 0.107016666015625 0.459694271484375 0.113818333984375 0.459221875 0.121526666015625 0.4606390625 0.127573333984375 0.461961458984375 0.12848 0.462339583984375 0.120166666015625 0.461961458984375 0.112609166015625 0.462055728515625 0.105505 0.459883333984375 0.100668333984375 0.456859896484375 0.098854166015625 0.454215103515625 0.102028333984375 0.456198958984375 0.102330833984375 0.457427083984375 0.107016666015625
0 0.497395833984375 0.136666666015625 0.4984375 0.1375 0.5015625 0.1375 0.5015625 0.135 0.501041666015625 0.134166666015625 0.501041666015625 0.131666666015625 0.5015625 0.130833333984375 0.5015625 0.129166666015625 0.501041666015625 0.128333333984375 0.502083333984375 0.123333333984375 0.502083333984375 0.118333333984375 0.5015625 0.115833333984375 0.501041666015625 0.115 0.5 0.115 0.4984375 0.1125 0.497916666015625 0.1125 0.497395833984375 0.114166666015625 0.496354166015625 0.115833333984375 0.495833333984375 0.115833333984375 0.4953125 0.118333333984375 0.4953125 0.123333333984375 0.496875 0.135 0.497395833984375 0.136666666015625