0 0.4609375 0.426666666015625 0.46875 0.426666666015625 0.470833333984375 0.431666666015625 0.473958333984375 0.4325 0.478125 0.425 0.453645833984375 0.3725 0.449479166015625 0.375833333984375 0.441145833984375 0.408333333984375 0.441666666015625 0.418333333984375 0.448958333984375 0.433333333984375 0.458854166015625 0.433333333984375 0.4609375 0.426666666015625
2 0.6484375 0.2775 0.653645833984375 0.258333333984375 0.65 0.255833333984375 0.647395833984375 0.245 0.643229166015625 0.244166666015625 0.635416666015625 0.261666666015625 0.635416666015625 0.305 0.640625 0.311666666015625 0.644270833984375 0.308333333984375 0.6484375 0.2775
2 0.456770833984375 0.105 0.453645833984375 0.1 0.450520833984375 0.105 0.45 0.1125 0.452604166015625 0.123333333984375 0.45625 0.123333333984375 0.456770833984375 0.105
1 0.401041666015625 0.29 0.405208333984375 0.284166666015625 0.405208333984375 0.2775 0.394791666015625 0.2575 0.391145833984375 0.258333333984375 0.391145833984375 0.2925 0.39375 0.301666666015625 0.398958333984375 0.303333333984375 0.401041666015625 0.29
1 0.348958333984375 0.295 0.352083333984375 0.2925 0.35 0.278333333984375 0.353125 0.27 0.353125 0.260833333984375 0.343229166015625 0.238333333984375 0.340625 0.238333333984375 0.338541666015625 0.245833333984375 0.341145833984375 0.265 0.338541666015625 0.28 0.34375 0.293333333984375 0.348958333984375 0.295
1 0.5296875 0.240833333984375 0.5234375 0.2025 0.522395833984375 0.199166666015625 0.518229166015625 0.2025 0.518229166015625 0.245833333984375 0.51875 0.251666666015625 0.522395833984375 0.254166666015625 0.5296875 0.240833333984375
1 0.425 0.199166666015625 0.416145833984375 0.1875 0.4125 0.189166666015625 0.4109375 0.206666666015625 0.414583333984375 0.22 0.422395833984375 0.235 0.425 0.199166666015625
1 0.425520833984375 0.200833333984375 0.428125 0.199166666015625 0.43125 0.168333333984375 0.427083333984375 0.155 0.423958333984375 0.154166666015625 0.4203125 0.1675 0.4203125 0.175833333984375 0.422395833984375 0.196666666015625 0.425520833984375 0.200833333984375
1 0.449479166015625 0.125833333984375 0.445833333984375 0.1275 0.445833333984375 0.164166666015625 0.452604166015625 0.164166666015625 0.452604166015625 0.135 0.449479166015625 0.125833333984375
1 0.463020833984375 0.105 0.459375 0.109166666015625 0.458854166015625 0.118333333984375 0.463541666015625 0.140833333984375 0.466145833984375 0.115833333984375 0.463020833984375 0.105
1 0.5015625 0.1725 0.4984375 0.154166666015625 0.49375 0.154166666015625 0.4921875 0.181666666015625 0.494270833984375 0.196666666015625 0.497916666015625 0.2025 0.5015625 0.1725
1 0.517708333984375 0.175833333984375 0.511979166015625 0.163333333984375 0.5078125 0.171666666015625 0.507291666015625 0.195 0.508333333984375 0.199166666015625 0.511979166015625 0.2 0.517708333984375 0.175833333984375
1 0.546875 0.110833333984375 0.544791666015625 0.113333333984375 0.543229166015625 0.143333333984375 0.546875 0.143333333984375 0.5484375 0.115833333984375 0.546875 0.110833333984375
0 0.505729166015625 0.118333333984375 0.5015625 0.108333333984375 0.4984375 0.124166666015625 0.497916666015625 0.135833333984375 0.5015625 0.143333333984375 0.505729166015625 0.124166666015625 0.505729166015625 0.118333333984375