0 0.48125 0.4075 0.472395833984375 0.389166666015625 0.468229166015625 0.3725 0.4625 0.374166666015625 0.455729166015625 0.395 0.4546875 0.404166666015625 0.459895833984375 0.433333333984375 0.480729166015625 0.435833333984375 0.48125 0.4075
3 0.3837890625 0.251953125 0.0029296875 0.0048828125
1 0.372395833984375 0.255833333984375 0.371875 0.271666666015625 0.372395833984375 0.274166666015625 0.375520833984375 0.279166666015625 0.3765625 0.285 0.378645833984375 0.2875 0.380208333984375 0.2875 0.381770833984375 0.285833333984375 0.3828125 0.2825 0.380208333984375 0.2725 0.380208333984375 0.2675 0.381770833984375 0.26 0.38125 0.2475 0.377604166015625 0.235 0.373958333984375 0.230833333984375 0.372916666015625 0.225 0.369791666015625 0.223333333984375 0.36875 0.225 0.368229166015625 0.228333333984375 0.369791666015625 0.2375 0.369791666015625 0.244166666015625 0.372395833984375 0.255833333984375
1 0.414583333984375 0.2525 0.415104166015625 0.264166666015625 0.415104166015625 0.268333333984375 0.413541666015625 0.273333333984375 0.413541666015625 0.28 0.414583333984375 0.284166666015625 0.416666666015625 0.2875 0.4171875 0.293333333984375 0.418229166015625 0.295833333984375 0.4203125 0.293333333984375 0.428125 0.290833333984375 0.428645833984375 0.285 0.427083333984375 0.283333333984375 0.4265625 0.280833333984375 0.425 0.27 0.425520833984375 0.264166666015625 0.422916666015625 0.251666666015625 0.421354166015625 0.246666666015625 0.417708333984375 0.240833333984375 0.4171875 0.2375 0.414583333984375 0.235 0.413541666015625 0.235833333984375 0.4125 0.2375 0.4125 0.241666666015625 0.413541666015625 0.244166666015625 0.414583333984375 0.2525
1 0.391666666015625 0.218333333984375 0.392708333984375 0.220833333984375 0.397916666015625 0.220833333984375 0.398958333984375 0.22 0.399479166015625 0.2175 0.4 0.200833333984375 0.402083333984375 0.190833333984375 0.402083333984375 0.188333333984375 0.397395833984375 0.175833333984375 0.396354166015625 0.175 0.39375 0.175 0.3921875 0.1825 0.390625 0.185 0.390104166015625 0.2 0.390625 0.21 0.391666666015625 0.213333333984375 0.391666666015625 0.218333333984375
1 0.545833333984375 0.1975 0.541145833984375 0.1825 0.5375 0.185 0.5328125 0.206666666015625 0.539583333984375 0.2325 0.543229166015625 0.225833333984375 0.545833333984375 0.1975
2 0.6515625 0.255 0.647395833984375 0.234166666015625 0.642708333984375 0.233333333984375 0.634895833984375 0.2525 0.633854166015625 0.276666666015625 0.636458333984375 0.2925 0.640104166015625 0.294166666015625 0.6515625 0.255
1 0.531770833984375 0.17 0.528125 0.153333333984375 0.525520833984375 0.153333333984375 0.522916666015625 0.164166666015625 0.522395833984375 0.194166666015625 0.5265625 0.185 0.530729166015625 0.185 0.531770833984375 0.17
1 0.434375 0.1575 0.429166666015625 0.144166666015625 0.425 0.156666666015625 0.425 0.191666666015625 0.427083333984375 0.191666666015625 0.431770833984375 0.184166666015625 0.434375 0.1575
1 0.505208333984375 0.181666666015625 0.506770833984375 0.158333333984375 0.5046875 0.1425 0.5015625 0.140833333984375 0.498958333984375 0.151666666015625 0.498958333984375 0.171666666015625 0.501041666015625 0.183333333984375 0.503125 0.184166666015625 0.505208333984375 0.181666666015625
1 0.554166666015625 0.1125 0.55 0.110833333984375 0.5484375 0.120833333984375 0.547916666015625 0.1375 0.552083333984375 0.139166666015625 0.553645833984375 0.1375 0.554166666015625 0.1125
1 0.45 0.13 0.454180208984375 0.162975 0.456770833984375 0.134166666015625 0.453125 0.125833333984375 0.45 0.13
0 0.5015625 0.11 0.497916666015625 0.111666666015625 0.497395833984375 0.1375 0.5015625 0.141666666015625 0.505208333984375 0.119166666015625 0.5015625 0.11
1 0.459163541015625 0.104263333984375 0.457593228515625 0.104891666015625 0.455238021484375 0.111800833984375 0.4574625 0.1392275 0.461388021484375 0.1377625 0.462565625 0.110963333984375 0.459163541015625 0.104263333984375
2 0.455630208984375 0.1277125 0.454452603515625 0.113894166015625 0.455106771484375 0.109288333984375 0.456284896484375 0.105100833984375 0.459425 0.103216666015625 0.45955625 0.101541666015625 0.4548453125 0.101541666015625 0.453144271484375 0.1094975 0.454583853515625 0.126665833984375 0.455630208984375 0.1277125