1 0.196875 0.5325 0.205208333984375 0.555 0.208333333984375 0.560833333984375 0.213541666015625 0.5625 0.213541666015625 0.556666666015625 0.221875 0.55 0.226041666015625 0.561666666015625 0.231770833984375 0.560833333984375 0.217708333984375 0.511666666015625 0.218229166015625 0.494166666015625 0.215625 0.486666666015625 0.2 0.473333333984375 0.1953125 0.4625 0.190625 0.4625 0.1875 0.466666666015625 0.190625 0.480833333984375 0.186979166015625 0.496666666015625 0.193229166015625 0.511666666015625 0.196875 0.5325
3 0.1982421875 0.55078125 0.005859375 0.009765625
1 0.278125 0.36 0.274479166015625 0.379166666015625 0.279166666015625 0.38 0.281770833984375 0.375833333984375 0.283854166015625 0.3625 0.291145833984375 0.361666666015625 0.295833333984375 0.3725 0.296354166015625 0.385833333984375 0.3 0.386666666015625 0.296354166015625 0.338333333984375 0.280208333984375 0.315 0.276041666015625 0.313333333984375 0.2734375 0.316666666015625 0.275 0.346666666015625 0.269270833984375 0.355833333984375 0.2734375 0.355 0.278125 0.36
0 0.428645833984375 0.4375 0.433333333984375 0.4325 0.438541666015625 0.450833333984375 0.447916666015625 0.446666666015625 0.459895833984375 0.435833333984375 0.459375 0.431666666015625 0.447395833984375 0.423333333984375 0.446875 0.396666666015625 0.443229166015625 0.376666666015625 0.439583333984375 0.3725 0.435416666015625 0.375 0.433854166015625 0.38 0.434895833984375 0.393333333984375 0.433333333984375 0.404166666015625 0.424479166015625 0.410833333984375 0.421875 0.418333333984375 0.422916666015625 0.428333333984375 0.419791666015625 0.431666666015625 0.420833333984375 0.435 0.428645833984375 0.4375
2 0.638541666015625 0.5525 0.640625 0.5275 0.639583333984375 0.4975 0.636979166015625 0.491666666015625 0.6328125 0.489166666015625 0.6265625 0.494166666015625 0.619270833984375 0.53 0.619270833984375 0.578333333984375 0.6328125 0.580833333984375 0.633854166015625 0.568333333984375 0.638541666015625 0.5525
1 0.51875 0.401666666015625 0.5203125 0.3875 0.527083333984375 0.381666666015625 0.53125 0.410833333984375 0.5328125 0.414166666015625 0.5359375 0.413333333984375 0.5328125 0.368333333984375 0.536979166015625 0.353333333984375 0.536979166015625 0.345 0.533854166015625 0.333333333984375 0.530208333984375 0.33 0.528125 0.316666666015625 0.5234375 0.315 0.521354166015625 0.3175 0.511979166015625 0.349166666015625 0.510416666015625 0.363333333984375 0.516145833984375 0.369166666015625 0.515625 0.400833333984375 0.51875 0.401666666015625
1 0.565104166015625 0.381666666015625 0.570833333984375 0.365833333984375 0.571875 0.340833333984375 0.577604166015625 0.320833333984375 0.565625 0.295 0.561979166015625 0.296666666015625 0.558333333984375 0.311666666015625 0.5578125 0.328333333984375 0.563541666015625 0.3575 0.561458333984375 0.369166666015625 0.565104166015625 0.381666666015625
1 0.666145833984375 0.408333333984375 0.668229166015625 0.411666666015625 0.672395833984375 0.405 0.677604166015625 0.366666666015625 0.683854166015625 0.345 0.672916666015625 0.3175 0.66875 0.319166666015625 0.663020833984375 0.335 0.658333333984375 0.355833333984375 0.6609375 0.359166666015625 0.6640625 0.373333333984375 0.666145833984375 0.408333333984375
1 0.427083333984375 0.293333333984375 0.432291666015625 0.296666666015625 0.431770833984375 0.250833333984375 0.425 0.2325 0.4203125 0.233333333984375 0.422395833984375 0.254166666015625 0.41875 0.261666666015625 0.422916666015625 0.263333333984375 0.427083333984375 0.293333333984375
1 0.318229166015625 0.259166666015625 0.322395833984375 0.250833333984375 0.322916666015625 0.209166666015625 0.3140625 0.196666666015625 0.310416666015625 0.195833333984375 0.309375 0.199166666015625 0.308854166015625 0.218333333984375 0.3125 0.2275 0.316145833984375 0.256666666015625 0.318229166015625 0.259166666015625
1 0.427083333984375 0.158333333984375 0.422916666015625 0.1475 0.419791666015625 0.1475 0.41875 0.150833333984375 0.41875 0.169166666015625 0.421354166015625 0.1825 0.425 0.189166666015625 0.427083333984375 0.158333333984375
1 0.449479166015625 0.135 0.445833333984375 0.125833333984375 0.441666666015625 0.131666666015625 0.442708333984375 0.164166666015625 0.4484375 0.168333333984375 0.45 0.166666666015625 0.449479166015625 0.135
1 0.505208333984375 0.1575 0.50625 0.131666666015625 0.5046875 0.1275 0.501041666015625 0.128333333984375 0.499479166015625 0.133333333984375 0.5 0.1525 0.5015625 0.1575 0.505208333984375 0.1575
0 0.491145833984375 0.105 0.489583333984375 0.1075 0.489583333984375 0.133333333984375 0.4921875 0.135833333984375 0.495833333984375 0.115 0.491145833984375 0.105
2 0.439583333984375 0.115 0.4375 0.110833333984375 0.434375 0.1125 0.434375 0.138333333984375 0.4359375 0.14 0.440104166015625 0.133333333984375 0.439583333984375 0.115