2 0.665104166015625 0.4175 0.670833333984375 0.410833333984375 0.6765625 0.380833333984375 0.682291666015625 0.373333333984375 0.680729166015625 0.345 0.677604166015625 0.340833333984375 0.675 0.324166666015625 0.66875 0.325 0.665104166015625 0.341666666015625 0.660416666015625 0.346666666015625 0.659375 0.3525 0.6578125 0.376666666015625 0.661979166015625 0.396666666015625 0.659375 0.414166666015625 0.665104166015625 0.4175
0 0.483854166015625 0.408333333984375 0.476041666015625 0.3925 0.4734375 0.373333333984375 0.471354166015625 0.370833333984375 0.466145833984375 0.3725 0.459895833984375 0.3925 0.459895833984375 0.4325 0.4625 0.435 0.48125 0.435833333984375 0.483854166015625 0.408333333984375
1 0.511979166015625 0.23 0.513541666015625 0.201666666015625 0.5084609375 0.18062 0.504001041015625 0.190330833984375 0.502604166015625 0.2025 0.506770833984375 0.218333333984375 0.5046875 0.223333333984375 0.511979166015625 0.23
1 0.516145833984375 0.175 0.5125 0.166666666015625 0.511979166015625 0.150833333984375 0.5078125 0.1525 0.504714583984375 0.178335 0.507569271484375 0.178049166015625 0.511979166015625 0.193333333984375 0.516145833984375 0.175
1 0.397916666015625 0.233333333984375 0.401041666015625 0.216666666015625 0.4015625 0.195833333984375 0.397395833984375 0.178333333984375 0.393229166015625 0.181666666015625 0.391145833984375 0.195833333984375 0.39375 0.205 0.3953125 0.230833333984375 0.397916666015625 0.233333333984375
1 0.370833333984375 0.1975 0.374479166015625 0.1975 0.376041666015625 0.205833333984375 0.378125 0.205833333984375 0.377083333984375 0.166666666015625 0.373958333984375 0.1575 0.3703125 0.159166666015625 0.368229166015625 0.169166666015625 0.369791666015625 0.188333333984375 0.366145833984375 0.204166666015625 0.369270833984375 0.205 0.370833333984375 0.1975
1 0.546354166015625 0.166666666015625 0.544270833984375 0.140833333984375 0.541145833984375 0.141666666015625 0.538541666015625 0.151666666015625 0.538541666015625 0.1825 0.539583333984375 0.185833333984375 0.543229166015625 0.185833333984375 0.546354166015625 0.166666666015625
1 0.657291666015625 0.1775 0.655022916015625 0.170623333984375 0.652881771484375 0.162911666015625 0.650027603515625 0.16434 0.646994271484375 0.17605 0.647395833984375 0.203333333984375 0.6515625 0.205833333984375 0.658333333984375 0.183333333984375 0.657291666015625 0.1775
1 0.645216666015625 0.166385833984375 0.647397916015625 0.171921666015625 0.649685416015625 0.162468333984375 0.653303125 0.162383333984375 0.654952083984375 0.1674075 0.655696875 0.1621275 0.654260416015625 0.1595725 0.654792708984375 0.149608333984375 0.6521859375 0.149040833984375 0.650589583984375 0.156761666015625 0.647291666015625 0.1595725 0.645216666015625 0.166385833984375
1 0.5557609375 0.160555 0.557279166015625 0.163920833984375 0.561426041015625 0.1616775 0.560841666015625 0.149335833984375 0.559965625 0.145783333984375 0.560608333984375 0.141015 0.562477083984375 0.142510833984375 0.5628859375 0.139706666015625 0.5638203125 0.131385833984375 0.5609 0.1285725 0.554709896484375 0.140828333984375 0.554593228515625 0.146531666015625 0.556811978515625 0.150925833984375 0.5557609375 0.160555
1 0.561250521484375 0.146344166015625 0.561601041015625 0.156255 0.562360416015625 0.162145 0.560023958984375 0.170091666015625 0.563936978515625 0.174299166015625 0.566681771484375 0.163734166015625 0.5658640625 0.158685833984375 0.567148958984375 0.154665 0.565572396484375 0.145315833984375 0.567499478515625 0.141575833984375 0.5673828125 0.1343775 0.565280208984375 0.133478333984375 0.5630609375 0.142978333984375 0.561250521484375 0.142698333984375 0.561250521484375 0.146344166015625
1 0.4609375 0.115833333984375 0.45625 0.1125 0.455208333984375 0.116666666015625 0.452604166015625 0.148333333984375 0.457291666015625 0.1425 0.463020833984375 0.1475 0.4609375 0.115833333984375
2 0.4421875 0.099166666015625 0.4390625 0.098333333984375 0.438541666015625 0.113333333984375 0.442708333984375 0.129166666015625 0.444270833984375 0.110833333984375 0.4421875 0.099166666015625
0 0.508333333984375 0.14 0.509895833984375 0.1375 0.511676041015625 0.1138825 0.508854166015625 0.1125 0.506910416015625 0.1169575 0.50491875 0.121854166015625 0.503125 0.125 0.506483853515625 0.133355 0.508333333984375 0.14