2 0.653125 0.378333333984375 0.653645833984375 0.394166666015625 0.655729166015625 0.395 0.6578125 0.393333333984375 0.658854166015625 0.385 0.658854166015625 0.359166666015625 0.664583333984375 0.333333333984375 0.663541666015625 0.325833333984375 0.659895833984375 0.32 0.658854166015625 0.306666666015625 0.653125 0.309166666015625 0.649479166015625 0.326666666015625 0.644270833984375 0.334166666015625 0.641145833984375 0.386666666015625 0.6453125 0.390833333984375 0.647395833984375 0.384166666015625 0.653125 0.378333333984375
0 0.484375 0.41 0.474479166015625 0.384166666015625 0.473958333984375 0.3725 0.471354166015625 0.37 0.466666666015625 0.371666666015625 0.4609375 0.39 0.458854166015625 0.413333333984375 0.459895833984375 0.4325 0.48125 0.435833333984375 0.484375 0.41
1 0.4640625 0.193333333984375 0.469270833984375 0.193333333984375 0.4703125 0.198333333984375 0.4734375 0.198333333984375 0.4734375 0.171666666015625 0.467708333984375 0.148333333984375 0.465625 0.15 0.463541666015625 0.160833333984375 0.465104166015625 0.175 0.459375 0.191666666015625 0.459895833984375 0.198333333984375 0.4640625 0.193333333984375
1 0.446354166015625 0.184166666015625 0.440625 0.161666666015625 0.4390625 0.160833333984375 0.4359375 0.1725 0.439583333984375 0.195833333984375 0.442708333984375 0.199166666015625 0.446354166015625 0.1925 0.446354166015625 0.184166666015625
1 0.409375 0.1575 0.404166666015625 0.1475 0.400520833984375 0.150833333984375 0.401041666015625 0.188333333984375 0.404166666015625 0.194166666015625 0.408854166015625 0.183333333984375 0.409375 0.1575
1 0.371875 0.153333333984375 0.369791666015625 0.1475 0.3625 0.1525 0.361979166015625 0.1575 0.369270833984375 0.188333333984375 0.372916666015625 0.189166666015625 0.371875 0.153333333984375
1 0.500520833984375 0.134166666015625 0.496875 0.141666666015625 0.4984375 0.171666666015625 0.502604166015625 0.158333333984375 0.505208333984375 0.138333333984375 0.500520833984375 0.134166666015625
0 0.490625 0.134166666015625 0.491666666015625 0.1375 0.49375 0.139166666015625 0.494791666015625 0.139166666015625 0.495833333984375 0.136666666015625 0.497916666015625 0.119166666015625 0.496354166015625 0.114166666015625 0.494270833984375 0.110833333984375 0.491145833984375 0.110833333984375 0.490104166015625 0.1125 0.490104166015625 0.118333333984375 0.489583333984375 0.119166666015625 0.489583333984375 0.120833333984375 0.490625 0.134166666015625
1 0.428645833984375 0.145 0.432291666015625 0.145 0.434895833984375 0.1475 0.4359375 0.1475 0.436458333984375 0.143333333984375 0.435416666015625 0.118333333984375 0.433333333984375 0.114166666015625 0.431770833984375 0.113333333984375 0.430729166015625 0.115 0.429166666015625 0.119166666015625 0.429166666015625 0.124166666015625 0.428645833984375 0.125 0.428645833984375 0.1325 0.428125 0.133333333984375 0.428125 0.144166666015625 0.428645833984375 0.145
2 0.441145833984375 0.125 0.4421875 0.126666666015625 0.442708333984375 0.126666666015625 0.443229166015625 0.125833333984375 0.443229166015625 0.118333333984375 0.44375 0.1175 0.44375 0.1075 0.442708333984375 0.1 0.4421875 0.098333333984375 0.441145833984375 0.0975 0.439583333984375 0.0975 0.4390625 0.096666666015625 0.4390625 0.099166666015625 0.438541666015625 0.1 0.438541666015625 0.104166666015625 0.438020833984375 0.105 0.438020833984375 0.115833333984375 0.441145833984375 0.125
1 0.530729166015625 0.146666666015625 0.530729166015625 0.149166666015625 0.529166666015625 0.154166666015625 0.530729166015625 0.156666666015625 0.532291666015625 0.1575 0.5359375 0.1575 0.536979166015625 0.154166666015625 0.536979166015625 0.139166666015625 0.536458333984375 0.138333333984375 0.536458333984375 0.135 0.5359375 0.134166666015625 0.5359375 0.128333333984375 0.5328125 0.125 0.532291666015625 0.13 0.53125 0.1325 0.53125 0.135 0.530729166015625 0.135833333984375 0.530729166015625 0.138333333984375 0.53125 0.139166666015625 0.53125 0.145833333984375 0.530729166015625 0.146666666015625
1 0.5375 0.1575 0.540104166015625 0.158333333984375 0.543229166015625 0.153333333984375 0.543229166015625 0.145833333984375 0.54375 0.145 0.54375 0.141666666015625 0.544270833984375 0.140833333984375 0.544270833984375 0.133333333984375 0.54375 0.1325 0.543229166015625 0.126666666015625 0.541666666015625 0.123333333984375 0.541145833984375 0.123333333984375 0.539583333984375 0.120833333984375 0.5390625 0.120833333984375 0.5375 0.123333333984375 0.536458333984375 0.129166666015625 0.536458333984375 0.130833333984375 0.536979166015625 0.131666666015625 0.5375 0.1575
1 0.586565103515625 0.181875 0.585759375 0.1874175 0.585678646484375 0.193990833984375 0.585276041015625 0.199405 0.588740103515625 0.203915833984375 0.587934375 0.207396666015625 0.5837453125 0.20817 0.5837453125 0.2119075 0.5873703125 0.21629 0.591076041015625 0.21281 0.594218228515625 0.208298333984375 0.5934125 0.2049475 0.5913984375 0.202111666015625 0.5899484375 0.197729166015625 0.589626041015625 0.1943775 0.5913984375 0.191541666015625 0.593090103515625 0.187545833984375 0.594459896484375 0.183936666015625 0.593654166015625 0.1821325 0.594379166015625 0.178394166015625 0.594782291015625 0.172851666015625 0.591076041015625 0.172465 0.590351041015625 0.17543 0.589142708984375 0.179039166015625 0.586565103515625 0.181875
1 0.595345833984375 0.18471 0.593331771484375 0.188705833984375 0.591318228515625 0.19412 0.5906734375 0.198245 0.5919625 0.201466666015625 0.5934125 0.2043025 0.594620833984375 0.206880833984375 0.595265625 0.208298333984375 0.595104166015625 0.209974166015625 0.5941375 0.211134166015625 0.590109375 0.214615 0.588336978515625 0.216805833984375 0.592204166015625 0.218610833984375 0.5919625 0.219641666015625 0.5913984375 0.221575 0.5921234375 0.22454 0.593331771484375 0.2271175 0.595748958984375 0.228664166015625 0.597521353515625 0.226730833984375 0.596393228515625 0.22338 0.595023958984375 0.220544166015625 0.595990625 0.216548333984375 0.598648958984375 0.2130675 0.599938021484375 0.209974166015625 0.598246353515625 0.205205 0.600663021484375 0.205591666015625 0.602596353515625 0.206880833984375 0.605255208984375 0.206365 0.605899478515625 0.2031425 0.604046875 0.200306666015625 0.601791146484375 0.200565 0.6001796875 0.200435833984375 0.599132291015625 0.1973425 0.598971353515625 0.191928333984375 0.599938021484375 0.185999166015625 0.602435416015625 0.181616666015625 0.6030796875 0.176976666015625 0.60074375 0.174398333984375 0.598246353515625 0.175945 0.596715625 0.180199166015625 0.595345833984375 0.18471