0 0.474479166015625 0.38125 0.473958333984375 0.373333333984375 0.471354166015625 0.370833333984375 0.466666666015625 0.3725 0.459895833984375 0.3925 0.459895833984375 0.433333333984375 0.48125 0.435833333984375 0.483333333984375 0.41 0.474479166015625 0.38125
2 0.652604166015625 0.254166666015625 0.647916666015625 0.235833333984375 0.64375 0.2375 0.636458333984375 0.258333333984375 0.634375 0.301666666015625 0.641145833984375 0.309166666015625 0.652604166015625 0.27 0.652604166015625 0.254166666015625
1 0.5453125 0.22 0.542708333984375 0.199166666015625 0.5390625 0.199166666015625 0.534375 0.215833333984375 0.535416666015625 0.2325 0.529166666015625 0.255 0.543229166015625 0.2575 0.5453125 0.22
1 0.671875 0.195833333984375 0.6703125 0.171666666015625 0.663020833984375 0.175833333984375 0.6609375 0.181666666015625 0.6609375 0.2075 0.666145833984375 0.2125 0.668229166015625 0.210833333984375 0.671875 0.195833333984375
1 0.566666666015625 0.143333333984375 0.565104166015625 0.129166666015625 0.563541666015625 0.1275 0.559375 0.136666666015625 0.559375 0.160833333984375 0.561458333984375 0.1625 0.564583333984375 0.158333333984375 0.566666666015625 0.143333333984375
1 0.541145833984375 0.160833333984375 0.541145833984375 0.136666666015625 0.539583333984375 0.133333333984375 0.536458333984375 0.135833333984375 0.533854166015625 0.146666666015625 0.534375 0.175833333984375 0.538020833984375 0.178333333984375 0.540104166015625 0.175833333984375 0.541145833984375 0.160833333984375
1 0.5179578125 0.145265833984375 0.514496353515625 0.154224166015625 0.515765625 0.155886666015625 0.522861978515625 0.159211666015625 0.52263125 0.1392625 0.524015625 0.134920833984375 0.523265625 0.13095 0.522227083984375 0.125685 0.52263125 0.120143333984375 0.5212953125 0.1199225 0.520719791015625 0.122414166015625 0.518188541015625 0.124576666015625 0.517438541015625 0.1308575 0.5179578125 0.145265833984375
1 0.523265625 0.136675833984375 0.523265625 0.149975833984375 0.528515625 0.1539475 0.528111978515625 0.140924166015625 0.528054166015625 0.1224525 0.526842708984375 0.121753333984375 0.5233234375 0.128825 0.524419271484375 0.134275 0.523265625 0.136675833984375
0 0.497916666015625 0.144166666015625 0.499479166015625 0.141666666015625 0.500520833984375 0.1375 0.5 0.121666666015625 0.499479166015625 0.119166666015625 0.4984375 0.1175 0.4953125 0.1175 0.494791666015625 0.116666666015625 0.492708333984375 0.123333333984375 0.4921875 0.135 0.492708333984375 0.139166666015625 0.494791666015625 0.1425 0.497916666015625 0.144166666015625
1 0.504166666015625 0.175 0.505208333984375 0.174166666015625 0.505729166015625 0.1725 0.50625 0.1575 0.50625 0.145 0.505729166015625 0.144166666015625 0.505729166015625 0.136666666015625 0.5046875 0.130833333984375 0.5015625 0.13 0.499479166015625 0.146666666015625 0.498958333984375 0.171666666015625 0.499479166015625 0.173333333984375 0.501041666015625 0.175 0.504166666015625 0.175
1 0.488541666015625 0.1775 0.488020833984375 0.178333333984375 0.494270833984375 0.181666666015625 0.496354166015625 0.178333333984375 0.497395833984375 0.175 0.497916666015625 0.175 0.496875 0.171666666015625 0.496354166015625 0.155 0.4953125 0.15 0.4953125 0.144166666015625 0.491666666015625 0.139166666015625 0.490104166015625 0.139166666015625 0.488020833984375 0.143333333984375 0.4875 0.1475 0.489583333984375 0.169166666015625 0.4890625 0.17 0.488541666015625 0.1775
1 0.447916666015625 0.159166666015625 0.447916666015625 0.155 0.447395833984375 0.154166666015625 0.447395833984375 0.151666666015625 0.446875 0.150833333984375 0.446354166015625 0.135833333984375 0.444791666015625 0.13 0.442708333984375 0.1275 0.441145833984375 0.1275 0.439583333984375 0.13 0.440104166015625 0.1575 0.445833333984375 0.160833333984375 0.447916666015625 0.159166666015625
2 0.437097916015625 0.108406666015625 0.438260416015625 0.114280833984375 0.438696353515625 0.130215 0.441021353515625 0.127133333984375 0.443128125 0.127133333984375 0.443963541015625 0.124166666015625 0.442910416015625 0.1109075 0.442619791015625 0.102300833984375 0.442002083984375 0.09695 0.439459375 0.097125 0.439095833984375 0.101486666015625 0.437243228515625 0.101660833984375 0.437097916015625 0.108406666015625