1 0.2640625 0.525833333984375 0.269791666015625 0.568333333984375 0.272395833984375 0.57 0.274479166015625 0.5675 0.276041666015625 0.555 0.2796875 0.551666666015625 0.2875 0.554166666015625 0.299479166015625 0.569166666015625 0.307291666015625 0.5675 0.291145833984375 0.543333333984375 0.291666666015625 0.5325 0.289583333984375 0.5225 0.275 0.490833333984375 0.269270833984375 0.486666666015625 0.259895833984375 0.485833333984375 0.256770833984375 0.48 0.253645833984375 0.48 0.248958333984375 0.485833333984375 0.250520833984375 0.493333333984375 0.25625 0.499166666015625 0.259375 0.515833333984375 0.2640625 0.525833333984375
1 0.334895833984375 0.363333333984375 0.333333333984375 0.349583333984375 0.3375 0.340833333984375 0.347395833984375 0.350833333984375 0.348958333984375 0.361666666015625 0.352083333984375 0.360833333984375 0.352604166015625 0.355 0.3421875 0.328333333984375 0.340625 0.303333333984375 0.330729166015625 0.2875 0.327083333984375 0.286666666015625 0.325 0.29 0.324479166015625 0.31 0.3296875 0.354166666015625 0.327604166015625 0.366666666015625 0.334895833984375 0.363333333984375
1 0.339583333984375 0.270833333984375 0.340104166015625 0.224166666015625 0.33125 0.203333333984375 0.327083333984375 0.206666666015625 0.326041666015625 0.233333333984375 0.332291666015625 0.251666666015625 0.335416666015625 0.269166666015625 0.339583333984375 0.270833333984375
1 0.419270833984375 0.164166666015625 0.414583333984375 0.15 0.4109375 0.1525 0.409895833984375 0.178333333984375 0.411979166015625 0.1925 0.415104166015625 0.1975 0.419270833984375 0.164166666015625
1 0.460416666015625 0.16 0.458854166015625 0.125 0.455208333984375 0.1225 0.452083333984375 0.133333333984375 0.4515625 0.161666666015625 0.453125 0.165 0.45625 0.16 0.460416666015625 0.16
1 0.458854166015625 0.299166666015625 0.464583333984375 0.301666666015625 0.4671875 0.298333333984375 0.4640625 0.281666666015625 0.465104166015625 0.261666666015625 0.459895833984375 0.239166666015625 0.45625 0.236666666015625 0.454166666015625 0.24 0.456770833984375 0.255 0.452083333984375 0.268333333984375 0.458854166015625 0.291666666015625 0.458854166015625 0.299166666015625
1 0.511979166015625 0.374166666015625 0.513541666015625 0.368333333984375 0.511979166015625 0.3325 0.516666666015625 0.31 0.50625 0.284166666015625 0.5015625 0.283333333984375 0.499479166015625 0.288333333984375 0.494791666015625 0.313333333984375 0.4984375 0.3625 0.509375 0.3675 0.511979166015625 0.374166666015625
1 0.539583333984375 0.401666666015625 0.543229166015625 0.393333333984375 0.552083333984375 0.389166666015625 0.549479166015625 0.360833333984375 0.555729166015625 0.338333333984375 0.5484375 0.325 0.546354166015625 0.3125 0.543229166015625 0.31 0.539583333984375 0.3125 0.5359375 0.33 0.5359375 0.349166666015625 0.541145833984375 0.375 0.5359375 0.400833333984375 0.539583333984375 0.401666666015625
1 0.632291666015625 0.4275 0.63125 0.438333333984375 0.633854166015625 0.441666666015625 0.633854166015625 0.451666666015625 0.636979166015625 0.454166666015625 0.640104166015625 0.4475 0.647395833984375 0.409166666015625 0.647916666015625 0.385833333984375 0.642708333984375 0.355833333984375 0.636979166015625 0.353333333984375 0.634375 0.358333333984375 0.635416666015625 0.379166666015625 0.631770833984375 0.3925 0.629166666015625 0.419166666015625 0.632291666015625 0.4275
2 0.6515625 0.580833333984375 0.653125 0.5725 0.657291666015625 0.565833333984375 0.659895833984375 0.531666666015625 0.649479166015625 0.489166666015625 0.64375 0.488333333984375 0.638541666015625 0.4975 0.636458333984375 0.525 0.630729166015625 0.556666666015625 0.629166666015625 0.578333333984375 0.631770833984375 0.580833333984375 0.638020833984375 0.5775 0.6515625 0.580833333984375
0 0.434895833984375 0.433333333984375 0.439583333984375 0.4525 0.438541666015625 0.456666666015625 0.459375 0.435 0.458333333984375 0.431666666015625 0.447916666015625 0.425 0.446875 0.4 0.442708333984375 0.3875 0.4421875 0.376666666015625 0.439583333984375 0.373333333984375 0.4359375 0.374166666015625 0.4328125 0.38 0.431770833984375 0.404166666015625 0.421875 0.4175 0.421354166015625 0.4325 0.428645833984375 0.4375 0.4296875 0.434166666015625 0.434895833984375 0.433333333984375
0 0.497842708984375 0.109139166015625 0.4935328125 0.118174166015625 0.494424478515625 0.139098333984375 0.49903125 0.139336666015625 0.499922916015625 0.117223333984375 0.497842708984375 0.109139166015625
1 0.499479166015625 0.14 0.500520833984375 0.143333333984375 0.500520833984375 0.1475 0.501041666015625 0.149166666015625 0.503125 0.154166666015625 0.505208333984375 0.156666666015625 0.50625 0.153333333984375 0.50625 0.146666666015625 0.506770833984375 0.145833333984375 0.507291666015625 0.123333333984375 0.506770833984375 0.1225 0.505867708984375 0.1226925 0.505124478515625 0.121979166015625 0.504084375 0.12079 0.503638541015625 0.121265833984375 0.501855208984375 0.1226925 0.501260416015625 0.124594166015625 0.498958333984375 0.135 0.499479166015625 0.135833333984375 0.499479166015625 0.14
2 0.441145833984375 0.1325 0.441145833984375 0.136666666015625 0.4421875 0.138333333984375 0.442708333984375 0.138333333984375 0.44375 0.136666666015625 0.444791666015625 0.126666666015625 0.444791666015625 0.12 0.4453125 0.119166666015625 0.4453125 0.115833333984375 0.444791666015625 0.115 0.444791666015625 0.1125 0.4436 0.109139166015625 0.442708333984375 0.1060475 0.440479166015625 0.1055725 0.439583333984375 0.110833333984375 0.4390625 0.113333333984375 0.438020833984375 0.115 0.438020833984375 0.1225 0.441145833984375 0.1325