1 0.344270833984375 0.463333333984375 0.346875 0.470833333984375 0.355729166015625 0.473333333984375 0.3578125 0.465 0.354166666015625 0.453333333984375 0.348958333984375 0.4075 0.338541666015625 0.3875 0.333854166015625 0.386666666015625 0.33125 0.390833333984375 0.329166666015625 0.421666666015625 0.33125 0.439166666015625 0.3359375 0.455 0.344270833984375 0.463333333984375
3 0.314453125 0.5439453125 0.0048828125 0.0078125
2 0.6421875 0.575833333984375 0.64375 0.579166666015625 0.647916666015625 0.579166666015625 0.6515625 0.565833333984375 0.659895833984375 0.553333333984375 0.663541666015625 0.5225 0.669791666015625 0.511666666015625 0.6734375 0.499166666015625 0.669791666015625 0.488333333984375 0.663020833984375 0.48 0.661458333984375 0.463333333984375 0.654166666015625 0.4625 0.650520833984375 0.4675 0.649479166015625 0.476666666015625 0.643229166015625 0.485 0.636979166015625 0.508333333984375 0.636458333984375 0.515833333984375 0.640625 0.5175 0.6421875 0.524166666015625 0.6421875 0.575833333984375
0 0.4203125 0.431666666015625 0.432291666015625 0.44 0.439583333984375 0.435833333984375 0.435416666015625 0.3975 0.428645833984375 0.374166666015625 0.424479166015625 0.3725 0.421354166015625 0.376666666015625 0.417708333984375 0.404166666015625 0.413020833984375 0.4175 0.4109375 0.428333333984375 0.413541666015625 0.4325 0.41875 0.434166666015625 0.4203125 0.431666666015625
1 0.524479166015625 0.406666666015625 0.524479166015625 0.410833333984375 0.5296875 0.411666666015625 0.5359375 0.420833333984375 0.536458333984375 0.436666666015625 0.543229166015625 0.439166666015625 0.541666666015625 0.429166666015625 0.543229166015625 0.399166666015625 0.548958333984375 0.389166666015625 0.553125 0.390833333984375 0.554166666015625 0.386666666015625 0.5515625 0.368333333984375 0.547916666015625 0.361666666015625 0.54375 0.344166666015625 0.538541666015625 0.345833333984375 0.534895833984375 0.361666666015625 0.5265625 0.369166666015625 0.526041666015625 0.375833333984375 0.53125 0.386666666015625 0.532291666015625 0.398333333984375 0.528125 0.405833333984375 0.524479166015625 0.406666666015625
1 0.51875 0.403333333984375 0.525520833984375 0.3725 0.524479166015625 0.3525 0.5265625 0.3425 0.5296875 0.338333333984375 0.518229166015625 0.311666666015625 0.5140625 0.31 0.511458333984375 0.313333333984375 0.5078125 0.34 0.515625 0.389166666015625 0.515104166015625 0.400833333984375 0.51875 0.403333333984375
1 0.357291666015625 0.345833333984375 0.35625 0.34 0.358333333984375 0.325 0.3609375 0.3225 0.364583333984375 0.325 0.369270833984375 0.340833333984375 0.372916666015625 0.340833333984375 0.366666666015625 0.311666666015625 0.3671875 0.289166666015625 0.358854166015625 0.28 0.355729166015625 0.270833333984375 0.35 0.270833333984375 0.3515625 0.313333333984375 0.355729166015625 0.338333333984375 0.354166666015625 0.348333333984375 0.357291666015625 0.345833333984375
1 0.4875 0.335 0.494270833984375 0.310833333984375 0.497395833984375 0.284166666015625 0.488541666015625 0.255833333984375 0.483854166015625 0.255833333984375 0.483333333984375 0.2675 0.475 0.29 0.4828125 0.296666666015625 0.4875 0.335
1 0.501041666015625 0.256666666015625 0.495833333984375 0.2375 0.490625 0.236666666015625 0.4890625 0.253333333984375 0.497395833984375 0.276666666015625 0.497916666015625 0.283333333984375 0.501041666015625 0.256666666015625
1 0.359895833984375 0.2325 0.365625 0.255833333984375 0.365104166015625 0.268333333984375 0.369791666015625 0.268333333984375 0.375520833984375 0.261666666015625 0.3765625 0.265 0.3796875 0.265 0.3796875 0.258333333984375 0.371875 0.241666666015625 0.371354166015625 0.219166666015625 0.3625 0.203333333984375 0.358333333984375 0.206666666015625 0.360416666015625 0.221666666015625 0.359375 0.229166666015625 0.356770833984375 0.230833333984375 0.359895833984375 0.2325
1 0.415625 0.1575 0.411979166015625 0.148333333984375 0.4078125 0.15 0.408333333984375 0.1925 0.411458333984375 0.193333333984375 0.414583333984375 0.188333333984375 0.415625 0.1575
1 0.5125 0.1225 0.511979166015625 0.119166666015625 0.50625 0.119166666015625 0.505729166015625 0.140833333984375 0.508854166015625 0.148333333984375 0.5109375 0.144166666015625 0.5125 0.1225
0 0.505010416015625 0.11642 0.501626041015625 0.108604166015625 0.498963021484375 0.11491 0.500183853515625 0.13969 0.503567708984375 0.138445833984375 0.505010416015625 0.11642
1 0.461979166015625 0.139166666015625 0.4625 0.14 0.4625 0.145833333984375 0.461458333984375 0.15 0.461458333984375 0.155833333984375 0.4625 0.1575 0.4671875 0.1575 0.468229166015625 0.156666666015625 0.4703125 0.1525 0.4703125 0.15 0.469791666015625 0.149166666015625 0.469270833984375 0.129166666015625 0.46875 0.128333333984375 0.468229166015625 0.124166666015625 0.466666666015625 0.121666666015625 0.463020833984375 0.12 0.461458333984375 0.1225 0.461458333984375 0.133333333984375 0.461979166015625 0.134166666015625 0.461979166015625 0.139166666015625
2 0.445833333984375 0.104166666015625 0.442708333984375 0.1075 0.443229166015625 0.13 0.446354166015625 0.135 0.448958333984375 0.111666666015625 0.445833333984375 0.104166666015625