0 0.48125 0.435833333984375 0.483333333984375 0.410833333984375 0.4734375 0.373333333984375 0.471354166015625 0.370833333984375 0.466145833984375 0.3725 0.459375 0.39 0.458333333984375 0.4225 0.459895833984375 0.4325 0.4625 0.435 0.48125 0.435833333984375
2 0.649479166015625 0.224166666015625 0.649479166015625 0.209166666015625 0.644791666015625 0.193333333984375 0.641145833984375 0.195833333984375 0.6359375 0.216666666015625 0.636979166015625 0.250833333984375 0.64375 0.251666666015625 0.645833333984375 0.234166666015625 0.649479166015625 0.224166666015625
1 0.579166666015625 0.229166666015625 0.580729166015625 0.2375 0.584895833984375 0.234166666015625 0.58125 0.224166666015625 0.575 0.188333333984375 0.571354166015625 0.191666666015625 0.571875 0.205 0.567708333984375 0.223333333984375 0.5671875 0.238333333984375 0.571354166015625 0.2375 0.5734375 0.225 0.579166666015625 0.229166666015625
1 0.617708333984375 0.149166666015625 0.615625 0.141666666015625 0.6125 0.1425 0.609375 0.160833333984375 0.608333333984375 0.181666666015625 0.616145833984375 0.180833333984375 0.617708333984375 0.178333333984375 0.617708333984375 0.149166666015625
1 0.5984375 0.1575 0.597395833984375 0.135 0.5953125 0.126666666015625 0.593229166015625 0.129166666015625 0.588541666015625 0.160833333984375 0.591666666015625 0.158333333984375 0.5953125 0.161666666015625 0.5984375 0.1575
1 0.516145833984375 0.149166666015625 0.511458333984375 0.1475 0.511458333984375 0.175833333984375 0.515625 0.180833333984375 0.51875 0.160833333984375 0.516145833984375 0.149166666015625
1 0.536979166015625 0.118333333984375 0.534323958984375 0.117120833984375 0.531770833984375 0.144166666015625 0.533854166015625 0.145 0.536979166015625 0.141666666015625 0.536979166015625 0.118333333984375
1 0.522256771484375 0.147635833984375 0.525754166015625 0.145033333984375 0.523958333984375 0.135 0.523958333984375 0.131666666015625 0.524479166015625 0.130833333984375 0.525520833984375 0.126666666015625 0.525520833984375 0.124166666015625 0.526041666015625 0.123333333984375 0.526041666015625 0.115833333984375 0.525520833984375 0.1125 0.521875 0.115 0.5203125 0.1175 0.518229166015625 0.123333333984375 0.517708333984375 0.126666666015625 0.519270833984375 0.1325 0.521354166015625 0.1375 0.522256771484375 0.147635833984375
0 0.513317708984375 0.139593333984375 0.514583333984375 0.129166666015625 0.514583333984375 0.121666666015625 0.513541666015625 0.1175 0.511979166015625 0.115833333984375 0.511347396484375 0.11444 0.509771353515625 0.115306666015625 0.5078125 0.119166666015625 0.507291666015625 0.119166666015625 0.507291666015625 0.12 0.507604166015625 0.1252425 0.507209896484375 0.127370833984375 0.505683333984375 0.128869166015625 0.5046875 0.134166666015625 0.505208333984375 0.135 0.513317708984375 0.139593333984375
1 0.494270833984375 0.144166666015625 0.495833333984375 0.154166666015625 0.495833333984375 0.158333333984375 0.494270833984375 0.164166666015625 0.494791666015625 0.165 0.496875 0.165 0.4984375 0.164166666015625 0.5 0.161666666015625 0.501041666015625 0.1575 0.501041666015625 0.150833333984375 0.503125 0.144166666015625 0.503125 0.139166666015625 0.503645833984375 0.138333333984375 0.504166666015625 0.1325 0.502083333984375 0.1275 0.5 0.1275 0.499479166015625 0.126666666015625 0.496875 0.1275 0.494270833984375 0.1325 0.49375 0.135 0.49375 0.14 0.494270833984375 0.140833333984375 0.494270833984375 0.144166666015625
1 0.4671875 0.143333333984375 0.468229166015625 0.143333333984375 0.46875 0.1425 0.4703125 0.1425 0.470833333984375 0.135833333984375 0.471354166015625 0.135 0.471354166015625 0.128333333984375 0.471875 0.1275 0.471875 0.118333333984375 0.470833333984375 0.11 0.469791666015625 0.106666666015625 0.468229166015625 0.1075 0.4671875 0.109166666015625 0.465625 0.115833333984375 0.465104166015625 0.125 0.466145833984375 0.129166666015625 0.466666666015625 0.141666666015625 0.4671875 0.143333333984375
1 0.4515625 0.1325 0.4515625 0.138333333984375 0.452083333984375 0.140833333984375 0.453125 0.143333333984375 0.4546875 0.143333333984375 0.456770833984375 0.141666666015625 0.456770833984375 0.130833333984375 0.45625 0.120833333984375 0.455729166015625 0.12 0.455729166015625 0.113333333984375 0.453645833984375 0.11 0.452604166015625 0.11 0.450520833984375 0.115 0.449479166015625 0.12 0.449479166015625 0.124166666015625 0.451041666015625 0.131666666015625 0.4515625 0.1325
1 0.41875 0.1575 0.419270833984375 0.166666666015625 0.4203125 0.17 0.421354166015625 0.170833333984375 0.425 0.170833333984375 0.425520833984375 0.156666666015625 0.425 0.155833333984375 0.425 0.151666666015625 0.423958333984375 0.148333333984375 0.423958333984375 0.143333333984375 0.422916666015625 0.135833333984375 0.421875 0.133333333984375 0.419791666015625 0.133333333984375 0.418229166015625 0.136666666015625 0.418229166015625 0.140833333984375 0.417708333984375 0.141666666015625 0.417708333984375 0.154166666015625 0.41875 0.1575
2 0.451041666015625 0.11 0.452604166015625 0.1125 0.45625 0.1125 0.45625 0.110833333984375 0.455729166015625 0.11 0.455729166015625 0.105833333984375 0.4546875 0.099166666015625 0.454166666015625 0.098333333984375 0.454166666015625 0.095833333984375 0.453645833984375 0.095 0.452604166015625 0.095 0.451041666015625 0.098333333984375 0.451041666015625 0.104166666015625 0.450520833984375 0.105 0.451041666015625 0.106666666015625 0.451041666015625 0.11