0 0.48125 0.435833333984375 0.484375 0.408333333984375 0.4734375 0.373333333984375 0.4703125 0.37 0.466666666015625 0.371666666015625 0.460416666015625 0.39 0.458333333984375 0.420833333984375 0.459895833984375 0.4325 0.4625 0.435 0.48125 0.435833333984375
2 0.6359375 0.350833333984375 0.6359375 0.373333333984375 0.641145833984375 0.386666666015625 0.64375 0.3875 0.644791666015625 0.36 0.649739583984375 0.350416666015625 0.6578125 0.345 0.658333333984375 0.326666666015625 0.650520833984375 0.2975 0.647395833984375 0.2975 0.638020833984375 0.31 0.634895833984375 0.316666666015625 0.634895833984375 0.320833333984375 0.6390625 0.325833333984375 0.6359375 0.350833333984375
1 0.5453125 0.223333333984375 0.546354166015625 0.225 0.547395833984375 0.225 0.5515625 0.2175 0.557291666015625 0.211666666015625 0.559375 0.208333333984375 0.561979166015625 0.2 0.563541666015625 0.198333333984375 0.5640625 0.194166666015625 0.564053646484375 0.177561666015625 0.56056875 0.177143333984375 0.556770833984375 0.185833333984375 0.553125 0.190833333984375 0.5515625 0.1975 0.55 0.2 0.549479166015625 0.2025 0.549479166015625 0.210833333984375 0.5484375 0.215833333984375 0.546354166015625 0.219166666015625 0.5453125 0.223333333984375
1 0.559697396484375 0.176864166015625 0.563705208984375 0.1774225 0.563618228515625 0.167658333984375 0.559915103515625 0.167573333984375 0.5531625 0.185513333984375 0.554817708984375 0.1884425 0.559697396484375 0.176864166015625
1 0.435416666015625 0.168333333984375 0.432291666015625 0.1575 0.429166666015625 0.16 0.429166666015625 0.186666666015625 0.4359375 0.195833333984375 0.436979166015625 0.1775 0.435416666015625 0.168333333984375
1 0.461458333984375 0.195833333984375 0.459375 0.189166666015625 0.460416666015625 0.171666666015625 0.457291666015625 0.149166666015625 0.454166666015625 0.148333333984375 0.452604166015625 0.155 0.452604166015625 0.18 0.448958333984375 0.195833333984375 0.459895833984375 0.199166666015625 0.461458333984375 0.195833333984375
1 0.418229166015625 0.150833333984375 0.413020833984375 0.14 0.410416666015625 0.141666666015625 0.4109375 0.165 0.414583333984375 0.179166666015625 0.418229166015625 0.179166666015625 0.418229166015625 0.150833333984375
1 0.370833333984375 0.145 0.366666666015625 0.15 0.369791666015625 0.178333333984375 0.373958333984375 0.184166666015625 0.377083333984375 0.151666666015625 0.370833333984375 0.145
1 0.432291666015625 0.115833333984375 0.428645833984375 0.119166666015625 0.429166666015625 0.144166666015625 0.431770833984375 0.1475 0.434375 0.119166666015625 0.432291666015625 0.115833333984375
2 0.4421875 0.0975 0.4390625 0.0975 0.439583333984375 0.1225 0.442708333984375 0.126666666015625 0.44375 0.1075 0.4421875 0.0975
1 0.497041666015625 0.168991666015625 0.497916666015625 0.161666666015625 0.497916666015625 0.138333333984375 0.496083853515625 0.13141 0.493049478515625 0.139846666015625 0.490104166015625 0.166666666015625 0.491931771484375 0.167969166015625 0.494966146484375 0.168224166015625 0.497041666015625 0.168991666015625
0 0.4953125 0.115833333984375 0.491145833984375 0.118333333984375 0.490654166015625 0.14317 0.495444791015625 0.13141 0.496403125 0.122206666015625 0.4953125 0.115833333984375
1 0.5234375 0.126666666015625 0.519270833984375 0.13 0.51875 0.158333333984375 0.526041666015625 0.156666666015625 0.526041666015625 0.131666666015625 0.5234375 0.126666666015625
1 0.536458333984375 0.1225 0.532291666015625 0.136666666015625 0.531770833984375 0.154166666015625 0.533854166015625 0.155 0.5390625 0.136666666015625 0.536458333984375 0.1225