2 0.2535833333333333 0.6111111111111112 0.037109375 0.18981481481481483
2 0.8043645833333334 0.4976851851851852 0.014973958333333334 0.04398148148148148
3 0.9136875 0.4976388888888889 0.018723958333333336 0.06138888888888889
3 0.860640625 0.4885185185185185 0.011093750000000001 0.04264814814814815
3 0.8513489583333332 0.4981388888888889 0.014145833333333333 0.06336111111111112
3 0.761625 0.4893796296296296 0.0133125 0.05078703703703704
3 0.7672447916666666 0.5070092592592593 0.020661458333333334 0.0781574074074074
3 0.7461354166666666 0.5011574074074074 0.0195625 0.06791666666666667
3 0.663171875 0.48076851851851854 0.014723958333333334 0.05786111111111111
3 0.6844791666666666 0.49982407407407403 0.017046875 0.05831481481481481
3 0.6673020833333333 0.54575 0.019890625 0.09505555555555555
3 0.623265625 0.5133703703703704 0.015500000000000002 0.08449074074074074
0 0.68478125 0.5969259259259259 0.034192708333333335 0.14991666666666667
0 0.759828125 0.46591666666666665 0.006729166666666666 0.02024074074074074