0 0.13834895833333333 0.6059074074074075 0.047526041666666664 0.16550925925925927
1 0.27178125000000003 0.5947685185185185 0.0041041666666666666 0.00938888888888889
3 0.24978124999999998 0.571037037037037 0.030505208333333332 0.09647222222222222
2 0.202515625 0.6200462962962963 0.03686458333333333 0.17362962962962963
3 0.44825 0.5235925925925926 0.028369791666666665 0.08511111111111111
3 0.4821145833333333 0.6219351851851852 0.047875 0.1645462962962963
3 0.49186979166666667 0.5135000000000001 0.021984375 0.06367592592592593
3 0.5915208333333334 0.5068796296296296 0.031208333333333334 0.08069444444444444
0 0.7103177083333333 0.4832407407407407 0.017729166666666667 0.05485185185185185
3 0.675390625 0.49679629629629624 0.025885416666666668 0.0680925925925926
3 0.6443593750000001 0.5374537037037037 0.043265624999999995 0.10654629629629629
3 0.7213125 0.5349351851851852 0.03333333333333333 0.09267592592592593
3 0.8818020833333333 0.5006759259259259 0.015208333333333332 0.06936111111111111
2 0.8086666666666668 0.4981851851851852 0.014208333333333333 0.038768518518518515
3 0.8297760416666667 0.49587037037037035 0.014807291666666667 0.058333333333333334