2 0.24739583333333334 0.6443981481481482 0.07068229166666667 0.1450648148148148
2 0.81221875 0.49725925925925923 0.019947916666666666 0.044305555555555556
3 0.783078125 0.5071944444444444 0.019666666666666666 0.06536111111111112
3 0.7955677083333333 0.5187592592592593 0.023411458333333336 0.09326851851851853
3 0.7455885416666667 0.4996388888888889 0.019781249999999997 0.06933333333333333
0 0.7136822916666666 0.4923425925925926 0.016984375 0.055324074074074074
3 0.6480312500000001 0.4972037037037037 0.022463541666666666 0.06625
3 0.49067187500000004 0.5233518518518518 0.022416666666666665 0.07025925925925926
3 0.5427656249999999 0.5180277777777778 0.03730208333333333 0.06290740740740741
3 0.5905625000000001 0.5359814814814815 0.035078124999999995 0.10078703703703704
3 0.5604270833333334 0.5921851851851851 0.040015625 0.13460185185185186
3 0.522015625 0.546574074074074 0.02840625 0.05017592592592592
3 0.5111145833333334 0.5894444444444444 0.04921875 0.12296296296296297
0 0.34386458333333336 0.7624259259259258 0.07383333333333333 0.3416018518518519