2 0.2359375 0.5805555555555556 0.23854166666666668 0.5851851851851851 0.2390625 0.5925925925925926 0.2390625 0.6018518518518519 0.23645833333333333 0.6092592592592593 0.24114583333333334 0.637962962962963 0.2453125 0.6509259259259259 0.24479166666666666 0.6546296296296297 0.24010416666666667 0.6537037037037037 0.24427083333333333 0.6694444444444444 0.24427083333333333 0.6805555555555556 0.24114583333333334 0.6916666666666667 0.2375 0.6953703703703704 0.21666666666666667 0.6944444444444444 0.21354166666666666 0.6972222222222222 0.21145833333333333 0.6925925925925925 0.2125 0.6768518518518518 0.22395833333333334 0.6712962962962963 0.221875 0.6537037037037037 0.225 0.612037037037037 0.228125 0.5990740740740741 0.2265625 0.5851851851851851 0.23020833333333332 0.5796296296296296 0.23541666666666666 0.5805555555555556
0 0.6348854166666666 0.686861111111111 0.072625 0.261
3 0.560796875 0.6018240740740741 0.061494791666666666 0.1867222222222222
3 0.5887135416666667 0.535537037037037 0.025963541666666666 0.11662037037037037
3 0.6576302083333334 0.49700925925925926 0.03494791666666666 0.0770462962962963
0 0.7301562500000001 0.48312962962962963 0.021864583333333333 0.07843518518518518
2 0.8225885416666666 0.501712962962963 0.005651041666666666 0.02611111111111111
3 0.8140729166666667 0.5114907407407407 0.020916666666666663 0.07792592592592593
3 0.831375 0.5060833333333333 0.010765625000000001 0.06466666666666666
3 0.8365833333333333 0.4797685185185185 0.007572916666666666 0.03253703703703704
3 0.8582708333333334 0.5233796296296296 0.044947916666666664 0.10006481481481481
3 0.8569635416666667 0.4998703703703704 0.020645833333333332 0.07108333333333333
3 0.9156770833333333 0.5226666666666667 0.020645833333333332 0.09426851851851852
1 0.9423541666666666 0.5376203703703704 0.0020833333333333333 0.0060648148148148145
3 0.9509322916666666 0.4971111111111111 0.016729166666666666 0.05157407407407408