2 0.21692708333333333 0.6754629629629629 0.058854166666666666 0.125
2 0.8113125 0.49782407407407403 0.017828124999999997 0.04332407407407407
0 0.7085312500000001 0.48609259259259263 0.016697916666666666 0.055157407407407405
3 0.7827135416666666 0.49271296296296296 0.011171875 0.0483425925925926
3 0.7923020833333333 0.5110648148148148 0.0179375 0.07782407407407407
3 0.7585677083333333 0.5145740740740741 0.020197916666666666 0.08444444444444445
3 0.6863072916666667 0.5096759259259259 0.02755208333333333 0.09435185185185185
3 0.39853124999999995 0.8486851851851852 0.15791145833333334 0.3026388888888889
3 0.55425 0.7597499999999999 0.11216666666666668 0.28073148148148147
3 0.6062604166666666 0.6104722222222222 0.05577083333333333 0.18269444444444444
3 0.5442239583333334 0.5274814814814814 0.04072916666666667 0.11028703703703703
3 0.32959895833333336 0.644 0.05409375 0.14769444444444443
3 0.37113541666666666 0.6275092592592593 0.04675520833333333 0.18066666666666667