0 0.0390625 0.8520740740740741 0.064734375 0.2958518518518518
3 0.23255208333333333 0.5590092592592593 0.042671875000000005 0.12758333333333333
2 0.228421875 0.6705925925925926 0.05410416666666666 0.11772222222222223
3 0.5992708333333333 0.7720555555555556 0.11657291666666666 0.33955555555555555
3 0.7830572916666667 0.5604907407407408 0.02425 0.06493518518518518
3 0.75553125 0.5365277777777778 0.021229166666666667 0.06142592592592593
3 0.7560520833333333 0.6455 0.04724479166666666 0.2379259259259259
3 0.6491770833333333 0.5508703703703705 0.04828645833333333 0.11119444444444444
3 0.6931458333333332 0.5124722222222222 0.03319791666666667 0.08324999999999999
0 0.724625 0.4912037037037037 0.016859375 0.06290740740740741
0 0.7403385416666667 0.5071111111111111 0.02414583333333333 0.06808333333333333
0 0.892484375 0.5609444444444445 0.04911979166666667 0.1380185185185185
0 0.8285885416666667 0.5343055555555555 0.04120833333333333 0.11507407407407408
2 0.8138645833333332 0.49563888888888885 0.019874999999999997 0.04513888888888889