2 0.2359375 0.6449074074074074 0.053125 0.16018518518518518
2 0.8165885416666666 0.4988240740740741 0.020760416666666667 0.0440462962962963
0 0.7258177083333333 0.4808148148148148 0.013338541666666667 0.04582407407407407
0 0.40666145833333334 0.6900000000000001 0.08052083333333333 0.2923611111111111
1 0.4679895833333333 0.5541851851851851 0.0026562499999999998 0.007416666666666667
3 0.44728124999999996 0.521074074074074 0.019494791666666667 0.06958333333333334
3 0.46366666666666667 0.538675925925926 0.016307291666666664 0.08455555555555555
3 0.5937812499999999 0.5625925925925926 0.06336458333333334 0.13650925925925927
3 0.6381354166666667 0.5281388888888888 0.047713541666666665 0.11
3 0.6805364583333334 0.49694444444444447 0.031713541666666664 0.0636388888888889
3 0.6940937500000001 0.513287037037037 0.029479166666666667 0.07249074074074074
3 0.7273958333333332 0.5389444444444444 0.05358333333333333 0.10316666666666667
3 0.7571041666666667 0.5090925925925927 0.021041666666666667 0.07885185185185185
3 0.7682708333333333 0.49390740740740735 0.0161875 0.06144444444444445
3 0.8545312500000001 0.548537037037037 0.03580208333333333 0.12816666666666665