2 0.225 0.6018518518518519 0.23072916666666668 0.612037037037037 0.23229166666666667 0.6416666666666667 0.2421875 0.675 0.240625 0.6925925925925925 0.22708333333333333 0.6962962962962963 0.21041666666666667 0.6962962962962963 0.209375 0.6935185185185185 0.21302083333333333 0.6842592592592592 0.21041666666666667 0.6620370370370371 0.21510416666666668 0.6333333333333333 0.21927083333333333 0.6222222222222222 0.21822916666666667 0.6092592592592593 0.2203125 0.6037037037037037 0.22447916666666667 0.6018518518518519
3 0.37377604166666667 0.6108333333333333 0.050958333333333335 0.15919444444444444
0 0.577359375 0.6147962962962963 0.06431770833333333 0.1811851851851852
1 0.643109375 0.5158888888888888 0.0021354166666666665 0.005259259259259259
3 0.5688489583333334 0.5399166666666667 0.03552604166666666 0.08576851851851851
3 0.5896406249999999 0.513537037037037 0.032703125 0.08397222222222223
3 0.6039739583333333 0.5006203703703703 0.009286458333333332 0.06100925925925926
3 0.6151770833333334 0.5289722222222222 0.03775 0.10837962962962963
3 0.6350625 0.4991851851851852 0.021395833333333333 0.057416666666666664
3 0.6564583333333334 0.4955925925925926 0.016552083333333335 0.06100925925925926
0 0.7091458333333333 0.4853703703703704 0.016552083333333335 0.054907407407407405
3 0.7517916666666667 0.4950277777777778 0.01749479166666667 0.060509259259259256
3 0.7880052083333333 0.5043888888888889 0.017083333333333332 0.0710462962962963
2 0.807453125 0.4973425925925926 0.019067708333333332 0.04067592592592593