2 0.2424375 0.6461666666666667 0.048859375000000003 0.13271296296296298
0 0.29935416666666664 0.7328055555555555 0.08978124999999999 0.29453703703703704
3 0.42578645833333334 0.5283240740740741 0.021421875 0.08584259259259258
3 0.39125000000000004 0.5351759259259259 0.04015625 0.10482407407407407
3 0.4338802083333333 0.5615648148148148 0.04482291666666667 0.11537962962962962
1 0.5557656249999999 0.5583148148148148 0.004229166666666667 0.004425925925925926
3 0.5383802083333333 0.5249722222222223 0.043729166666666666 0.07774074074074074
3 0.5335572916666667 0.599287037037037 0.053119791666666666 0.13723148148148148
3 0.5802708333333333 0.51425 0.028614583333333332 0.07751851851851851
3 0.6253020833333333 0.5200185185185185 0.023796875 0.08926851851851851
0 0.7188385416666667 0.4941203703703704 0.01690104166666667 0.05762037037037037
3 0.7510052083333334 0.49784259259259256 0.022151041666666666 0.06768518518518518
3 0.7794739583333333 0.5264351851851852 0.04201041666666667 0.08693518518518518
3 0.8847760416666667 0.5521388888888888 0.05281770833333333 0.11562962962962962
2 0.8149114583333333 0.4943240740740741 0.020874999999999998 0.04081481481481481