0 0.19505208333333332 0.7888888888888889 0.058854166666666666 0.36666666666666664
2 0.24140625 0.6537037037037037 0.05260416666666667 0.14074074074074075
2 0.8166145833333334 0.49803703703703706 0.013416666666666667 0.03672222222222222
3 0.8064010416666666 0.4831944444444445 0.008229166666666668 0.02981481481481482
0 0.7352864583333333 0.48435185185185187 0.015395833333333333 0.05677777777777778
3 0.8158124999999999 0.5281851851851852 0.033005208333333334 0.08834259259259258
3 0.961765625 0.5195740740740741 0.018125 0.10914814814814815
3 0.44621875 0.5542314814814815 0.03391145833333333 0.11673148148148148
3 0.48610416666666667 0.5489999999999999 0.03096875 0.11046296296296296
3 0.5519635416666666 0.5944814814814815 0.05605729166666666 0.15332407407407408
3 0.50090625 0.6106851851851851 0.056255208333333334 0.16761111111111113
3 0.59959375 0.5003888888888889 0.03606770833333333 0.06550925925925925
1 0.6717447916666667 0.5204537037037037 0.0035572916666666665 0.005935185185185186
3 0.6538541666666667 0.5311666666666667 0.039635416666666666 0.10788888888888888
3 0.7070052083333334 0.5092314814814815 0.025744791666666666 0.07213888888888889