0 0.14099479166666665 0.819 0.09895833333333333 0.3619907407407407
2 0.24528645833333332 0.641537037037037 0.06497916666666667 0.1208148148148148
2 0.814609375 0.49955555555555553 0.026536458333333336 0.04321296296296297
0 0.6520312500000001 0.4898611111111111 0.021328125 0.0661388888888889
3 0.3113854166666667 0.557537037037037 0.037947916666666665 0.13007407407407406
3 0.3578854166666667 0.5482777777777778 0.028276041666666665 0.1168425925925926
3 0.3916145833333333 0.6208148148148148 0.045140625000000004 0.17989814814814814
3 0.4496510416666667 0.5767222222222222 0.05406770833333333 0.14109259259259258
3 0.5205833333333333 0.6560833333333334 0.06497916666666667 0.18871296296296297
3 0.51178125 0.5185185185185185 0.028026041666666668 0.07054629629629629
3 0.5396822916666667 0.5174166666666666 0.03968229166666667 0.07715740740740741
3 0.6837812499999999 0.5535740740740741 0.040177083333333335 0.1265462962962963
3 0.7153697916666667 0.5102129629629629 0.028489583333333336 0.08159259259259259
3 0.8240468750000001 0.5836018518518519 0.051171875 0.1317685185185185