2 0.28422395833333336 0.6232407407407408 0.05952604166666667 0.19797222222222222
0 0.7136614583333334 0.4724074074074074 0.010635416666666668 0.031157407407407404
0 0.7081041666666666 0.5230092592592592 0.027072916666666665 0.08852777777777777
3 0.6988229166666666 0.49679629629629624 0.01758854166666667 0.06575
3 0.7319114583333334 0.5207499999999999 0.028281249999999997 0.09776851851851852
3 0.7527604166666666 0.4957685185185185 0.03299479166666667 0.07101851851851852
3 0.7876718749999999 0.49895370370370373 0.015359375 0.07091666666666667
3 0.797359375 0.5139351851851851 0.019276041666666667 0.0821851851851852
3 0.8003229166666667 0.49180555555555555 0.008192708333333333 0.042694444444444445
3 0.8204479166666666 0.5161851851851852 0.027932291666666668 0.05149074074074074
2 0.8152916666666666 0.4958888888888888 0.011234375 0.027944444444444445
3 0.8429791666666666 0.49141666666666667 0.015588541666666667 0.06643518518518518
3 0.873671875 0.49050925925925926 0.016760416666666667 0.06633333333333333
3 0.8596874999999999 0.5122407407407408 0.01633333333333333 0.0735462962962963