1 0.4657604166666667 0.5623518518518519 0.0034895833333333333 0.006768518518518518
2 0.26084375 0.6166111111111111 0.07383333333333333 0.1673148148148148
3 0.4697604166666667 0.5416111111111112 0.055171875 0.11394444444444445
3 0.554140625 0.5416111111111112 0.043812500000000004 0.10096296296296296
3 0.5841614583333333 0.5235833333333334 0.040567708333333334 0.07212037037037038
3 0.627046875 0.4945925925925926 0.034499999999999996 0.048324074074074075
3 0.6487916666666667 0.48615740740740737 0.010578124999999999 0.029
3 0.6477031249999999 0.5240277777777779 0.028567708333333334 0.07521296296296297
0 0.652046875 0.5928796296296296 0.042145833333333334 0.15160185185185185
0 0.7005260416666667 0.48700000000000004 0.011671875 0.05240740740740741
3 0.7552135416666667 0.4955833333333334 0.022807291666666667 0.06042592592592593
2 0.814828125 0.504925925925926 0.006098958333333334 0.026324074074074073
3 0.808875 0.4941481481481481 0.011010416666666667 0.057666666666666665
3 0.7965989583333334 0.5028796296296296 0.024552083333333332 0.06719444444444443
3 0.8495625 0.5222129629629629 0.03540104166666667 0.08280555555555556