1 0.33229166666666665 0.5898148148148148 0.33229166666666665 0.5935185185185186 0.33489583333333334 0.5962962962962963 0.33697916666666666 0.5916666666666667 0.33541666666666664 0.5888888888888889
1 0.6760416666666667 0.3490740740740741 0.6755208333333333 0.3592592592592593 0.6791666666666667 0.36203703703703705 0.6807291666666667 0.3574074074074074 0.6802083333333333 0.34814814814814815 0.6770833333333334 0.34629629629629627
3 0.8817708333333333 0.5203703703703704 0.8828125 0.5351851851851852 0.88125 0.5462962962962963 0.8859375 0.5694444444444444 0.8833333333333333 0.5777777777777777 0.884375 0.575925925925926 0.8864583333333333 0.5796296296296296 0.89375 0.5796296296296296 0.8947916666666667 0.5092592592592593 0.89375 0.4981481481481482 0.8895833333333333 0.49074074074074076 0.8869791666666667 0.47962962962962963 0.8833333333333333 0.48518518518518516 0.884375 0.49722222222222223
2 0.8036458333333333 0.4981481481481482 0.8036458333333333 0.5101851851851852 0.8125 0.5120370370370371 0.8161458333333333 0.5 0.815625 0.4898148148148148 0.8125 0.4824074074074074 0.8083333333333333 0.4824074074074074
3 0.5916666666666667 0.4898148148148148 0.5895833333333333 0.5009259259259259 0.5895833333333333 0.5212962962962963 0.5916666666666667 0.5484564814814814 0.5947916666666667 0.5435185185185185 0.5953125 0.55 0.5953125 0.5550925925925926 0.5916666666666667 0.5543212962962963 0.5916666666666667 0.5601851851851852 0.5947916666666667 0.5638888888888889 0.5953125 0.5601851851851852 0.6 0.5555555555555556 0.6010416666666667 0.5638888888888889 0.6041666666666666 0.5638888888888889 0.6041666666666666 0.5416666666666666 0.6015625 0.5333333333333333 0.6015625 0.5027777777777778 0.5989583333333334 0.4981481481481482 0.5973958333333333 0.48703703703703705 0.5942708333333333 0.48518518518518516
2 0.20572916666666666 0.65 0.20833333333333334 0.6814814814814815 0.20364583333333333 0.6851851851851852 0.20260416666666667 0.6888888888888889 0.2078125 0.7027777777777777 0.21354166666666666 0.7074074074074074 0.22135416666666666 0.7027777777777777 0.23645833333333333 0.700925925925926 0.23854166666666668 0.6944444444444444 0.23802083333333332 0.687037037037037 0.22708333333333333 0.6685185185185185 0.22604166666666667 0.6601851851851852 0.22760416666666666 0.6574074074074074 0.24166666666666667 0.6555555555555556 0.24375 0.6527777777777778 0.24427083333333333 0.6462962962962963 0.24114583333333334 0.6444444444444445 0.23333333333333334 0.649074074074074 0.22760416666666666 0.6435185185185185 0.22916666666666666 0.6324074074074074 0.22604166666666667 0.6222222222222222 0.2265625 0.6074074074074074 0.22291666666666668 0.5962962962962963 0.21927083333333333 0.5944444444444444 0.21458333333333332 0.600925925925926 0.215625 0.6157407407407407 0.20989583333333334 0.6287037037037037
3 0.35833333333333334 0.5666666666666667 0.3567708333333333 0.5861111111111111 0.36614583333333334 0.600925925925926 0.3671875 0.6222222222222222 0.37083333333333335 0.6388888888888888 0.3692708333333333 0.6462962962962963 0.3723958333333333 0.6509259259259259 0.3765625 0.6509259259259259 0.3734375 0.6268518518518519 0.3734375 0.6203703703703703 0.37552083333333336 0.6148148148148148 0.3848958333333333 0.6222222222222222 0.39375 0.649074074074074 0.39479166666666665 0.6601851851851852 0.4005208333333333 0.6601851851851852 0.39114583333333336 0.6212962962962963 0.38333333333333336 0.6027777777777777 0.3802083333333333 0.562037037037037 0.3723958333333333 0.5546296296296296 0.37135416666666665 0.5435185185185185 0.36875 0.5398148148148149 0.3645833333333333 0.5398148148148149 0.3625 0.5453703703703704 0.36354166666666665 0.5555555555555556
3 0.31197916666666664 0.537962962962963 0.3104166666666667 0.5462962962962963 0.31197916666666664 0.5675925925925925 0.3177083333333333 0.5685185185185185 0.3203125 0.5731481481481482 0.32395833333333335 0.5666666666666667 0.325 0.5324074074074074 0.3223958333333333 0.525 0.3177083333333333 0.5212962962962963
3 0.2984375 0.5824074074074074 0.30104166666666665 0.6231481481481481 0.296875 0.6472222222222223 0.29322916666666665 0.6564814814814814 0.290625 0.6777777777777778 0.2875 0.6833333333333333 0.2875 0.6888888888888889 0.28854166666666664 0.6916666666666667 0.29322916666666665 0.6898148148148148 0.29322916666666665 0.6814814814814815 0.2994791666666667 0.6620370370370371 0.3 0.6555555555555556 0.30625 0.6481481481481481 0.30885416666666665 0.6407407407407407 0.31197916666666664 0.6388888888888888 0.3203125 0.6509259259259259 0.3223958333333333 0.674074074074074 0.321875 0.6935185185185185 0.3234375 0.6962962962962963 0.3296875 0.6935185185185185 0.3302083333333333 0.687037037037037 0.3265625 0.6833333333333333 0.32708333333333334 0.6509259259259259 0.321875 0.6240740740740741 0.321875 0.6157407407407407 0.3260416666666667 0.6027777777777777 0.32395833333333335 0.5824074074074074 0.3203125 0.5712962962962963 0.31666666666666665 0.5685185185185185 0.30625 0.5712962962962963
3 0.5265625 0.6351851851851852 0.5265625 0.6435185185185185 0.5302083333333333 0.6444444444444445 0.5328125 0.6342592592592593 0.5359375 0.6296296296296297 0.5395833333333333 0.6342592592592593 0.5395833333333333 0.6444444444444445 0.5364583333333334 0.6555555555555556 0.5354166666666667 0.6722222222222223 0.5380208333333333 0.6981481481481482 0.5432291666666667 0.712037037037037 0.5411458333333333 0.7305555555555555 0.5432291666666667 0.7324074074074074 0.5510416666666667 0.7231481481481481 0.5625 0.7203703703703703 0.5625 0.7296296296296296 0.5682291666666667 0.7324074074074074 0.5682291666666667 0.6981481481481482 0.5630208333333333 0.675 0.5614583333333333 0.6324074074074074 0.5583333333333333 0.6185185185185185 0.559375 0.6101851851851852 0.5645833333333333 0.6148148148148148 0.56875 0.6305555555555555 0.5697916666666667 0.6416666666666667 0.5739583333333333 0.6481481481481481 0.5723958333333333 0.6453703703703704 0.5744791666666667 0.6435185185185185 0.5744791666666667 0.6388888888888888 0.5677083333333334 0.6027777777777777 0.5625 0.587037037037037 0.5604166666666667 0.5824074074074074 0.5557291666666667 0.5777777777777777 0.5520833333333334 0.5777777777777777 0.55 0.5740740740740741 0.5510416666666667 0.5601851851851852 0.55 0.5527777777777778 0.5479166666666667 0.5509259259259259 0.5411458333333333 0.5509259259259259 0.5385416666666667 0.5555555555555556 0.5411458333333333 0.5777777777777777 0.5354166666666667 0.5851851851851851 0.534375 0.6111111111111112 0.53125 0.625
3 0.2838541666666667 0.5324074074074074 0.28489583333333335 0.5435185185185185 0.2796875 0.5537037037037037 0.2791666666666667 0.5638888888888889 0.2755208333333333 0.575 0.2755208333333333 0.5842592592592593 0.2828125 0.5842592592592593 0.290625 0.612037037037037 0.2911458333333333 0.6277777777777778 0.29322916666666665 0.6351851851851852 0.29635416666666664 0.6351851851851852 0.29791666666666666 0.6305555555555555 0.296875 0.5768518518518518 0.2994791666666667 0.5666666666666667 0.2989583333333333 0.5555555555555556 0.296875 0.5462962962962963 0.29270833333333335 0.5416666666666666 0.2911458333333333 0.5277777777777778 0.28541666666666665 0.5277777777777778
3 0.6880208333333333 0.4935185185185185 0.6911458333333333 0.5111111111111111 0.6875 0.5212962962962963 0.6875 0.5407407407407407 0.6817708333333333 0.5666666666666667 0.6875 0.5712962962962963 0.6916666666666667 0.6 0.6916666666666667 0.612037037037037 0.6854166666666667 0.6148148148148148 0.6854166666666667 0.6185185185185185 0.6869791666666667 0.6212962962962963 0.6921875 0.6194444444444445 0.6921875 0.6351851851851852 0.6973958333333333 0.6351851851851852 0.7 0.6305555555555555 0.6994791666666667 0.5796296296296296 0.7046875 0.5638888888888889 0.70625 0.5388888888888889 0.7036458333333333 0.5148148148148148 0.6984375 0.5083333333333333 0.6984375 0.4935185185185185 0.6953125 0.4888888888888889 0.6895833333333333 0.4898148148148148
3 0.5260416666666666 0.5074074074074074 0.5255208333333333 0.5120370370370371 0.5317708333333333 0.5305555555555556 0.53125 0.5462962962962963 0.5265625 0.5527777777777778 0.5260416666666666 0.5601851851851852 0.5307291666666667 0.5694444444444444 0.53125 0.5814814814814815 0.5328125 0.5824074074074074 0.5375 0.575925925925926 0.5328125 0.562962962962963 0.5338541666666666 0.5601851851851852 0.5390625 0.5592592592592592 0.5395833333333333 0.5527777777777778 0.5432291666666667 0.55 0.5432291666666667 0.5351851851851852 0.5354166666666667 0.5138888888888888 0.5348958333333333 0.5055555555555555 0.5307291666666667 0.5027777777777778
3 0.7958333333333333 0.5712962962962963 0.7953125 0.5981481481481481 0.8036458333333333 0.6064814814814815 0.80625 0.6333333333333333 0.8119791666666667 0.6601851851851852 0.81875 0.6648148148148149 0.8203125 0.6759259259259259 0.8307291666666666 0.6962962962962963 0.8307291666666666 0.7101851851851851 0.8354166666666667 0.712037037037037 0.8375 0.7074074074074074 0.8369791666666667 0.6981481481481482 0.83125 0.6833333333333333 0.8270833333333333 0.6555555555555556 0.8239583333333333 0.6453703703703704 0.8244791666666667 0.5944444444444444 0.8291666666666667 0.5888888888888889 0.8286458333333333 0.5824074074074074 0.8234375 0.5648148148148148 0.8192708333333333 0.5574074074074075 0.8135416666666667 0.5574074074074075 0.8104166666666667 0.5527777777777778 0.8109375 0.5388888888888889 0.8067708333333333 0.5324074074074074 0.8026041666666667 0.5324074074074074 0.8 0.5361111111111111 0.8005208333333333 0.5592592592592592
0 0.10364583333333334 0.8351851851851851 0.11145833333333334 0.3296296296296296
0 0.72109375 0.4949074074074074 0.0171875 0.08611111111111111