2 0.21701562500000002 0.653 0.041291666666666664 0.12792592592592592
2 0.8268177083333333 0.4978333333333333 0.013989583333333333 0.03642592592592593
1 0.91253125 0.5409259259259259 0.0028333333333333335 0.00625
3 0.9123645833333334 0.5091944444444444 0.022895833333333334 0.08423148148148148
3 0.887625 0.5078796296296296 0.01796354166666667 0.07072222222222221
3 0.8677916666666667 0.5368981481481482 0.025984375 0.09830555555555556
3 0.8325937499999999 0.5618796296296297 0.03354166666666667 0.13537037037037036
3 0.8180989583333333 0.49833333333333335 0.016713541666666668 0.05451851851851852
3 0.8155572916666666 0.5010462962962963 0.026208333333333333 0.05798148148148148
3 0.7950520833333333 0.5058888888888889 0.016567708333333334 0.07787962962962963
0 0.7510625 0.4860277777777777 0.016052083333333335 0.05347222222222222
3 0.6881197916666667 0.5277314814814815 0.04124479166666666 0.12091666666666667
3 0.4868385416666667 0.545 0.046171875 0.10941666666666666
3 0.5385364583333333 0.5466759259259258 0.02609895833333333 0.12078703703703703
0 0.5232239583333333 0.6197314814814814 0.0496875 0.1948425925925926