2 0.20386979166666666 0.6254444444444445 0.041666666666666664 0.18650925925925926
0 0.3092760416666666 0.5756203703703703 0.05307291666666667 0.13976851851851851
3 0.45221875 0.5403333333333333 0.045578125000000004 0.13478703703703704
1 0.7113437499999999 0.5563703703703704 0.004364583333333334 0.011166666666666667
3 0.6294739583333333 0.5220555555555556 0.022395833333333334 0.08366666666666667
3 0.6529583333333334 0.5318518518518518 0.016359375 0.09206481481481482
3 0.6950364583333334 0.53325 0.01390625 0.07309259259259258
3 0.68134375 0.5429722222222222 0.024317708333333334 0.10403703703703704
3 0.6958645833333333 0.49110185185185184 0.017671875 0.06096296296296297
3 0.7143229166666667 0.5072777777777778 0.015744791666666667 0.07650925925925925
3 0.730859375 0.49484259259259256 0.017317708333333334 0.06407407407407407
0 0.7165572916666666 0.4732222222222222 0.011286458333333334 0.028925925925925924
3 0.8526197916666667 0.503 0.016192708333333333 0.07415740740740741
3 0.8715364583333333 0.5178333333333334 0.029156249999999998 0.08637037037037038