3 0.9197916666666667 0.4981481481481482 0.9203125 0.5185185185185185 0.9140625 0.5259259259259259 0.9135416666666667 0.5324074074074074 0.925 0.524074074074074 0.9265625 0.5277777777777778 0.9265625 0.5370370370370371 0.9302083333333333 0.5370370370370371 0.9286458333333333 0.5064814814814815 0.9322916666666666 0.4935185185185185 0.9322916666666666 0.48055555555555557 0.9296875 0.48055555555555557 0.925 0.48703703703703705
2 0.8145833333333333 0.4888888888888889 0.8140625 0.49722222222222223 0.8166666666666667 0.5101851851851852 0.8244791666666667 0.5120370370370371 0.8255208333333334 0.4981481481481482 0.8234375 0.48055555555555557 0.8177083333333334 0.48055555555555557
3 0.8510416666666667 0.5231481481481481 0.85 0.5685185185185185 0.8395833333333333 0.5944444444444444 0.8421875 0.6 0.846875 0.600925925925926 0.8479166666666667 0.5981481481481481 0.8453125 0.5944444444444444 0.8447916666666667 0.5888888888888889 0.8557291666666667 0.5731481481481482 0.8557291666666667 0.6018518518518519 0.8572916666666667 0.6055555555555555 0.8625 0.6074074074074074 0.8640625 0.600925925925926 0.8614583333333333 0.5962962962962963 0.8625 0.5555555555555556 0.8609375 0.5425925925925926 0.8635416666666667 0.5277777777777778 0.8614583333333333 0.5231481481481481 0.8598958333333333 0.5046296296296297 0.8552083333333333 0.5064814814814815
3 0.7145833333333333 0.48518518518518516 0.7130208333333333 0.4981481481481482 0.7072916666666667 0.5148148148148148 0.7098958333333333 0.5166666666666667 0.7114583333333333 0.5138888888888888 0.7119791666666667 0.5027777777777778 0.7140625 0.5074074074074074 0.7182291666666667 0.5027777777777778 0.7197916666666667 0.5055555555555555 0.7197916666666667 0.5166666666666667 0.7234375 0.5166666666666667 0.7244791666666667 0.4962962962962963 0.7223958333333333 0.487962962962963 0.7223958333333333 0.47314814814814815 0.7192708333333333 0.47129629629629627
3 0.8385416666666666 0.48055555555555557 0.8385416666666666 0.4962962962962963 0.8401041666666667 0.5027777777777778 0.8427083333333333 0.5055555555555555 0.8432291666666667 0.5120370370370371 0.8380208333333333 0.5185185185185185 0.8380208333333333 0.5212962962962963 0.8411458333333334 0.5212962962962963 0.8447916666666667 0.5277777777777778 0.846875 0.5277777777777778 0.85 0.5185185185185185 0.85 0.48703703703703705 0.8442708333333333 0.47314814814814815 0.840625 0.475
3 0.9338541666666667 0.5055555555555555 0.9333333333333333 0.5138888888888888 0.9375 0.5212962962962963 0.9385416666666667 0.5324074074074074 0.9421875 0.5388888888888889 0.9473958333333333 0.5398148148148149 0.9494791666666667 0.5435185185185185 0.9479166666666666 0.5333333333333333 0.946875 0.4888888888888889 0.9432291666666667 0.48703703703703705 0.9369791666666667 0.49537037037037035
2 0.23125 0.6574074074074074 0.2296875 0.6796296296296296 0.225 0.6833333333333333 0.2265625 0.6935185185185185 0.23020833333333332 0.6944444444444444 0.234375 0.7046296296296296 0.2375 0.7027777777777777 0.23854166666666668 0.7055555555555556 0.23697916666666666 0.7092592592592593 0.2390625 0.7092592592592593 0.23697916666666666 0.6925925925925925 0.23854166666666668 0.687962962962963 0.2387796875 0.7107333333333333 0.2506703125 0.7130185185185185 0.2484375 0.6777777777777778 0.25104166666666666 0.6759259259259259 0.2557291666666667 0.6898148148148148 0.25625 0.7055555555555556 0.26145833333333335 0.7055555555555556 0.26145833333333335 0.6972222222222222 0.26666666666666666 0.6962962962962963 0.2625 0.6768518518518518 0.26145833333333335 0.6564814814814814 0.26197916666666665 0.6398148148148148 0.26458333333333334 0.6370370370370371 0.26614583333333336 0.6305555555555555 0.26458333333333334 0.612037037037037 0.26197916666666665 0.6092592592592593 0.2546875 0.6101851851851852 0.2526041666666667 0.6148148148148148 0.2515625 0.6296296296296297 0.23697916666666666 0.6462962962962963
3 0.6291666666666667 0.5083333333333333 0.6286458333333333 0.5157407407407407 0.6322916666666667 0.5305555555555556 0.6328125 0.5546296296296296 0.6354166666666666 0.5666666666666667 0.634375 0.5731481481481482 0.6359375 0.575925925925926 0.6385416666666667 0.5731481481481482 0.6375 0.5453703703703704 0.6395833333333333 0.5416666666666666 0.6432291666666666 0.5462962962962963 0.6489583333333333 0.5648148148148148 0.6494791666666667 0.5722222222222222 0.6515625 0.5731481481481482 0.6494791666666667 0.5509259259259259 0.6458333333333334 0.5361111111111111 0.6442708333333333 0.5009259259259259 0.6416666666666667 0.4824074074074074 0.6369791666666667 0.4824074074074074 0.6348958333333333 0.4935185185185185 0.6307291666666667 0.5009259259259259
3 0.7421875 0.4722222222222222 0.7421875 0.5111111111111111 0.7432291666666667 0.5138888888888888 0.7484375 0.5138888888888888 0.75 0.5120370370370371 0.75 0.47314814814814815 0.7484375 0.4648148148148148 0.7447916666666666 0.4638888888888889
3 0.7755208333333333 0.5009259259259259 0.7755208333333333 0.5259259259259259 0.7734375 0.5351851851851852 0.7744791666666667 0.5481481481481482 0.7791666666666667 0.5462962962962963 0.7786458333333334 0.537962962962963 0.784375 0.5138888888888888 0.7859375 0.4842592592592593 0.7859375 0.4759259259259259 0.784375 0.4740740740740741 0.7817708333333333 0.4740740740740741 0.7765625 0.48703703703703705
3 0.7578125 0.524074074074074 0.7578125 0.5805555555555556 0.7489583333333333 0.5981481481481481 0.7484375 0.6055555555555555 0.7520833333333333 0.6101851851851852 0.75625 0.5925925925925926 0.7619791666666667 0.5851851851851851 0.7645833333333333 0.5925925925925926 0.7645833333333333 0.6157407407407407 0.7729166666666667 0.6185185185185185 0.7744791666666667 0.6148148148148148 0.76875 0.6064814814814815 0.7708333333333334 0.5824074074074074 0.76875 0.5675925925925925 0.7703125 0.5370370370370371 0.7666666666666667 0.5212962962962963 0.7677083333333333 0.5101851851851852 0.7651041666666667 0.5009259259259259 0.7619791666666667 0.5009259259259259 0.7609375 0.5037037037037037 0.7604166666666666 0.5185185185185185
3 0.8796875 0.4842592592592593 0.8791666666666667 0.49166666666666664 0.8828125 0.5027777777777778 0.8828125 0.5120370370370371 0.8796875 0.5175925925925926 0.8796875 0.5212962962962963 0.8828125 0.5305555555555556 0.8869791666666667 0.5324074074074074 0.8916666666666667 0.4898148148148148 0.8890625 0.46944444444444444 0.8869791666666667 0.4666666666666667 0.8828125 0.4685185185185185
1 0.9620260416666666 0.5436203703703704 0.004177083333333333 0.010851851851851852
0 0.5171875 0.6731481481481482 0.057291666666666664 0.32407407407407407
0 0.760765625 0.4814166666666666 0.011020833333333334 0.047009259259259265