2 0.32217187500000005 0.5870833333333333 0.04613020833333333 0.21031481481481482
2 0.8024583333333334 0.5052314814814814 0.022114583333333333 0.016944444444444446
3 0.790125 0.4862592592592592 0.017854166666666667 0.04820370370370371
3 0.80353125 0.491 0.015135416666666667 0.05875925925925926
3 0.8191197916666667 0.5018611111111111 0.023625 0.07618518518518519
3 0.85559375 0.5101203703703703 0.025166666666666667 0.0945
0 0.7590468749999999 0.5774537037037036 0.04055729166666667 0.16157407407407406
3 0.62728125 0.5006759259259259 0.0215625 0.08058333333333334
3 0.6509739583333333 0.4981388888888889 0.023765625000000002 0.07201851851851852
0 0.7151041666666667 0.4646296296296296 0.004395833333333333 0.014972222222222224
3 0.7098645833333334 0.4817592592592592 0.014125 0.03525925925925926
3 0.7222395833333334 0.4783055555555556 0.010807291666666666 0.02886111111111111
3 0.717328125 0.5186018518518519 0.032135416666666666 0.08166666666666667
3 0.7395208333333334 0.4969166666666666 0.01671875 0.08231481481481483