2 0.244171875 0.6565277777777777 0.06721354166666667 0.15608333333333332
0 0.49355208333333334 0.7253055555555556 0.0704375 0.3359814814814815
3 0.6408541666666667 0.5301666666666667 0.06706770833333334 0.10797222222222222
0 0.7633072916666667 0.4860740740740741 0.014020833333333335 0.05538888888888889
3 0.7353072916666666 0.4922685185185185 0.0165625 0.07214814814814816
3 0.7496562499999999 0.4902962962962963 0.012791666666666666 0.06908333333333333
2 0.8190572916666666 0.4975092592592592 0.010411458333333333 0.03716666666666667
3 0.7790052083333333 0.4946666666666667 0.013442708333333333 0.04635185185185185
3 0.7830625 0.5660092592592593 0.04369791666666667 0.13189814814814813
1 0.941703125 0.5465555555555556 0.0038541666666666668 0.008453703703703705
3 0.8270468750000001 0.5058888888888889 0.014427083333333333 0.061796296296296294
3 0.8742708333333333 0.5550833333333334 0.03279166666666667 0.12927777777777777
3 0.8988645833333333 0.5052407407407407 0.019348958333333333 0.06981481481481482
3 0.9456770833333333 0.49372222222222223 0.006395833333333333 0.02609259259259259
3 0.9414166666666667 0.5157314814814815 0.026401041666666666 0.07710185185185185