3 0.8510416666666667 0.4685185185185185 0.8510416666666667 0.5157407407407407 0.8526041666666667 0.5194444444444445 0.8557291666666667 0.5185185185185185 0.8572916666666667 0.5120370370370371 0.8572916666666667 0.5009259259259259 0.859375 0.4935185185185185 0.859375 0.47314814814814815 0.85625 0.4666666666666667
3 0.5609375 0.5148148148148148 0.5609375 0.5259259259259259 0.5635416666666667 0.5416666666666666 0.5614583333333333 0.5675925925925925 0.5645833333333333 0.5694444444444444 0.5640625 0.5731481481481482 0.5609375 0.575925925925926 0.5598958333333334 0.5842592592592593 0.5635416666666667 0.587037037037037 0.5651041666666666 0.5824074074074074 0.5671875 0.5851851851851851 0.5739583333333333 0.5777777777777777 0.5776041666666667 0.5888888888888889 0.5807291666666666 0.5888888888888889 0.58125 0.5805555555555556 0.578125 0.5777777777777777 0.5744791666666667 0.5685185185185185 0.5723958333333333 0.5712962962962963 0.5703125 0.5666666666666667 0.5744791666666667 0.5601851851851852 0.5708333333333333 0.5342592592592592 0.5739583333333333 0.5259259259259259 0.5807291666666666 0.5212962962962963 0.5770833333333333 0.5212962962962963 0.5734375 0.5166666666666667 0.5729166666666666 0.5074074074074074 0.5682291666666667 0.5009259259259259 0.5671875 0.4888888888888889 0.5625 0.49074074074074076 0.5630208333333333 0.5018518518518519
3 0.6875 0.4666666666666667 0.6848958333333334 0.48703703703703705 0.6885416666666667 0.5185185185185185 0.6958333333333333 0.5194444444444445 0.696875 0.5120370370370371 0.6953125 0.5083333333333333 0.69375 0.4759259259259259 0.690625 0.46574074074074073 0.6885416666666667 0.4638888888888889
2 0.21354166666666666 0.6518518518518519 0.21302083333333333 0.662962962962963 0.21822916666666667 0.6759259259259259 0.2078125 0.6916666666666667 0.20729166666666668 0.6962962962962963 0.22552083333333334 0.6962962962962963 0.24114583333333334 0.6888888888888889 0.24114583333333334 0.675 0.23854166666666668 0.6685185185185185 0.2390625 0.6574074074074074 0.23541666666666666 0.625 0.2359375 0.6194444444444445 0.2390625 0.6148148148148148 0.2390625 0.6 0.23697916666666666 0.5935185185185186 0.2296875 0.5935185185185186 0.2265625 0.5981481481481481 0.2265625 0.6138888888888889 0.21979166666666666 0.6277777777777778
3 0.4859375 0.5666666666666667 0.48489583333333336 0.6 0.4901041666666667 0.6305555555555555 0.48854166666666665 0.6509259259259259 0.48541666666666666 0.6555555555555556 0.4859375 0.6620370370370371 0.4895833333333333 0.6712962962962963 0.48802083333333335 0.6796296296296296 0.4890625 0.6824074074074075 0.503125 0.6824074074074075 0.5036458333333333 0.6777777777777778 0.49583333333333335 0.6685185185185185 0.49583333333333335 0.6537037037037037 0.50625 0.6324074074074074 0.503125 0.6018518518518519 0.5057291666666667 0.587037037037037 0.5 0.5574074074074075 0.5015625 0.5435185185185185 0.5 0.5277777777777778 0.49583333333333335 0.5259259259259259 0.49166666666666664 0.5305555555555556 0.49114583333333334 0.5453703703703704 0.4875 0.5527777777777778
3 0.8885416666666667 0.4888888888888889 0.8890625 0.5111111111111111 0.8916666666666667 0.5166666666666667 0.8932291666666666 0.5277777777777778 0.8875 0.5425925925925926 0.8895833333333333 0.5481481481481482 0.8942708333333333 0.55 0.8973958333333333 0.5462962962962963 0.8958333333333334 0.5398148148148149 0.9 0.524074074074074 0.8973958333333333 0.47314814814814815 0.8927083333333333 0.4740740740740741
3 0.8734375 0.4777777777777778 0.8713541666666667 0.48518518518518516 0.8713541666666667 0.4981481481481482 0.875 0.5324074074074074 0.8760416666666667 0.5351851851851852 0.8791666666666667 0.5324074074074074 0.8828125 0.5351851851851852 0.8822916666666667 0.4777777777777778 0.8807291666666667 0.47129629629629627 0.8760416666666667 0.47129629629629627
3 0.8078125 0.49537037037037035 0.8078125 0.5277777777777778 0.8026041666666667 0.5555555555555556 0.8057291666666667 0.5601851851851852 0.8104166666666667 0.5601851851851852 0.8119791666666667 0.5574074074074075 0.8104166666666667 0.55 0.8114583333333333 0.5444444444444444 0.8171875 0.5351851851851852 0.8161458333333333 0.5157407407407407 0.81875 0.5046296296296297 0.8197916666666667 0.48055555555555557 0.8197916666666667 0.4740740740740741 0.8182291666666667 0.47129629629629627 0.815625 0.47314814814814815 0.8130208333333333 0.48518518518518516
3 0.84375 0.4759259259259259 0.8416666666666667 0.4824074074074074 0.8432291666666667 0.5046296296296297 0.8421875 0.5287037037037037 0.85 0.5324074074074074 0.8520833333333333 0.5120370370370371 0.8515625 0.49444444444444446 0.853125 0.48703703703703705 0.8520833333333333 0.4666666666666667 0.8489583333333334 0.4666666666666667
3 0.9338541666666667 0.5259259259259259 0.9333333333333333 0.5435185185185185 0.9375 0.5398148148148149 0.9375 0.5503083333333333 0.9338541666666667 0.5527777777777778 0.9369791666666667 0.5574074074074075 0.9380208333333333 0.537962962962963 0.9411458333333333 0.5342592592592592 0.94375 0.5185185185185185 0.946875 0.5166666666666667 0.9484375 0.5120370370370371 0.9484375 0.5027777777777778 0.94375 0.4962962962962963 0.9427083333333334 0.4888888888888889 0.9348958333333334 0.5055555555555555
2 0.8209947916666667 0.4961666666666667 0.013677083333333334 0.03821296296296296
0 0.5522291666666667 0.7007685185185185 0.07201041666666666 0.26837962962962963
0 0.7508802083333334 0.4842314814814815 0.018166666666666668 0.05812962962962963