2 0.229984375 0.6368611111111111 0.069328125 0.14362962962962963
2 0.8117656249999999 0.5020185185185184 0.01934375 0.030657407407407408
0 0.7225052083333333 0.47099074074074077 0.009546875 0.01738888888888889
0 0.497109375 0.6502685185185185 0.07036979166666667 0.22098148148148147
3 0.46110937500000004 0.5276759259259259 0.04268229166666667 0.1097037037037037
3 0.5348697916666667 0.5274074074074074 0.03511979166666667 0.10128703703703704
3 0.5649791666666667 0.5975648148148148 0.06638541666666667 0.1877037037037037
3 0.7271302083333333 0.495537037037037 0.007786458333333333 0.05698148148148148
3 0.73421875 0.49248148148148146 0.0076302083333333335 0.060500000000000005
3 0.7156145833333334 0.5160740740740741 0.02372916666666667 0.08019444444444444
3 0.7417916666666666 0.5328055555555555 0.01996875 0.10381481481481482
3 0.761703125 0.49761111111111106 0.0259375 0.055796296296296295
3 0.7894166666666667 0.5115277777777778 0.029953125 0.10825