0 0.05344791666666667 0.7641111111111111 0.07266666666666667 0.3130555555555556
0 0.6655520833333333 0.49647222222222226 0.026041666666666668 0.07407407407407407
1 0.21831250000000002 0.5856574074074073 0.003484375 0.00974074074074074
3 0.231796875 0.5506481481481482 0.029796875 0.07562037037037037
3 0.26665625 0.5464537037037037 0.030921874999999998 0.08000925925925925
3 0.25370312500000003 0.5664259259259259 0.024609375 0.13040740740740742
3 0.15029166666666666 0.6272777777777778 0.05652083333333333 0.1855462962962963
3 0.2871770833333333 0.612 0.05234375 0.1729351851851852
3 0.356390625 0.540324074074074 0.033109375 0.09655555555555556
3 0.45021354166666666 0.5228518518518518 0.036520833333333336 0.09206481481481482
3 0.5008020833333333 0.5859166666666666 0.04070833333333333 0.17029629629629628
3 0.5744427083333333 0.5023703703703704 0.02275 0.10217592592592592
3 0.6003333333333334 0.5350925925925926 0.038614583333333334 0.10696296296296295