0 0.15984374999999998 0.7261944444444444 0.06225 0.29541666666666666
2 0.2267708333333333 0.6578981481481482 0.044458333333333336 0.12810185185185186
3 0.4624375 0.5490092592592593 0.033526041666666666 0.1299537037037037
3 0.5495364583333333 0.523537037037037 0.05547916666666666 0.08180555555555555
3 0.6740364583333334 0.6170277777777777 0.09623437500000001 0.19960185185185184
3 0.6940208333333333 0.5028518518518519 0.01788020833333333 0.07268518518518519
3 0.9124375 0.584675925925926 0.04874479166666667 0.12024074074074076
3 0.9462291666666667 0.5140092592592592 0.030119791666666666 0.09128703703703704
3 0.8821614583333334 0.5427222222222222 0.027140624999999998 0.09705555555555555
3 0.8280416666666667 0.4971296296296296 0.017239583333333332 0.054675925925925926
3 0.83671875 0.5498148148148148 0.057578125 0.09875925925925925
3 0.7745 0.4893888888888889 0.014619791666666666 0.05832407407407408
2 0.8099531249999999 0.49410185185185185 0.013958333333333333 0.03593518518518519
0 0.7632135416666667 0.4833888888888888 0.012677083333333334 0.05294444444444445