3 0.22221354166666665 0.5669444444444444 0.01982291666666667 0.09132407407407407
3 0.20822395833333335 0.5825277777777778 0.024838541666666665 0.11732407407407407
2 0.21897916666666667 0.6666481481481482 0.055901041666666665 0.11216666666666666
3 0.30325520833333336 0.8223611111111111 0.13859375000000002 0.35028703703703706
3 0.32655208333333335 0.6881111111111111 0.09516145833333334 0.22568518518518518
3 0.3375052083333333 0.6147499999999999 0.06377083333333333 0.18848148148148147
3 0.3835104166666667 0.6036944444444444 0.05508333333333334 0.1811111111111111
3 0.45398958333333334 0.5917685185185185 0.07758854166666666 0.19655555555555557
3 0.5514218750000001 0.5401666666666667 0.049749999999999996 0.11442592592592593
3 0.8681979166666667 0.5856203703703704 0.05666145833333334 0.16812037037037036
3 0.6785677083333332 0.6180925925925925 0.14056770833333332 0.18462037037037035
1 0.7624739583333333 0.6724907407407407 0.009869791666666666 0.02387037037037037
0 0.6428333333333334 0.5075277777777778 0.0335625 0.09827777777777778
2 0.8095625 0.5040185185185185 0.03178645833333334 0.04913888888888889