0 0.06522916666666666 0.8412685185185186 0.09473958333333334 0.30863888888888885
2 0.240265625 0.644787037037037 0.06380208333333333 0.11259259259259259
3 0.33375 0.584787037037037 0.033005208333333334 0.1300277777777778
3 0.3564947916666667 0.5299907407407407 0.019625 0.0880925925925926
3 0.37046874999999996 0.5192407407407407 0.010703125 0.06660185185185186
3 0.3870677083333333 0.571388888888889 0.029239583333333333 0.11382407407407408
3 0.38998958333333333 0.6201944444444444 0.06402604166666667 0.18394444444444444
3 0.503546875 0.5632407407407407 0.03469791666666667 0.13755555555555557
3 0.542703125 0.5351111111111111 0.04839583333333333 0.12668518518518518
3 0.6492760416666666 0.4957407407407407 0.01165625 0.01336111111111111
3 0.6710989583333333 0.5549351851851853 0.06073958333333333 0.1489814814814815
0 0.7224635416666667 0.4959351851851852 0.020078125 0.07110185185185186
2 0.809765625 0.4961203703703703 0.018593750000000003 0.04226851851851852
3 0.8777916666666666 0.5654074074074074 0.039864583333333335 0.14270370370370372