1 0.12673958333333332 0.6347499999999999 0.0036822916666666666 0.005703703703703704
3 0.13910416666666667 0.5861759259259259 0.044796875 0.10855555555555554
3 0.21054166666666668 0.5754814814814815 0.0320625 0.09053703703703704
2 0.22020833333333334 0.6521851851851852 0.08252083333333333 0.09472222222222222
3 0.28009375 0.5495 0.037723958333333335 0.09137037037037038
3 0.3356145833333333 0.6035648148148148 0.054463541666666664 0.1433425925925926
0 0.05306770833333333 0.799962962962963 0.09483333333333334 0.33383333333333337
3 0.3841822916666667 0.5291481481481481 0.036932291666666665 0.08133333333333334
3 0.4098125 0.5597685185185185 0.05511979166666667 0.12298148148148147
3 0.5557916666666666 0.5069351851851852 0.019760416666666666 0.0752037037037037
3 0.5300104166666667 0.5980648148148148 0.04230208333333333 0.14656481481481481
3 0.5650572916666667 0.5481111111111111 0.04693229166666667 0.11912037037037038
3 0.7926145833333333 0.5158796296296296 0.025171875 0.08888888888888889
0 0.668125 0.4959537037037037 0.016895833333333332 0.06621296296296297
2 0.810546875 0.50025 0.01758854166666667 0.035555555555555556