0 0.187484375 0.8277592592592593 0.08390625 0.3444722222222222
2 0.22269270833333332 0.6491851851851852 0.05882291666666666 0.11499074074074074
3 0.31923958333333335 0.5281111111111111 0.019453125 0.025814814814814815
3 0.30915625 0.5535092592592592 0.013296875000000001 0.04694444444444445
3 0.34027083333333336 0.5893981481481481 0.05375 0.12556481481481482
3 0.2986510416666667 0.629712962962963 0.06789583333333334 0.15449074074074073
3 0.48461458333333335 0.5415833333333333 0.05530729166666667 0.0964351851851852
3 0.49958854166666666 0.6436851851851851 0.08341666666666667 0.18808333333333332
3 0.5841822916666667 0.522 0.034604166666666665 0.09774074074074074
3 0.6750729166666667 0.5578240740740741 0.051791666666666666 0.18151851851851852
3 0.7478697916666667 0.5910092592592592 0.061468749999999996 0.16533333333333333
3 0.8552135416666666 0.5348518518518518 0.05896354166666666 0.12708333333333333
2 0.8112760416666667 0.49822222222222223 0.014796875 0.03439814814814815
0 0.7199791666666666 0.49134259259259255 0.024817708333333334 0.06921296296296296