0 0.19160416666666666 0.7651296296296296 0.08025520833333334 0.3135833333333333
2 0.24980729166666665 0.6459722222222222 0.05115104166666666 0.15051851851851852
3 0.32245833333333335 0.5724814814814815 0.03902604166666667 0.13758333333333334
3 0.367109375 0.5703240740740741 0.04497916666666667 0.11680555555555557
3 0.500609375 0.615787037037037 0.06725 0.17012037037037037
3 0.5439270833333333 0.5705740740740741 0.04672916666666667 0.13336111111111112
1 0.5959895833333333 0.5243333333333333 0.00446875 0.008231481481481482
3 0.5614218750000001 0.5048518518518519 0.013729166666666666 0.06189814814814814
3 0.5885885416666666 0.5385925925925925 0.061453125 0.11675
0 0.731 0.4858425925925926 0.01646875 0.06537037037037037
3 0.7642708333333333 0.539037037037037 0.043375000000000004 0.10537037037037036
3 0.7830885416666666 0.4988611111111111 0.02068229166666667 0.06792592592592593
2 0.8151197916666667 0.4966481481481481 0.017520833333333333 0.04511111111111111
3 0.935875 0.5335555555555556 0.048046875 0.11176851851851852
3 0.9760000000000001 0.49776851851851855 0.014026041666666666 0.047435185185185184