0 0.17303645833333334 0.7360277777777777 0.07033333333333333 0.29483333333333334
2 0.23058333333333333 0.6502407407407408 0.04955208333333334 0.12610185185185185
3 0.31180729166666665 0.6053055555555555 0.06853645833333334 0.16979629629629628
3 0.44978125 0.5569166666666667 0.060911458333333335 0.13416666666666668
3 0.6205104166666667 0.5146296296296295 0.04293229166666667 0.08589814814814814
1 0.6699322916666667 0.5130370370370371 0.002625 0.006138888888888889
3 0.6599947916666667 0.5029166666666667 0.02415625 0.06319444444444444
3 0.67034375 0.48714814814814816 0.01642708333333333 0.044175925925925924
3 0.6633385416666666 0.5888055555555555 0.08469270833333334 0.1478611111111111
3 0.7271510416666668 0.517212962962963 0.043619791666666664 0.11068518518518519
0 0.75896875 0.4832222222222222 0.020567708333333334 0.05497222222222222
3 0.9144427083333333 0.4960277777777778 0.018166666666666668 0.059805555555555556
3 0.8638489583333333 0.5043333333333333 0.03734375 0.07171296296296296
3 0.9075624999999999 0.5410555555555556 0.029802083333333333 0.11271296296296297
2 0.8171822916666667 0.49845370370370373 0.015697916666666666 0.03550925925925926