1 0.6825052083333334 0.5841759259259259 0.006697916666666666 0.014555555555555556
0 0.07205729166666666 0.778888888888889 0.092671875 0.34650000000000003
2 0.24437499999999998 0.6672037037037037 0.06331770833333333 0.13367592592592592
3 0.2877395833333333 0.6021203703703704 0.061010416666666664 0.16533333333333333
3 0.3920833333333333 0.5872314814814815 0.061536458333333335 0.13949074074074075
3 0.5110364583333333 0.5173888888888889 0.031796874999999995 0.07177777777777777
3 0.6137447916666667 0.5246111111111111 0.023104166666666665 0.08987037037037038
3 0.5928125000000001 0.5551111111111111 0.030651041666666667 0.11427777777777778
3 0.593328125 0.6465092592592593 0.054328125 0.16164814814814815
3 0.6639583333333333 0.5102500000000001 0.037135416666666664 0.08205555555555556
3 0.6870364583333333 0.6079907407407408 0.059421875 0.16246296296296298
3 0.9196197916666667 0.529962962962963 0.04028645833333333 0.1121574074074074
3 0.8673072916666666 0.5689722222222222 0.04996875 0.1562962962962963
2 0.8092135416666667 0.49415740740740743 0.014364583333333332 0.03164814814814815
0 0.7536197916666667 0.4908240740740741 0.022484375 0.06162962962962963