2 0.2045625 0.6259814814814815 0.048317708333333334 0.17425925925925925
0 0.254265625 0.5756203703703703 0.029546874999999997 0.1439814814814815
1 0.8106979166666667 0.6802314814814815 0.005182291666666667 0.009916666666666667
2 0.8097916666666667 0.4985740740740741 0.016390625 0.04218518518518519
0 0.7239322916666667 0.463787037037037 0.007093749999999999 0.021305555555555557
3 0.5633020833333333 0.5150833333333333 0.03115625 0.07796296296296297
3 0.6292500000000001 0.5215925925925926 0.044848958333333334 0.08581481481481482
3 0.7267343749999999 0.5142962962962964 0.038859375 0.08399074074074074
3 0.7489010416666667 0.49375 0.01677604166666667 0.06360185185185185
3 0.8338229166666667 0.5482314814814815 0.050479166666666665 0.08321296296296296
3 0.8285416666666666 0.6534722222222222 0.05828125 0.20069444444444445
3 0.8672395833333333 0.5041203703703704 0.021119791666666665 0.07127777777777779
3 0.8891197916666667 0.5064351851851853 0.026932291666666667 0.0720925925925926
3 0.9158229166666667 0.5354074074074074 0.050958333333333335 0.08162037037037037