2 0.21666666666666667 0.2953703703703704 0.21979166666666666 0.2962962962962963 0.221875 0.30277777777777776 0.221875 0.3148148148148148 0.22447916666666667 0.3212962962962963 0.22708333333333333 0.34814814814814815 0.2328125 0.37037037037037035 0.23333333333333334 0.39444444444444443 0.23645833333333333 0.40370370370370373 0.2359375 0.4074074074074074 0.22864583333333333 0.4083333333333333 0.22395833333333334 0.3814814814814815 0.22239583333333332 0.38333333333333336 0.22239583333333332 0.3972222222222222 0.22291666666666668 0.4046296296296296 0.22604166666666667 0.4111111111111111 0.2203125 0.41574074074074074 0.21770833333333334 0.4064814814814815 0.21614583333333334 0.39351851851851855 0.21666666666666667 0.36944444444444446 0.20989583333333334 0.337037037037037 0.20989583333333334 0.325 0.21354166666666666 0.31296296296296294 0.21302083333333333 0.30277777777777776 0.21614583333333334 0.2962962962962963
1 0.14801041666666667 0.3145277777777778 0.0033385416666666667 0.007796296296296296
0 0.10980729166666667 0.30024074074074075 0.0313125 0.09649074074074074
3 0.13704687499999998 0.2824259259259259 0.026093750000000002 0.09426851851851852
3 0.286 0.24921296296296294 0.03924479166666666 0.08275925925925925
3 0.3128229166666667 0.3098888888888889 0.0306875 0.10762962962962963
3 0.35124479166666667 0.38275 0.042359375 0.12935185185185183
3 0.39819791666666665 0.20964814814814814 0.0289375 0.057101851851851855
3 0.45245833333333335 0.2212222222222222 0.017651041666666666 0.06482407407407408
3 0.5418802083333334 0.24308333333333332 0.015916666666666666 0.06945370370370371
3 0.481109375 0.2595462962962963 0.022859375 0.07253703703703704
3 0.46258854166666663 0.3434074074074074 0.029807291666666666 0.11369444444444445
2 0.6859635416666666 0.2338888888888889 0.012 0.05536111111111111
0 0.6203958333333334 0.25217592592592597 0.024854166666666667 0.06653703703703703