1 0.20677604166666666 0.652 0.01203125 0.016712962962962964
0 0.2973854166666667 0.833462962962963 0.09549479166666666 0.2419537037037037
3 0.25828645833333336 0.5861666666666666 0.08722395833333334 0.20050925925925928
2 0.23203645833333333 0.41194444444444445 0.026932291666666667 0.08536111111111111
3 0.2576041666666667 0.4024814814814815 0.06889062500000001 0.15773148148148147
3 0.39460416666666664 0.34971296296296295 0.04014583333333333 0.14525925925925925
3 0.46190625 0.5092407407407408 0.05761979166666666 0.1973148148148148
3 0.559203125 0.2321574074074074 0.014166666666666666 0.06297222222222222
3 0.503234375 0.26952777777777776 0.027864583333333335 0.07221296296296296
3 0.5164583333333334 0.37993518518518515 0.03353125 0.1368611111111111
3 0.575734375 0.2720462962962963 0.030229166666666665 0.06549074074074074
3 0.7013645833333333 0.3077314814814815 0.023614583333333335 0.05289814814814815
3 0.7393854166666666 0.36230555555555555 0.018421874999999997 0.0932037037037037
0 0.5424375 0.21537037037037038 0.011807291666666667 0.05961111111111111
2 0.69428125 0.2401388888888889 0.016057291666666664 0.036944444444444446