0 0.14849479166666668 0.27828703703703705 0.036328125 0.09625
0 0.7413958333333334 0.2564074074074074 0.013552083333333333 0.054268518518518515
2 0.687265625 0.2381388888888889 0.013703125 0.03838888888888889
2 0.22022916666666664 0.37963888888888886 0.042921875 0.09256481481481481
3 0.25945833333333335 0.27425 0.03834895833333333 0.09444444444444444
3 0.38909895833333336 0.21358333333333332 0.022515624999999997 0.06191666666666667
3 0.49780729166666665 0.1963888888888889 0.009848958333333333 0.05003703703703704
3 0.511 0.20576851851851852 0.026385416666666665 0.05253703703703704
3 0.4900677083333333 0.28144444444444444 0.030255208333333335 0.10507407407407408
3 0.5340416666666666 0.28457407407407403 0.023921875 0.09256481481481481
3 0.5903333333333334 0.19825925925925927 0.014072916666666666 0.04878703703703703
3 0.614234375 0.2243425925925926 0.020281249999999997 0.05612962962962963
3 0.6143385416666667 0.29348148148148145 0.026765625 0.08363888888888889
3 0.6556354166666666 0.23809259259259258 0.018609374999999997 0.05538888888888889