1 0.0265625 0.7648148148148148 0.025520833333333333 0.7731481481481481 0.0296875 0.7759259259259259 0.030729166666666665 0.7666666666666667
1 0.5645833333333333 0.9416666666666667 0.5640625 0.9481481481481482 0.5671875 0.9527777777777777 0.5723958333333333 0.950925925925926 0.5729166666666666 0.9435185185185185 0.5708333333333333 0.9388888888888889
3 0.49583333333333335 0.2074074074074074 0.49583333333333335 0.24814814814814815 0.4973958333333333 0.25462962962962965 0.5010416666666667 0.2574074074074074 0.5046875 0.25462962962962965 0.5072916666666667 0.2101851851851852 0.50625 0.19814814814814816 0.5010416666666667 0.19814814814814816
2 0.6838541666666667 0.23055555555555557 0.6838541666666667 0.25 0.6932291666666667 0.25277777777777777 0.6958333333333333 0.24166666666666667 0.69375 0.22314814814814815 0.6875 0.21851851851851853
3 0.5786458333333333 0.20277777777777778 0.5776041666666667 0.22592592592592592 0.58125 0.22314814814814815 0.5838541666666667 0.21203703703703702 0.5838541666666667 0.19814814814814816 0.5817708333333333 0.19166666666666668 0.5796875 0.19444444444444445
3 0.4203125 0.20833333333333334 0.4197916666666667 0.22037037037037038 0.421875 0.22870370370370371 0.42083333333333334 0.24444444444444444 0.4239583333333333 0.2462962962962963 0.4244791666666667 0.23796296296296296 0.42864583333333334 0.23703703703703705 0.43020833333333336 0.2388888888888889 0.4317708333333333 0.25277777777777777 0.4354166666666667 0.25277777777777777 0.4296875 0.23148148148148148 0.42864583333333334 0.19444444444444445 0.425 0.1962962962962963
3 0.7932291666666667 0.28888888888888886 0.7921875 0.3175925925925926 0.7932291666666667 0.337037037037037 0.7958333333333333 0.3388888888888889 0.7979166666666667 0.3351851851851852 0.79375 0.3296296296296296 0.7984375 0.32592592592592595 0.8 0.31851851851851853 0.8 0.30092592592592593 0.7973958333333333 0.28888888888888886
3 0.661428125 0.22067407407407408 0.6609072916666666 0.2354888888888889 0.6577822916666667 0.23826666666666665 0.6577822916666667 0.24474814814814813 0.6635114583333334 0.24937777777777775 0.669240625 0.23085925925925926 0.669240625 0.21511851851851851 0.6681989583333333 0.21234074074074075 0.6650739583333334 0.21234074074074075
2 0.23229166666666667 0.38981481481481484 0.23229166666666667 0.4009259259259259 0.24375 0.4074074074074074 0.25625 0.4027777777777778 0.2604166666666667 0.39814814814814814 0.26197916666666665 0.387037037037037 0.25729166666666664 0.35648148148148145 0.25833333333333336 0.34629629629629627 0.2557291666666667 0.337037037037037 0.2515625 0.337037037037037 0.25 0.3398148148148148 0.24947916666666667 0.35185185185185186 0.2375 0.3768518518518518 0.23645833333333333 0.3861111111111111
3 0.6416666666666667 0.2324074074074074 0.6416666666666667 0.25462962962962965 0.6390625 0.2675925925925926 0.6421875 0.2657407407407407 0.6421875 0.26851851851851855 0.6395833333333333 0.2759259259259259 0.6416666666666667 0.27314814814814814 0.6427083333333333 0.2638888888888889 0.6473958333333333 0.25925925925925924 0.6473958333333333 0.27314814814814814 0.6505208333333333 0.26851851851851855 0.6505208333333333 0.26342592592592595 0.6484375 0.2601851851851852 0.6505208333333333 0.25833333333333336 0.6484375 0.22314814814814815 0.6447916666666667 0.22314814814814815
3 0.5177083333333333 0.24722222222222223 0.5151041666666667 0.25462962962962965 0.5151041666666667 0.2638888888888889 0.51875 0.26944444444444443 0.5203125 0.3101851851851852 0.5265625 0.3101851851851852 0.5260416666666666 0.3138888888888889 0.5291666666666667 0.31851851851851853 0.53125 0.31666666666666665 0.53125 0.31203703703703706 0.5302083333333333 0.30925925925925923 0.5270833333333333 0.30925925925925923 0.5265625 0.29907407407407405 0.5302083333333333 0.30324074074074076 0.5307291666666667 0.27870370370370373 0.5333333333333333 0.2759259259259259 0.5291666666666667 0.23055555555555557 0.5255208333333333 0.22777777777777777 0.5239583333333333 0.23703703703703705
3 0.5635416666666667 0.1712962962962963 0.5630208333333333 0.18888888888888888 0.5671875 0.21851851851851853 0.571875 0.1962962962962963 0.571875 0.18518518518518517
3 0.6494791666666667 0.23055555555555557 0.6489583333333333 0.2712962962962963 0.6505208333333333 0.27314814814814814 0.6541666666666667 0.26944444444444443 0.6583333333333333 0.2351851851851852 0.6541666666666667 0.22314814814814815
3 0.6848854166666667 0.22495370370370368 0.0076302083333333335 0.03449074074074074