2 0.23227083333333332 0.403787037037037 0.042854166666666665 0.0863425925925926
3 0.31627083333333333 0.48479629629629634 0.049713541666666666 0.15085185185185185
3 0.3045572916666667 0.3474074074074074 0.029713541666666666 0.11174074074074075
3 0.34883854166666667 0.41521296296296295 0.056567708333333334 0.11021296296296297
3 0.39840625 0.4451851851851852 0.031713541666666664 0.14983333333333332
3 0.3226979166666667 0.3034722222222222 0.028854166666666667 0.10412037037037038
3 0.3608385416666666 0.3093148148148148 0.02228645833333333 0.10462962962962963
3 0.59696875 0.22522222222222224 0.014630208333333334 0.059509259259259255
3 0.6720052083333333 0.2997037037037037 0.020171875 0.08394444444444445
3 0.6475104166666666 0.34857407407407404 0.027489583333333335 0.09891666666666667
3 0.5950833333333333 0.2977314814814815 0.029927083333333333 0.09103703703703703
2 0.6991614583333334 0.24314814814814817 0.014630208333333334 0.04256481481481481
0 0.1736197916666667 0.31572222222222224 0.029244791666666665 0.11862037037037039
0 0.7864791666666666 0.2873703703703704 0.013114583333333334 0.062333333333333324