3 0.143265625 0.2821944444444444 0.03714583333333333 0.09019444444444444
2 0.220796875 0.35141666666666665 0.03682291666666667 0.1297222222222222
0 0.14865104166666668 0.393537037037037 0.06234375 0.1458148148148148
3 0.319765625 0.36972222222222223 0.04398958333333333 0.13885185185185187
3 0.31460937499999997 0.2365 0.03397395833333334 0.09650925925925927
3 0.37118229166666666 0.2182777777777778 0.023260416666666665 0.08148148148148149
3 0.46022395833333335 0.2389814814814815 0.017427083333333333 0.059666666666666666
3 0.4768489583333333 0.2766574074074074 0.01598958333333333 0.09712962962962964
3 0.451125 0.3005740740740741 0.06046354166666667 0.10225000000000001
3 0.5636875 0.22553703703703704 0.02340625 0.07739814814814815
3 0.6229635416666667 0.24089814814814817 0.014270833333333333 0.07106481481481482
3 0.6422708333333333 0.25389814814814815 0.02918229166666667 0.06692592592592593
2 0.6916979166666667 0.23469444444444446 0.0169375 0.06406481481481481
0 0.6736927083333334 0.29162037037037036 0.013546875000000002 0.09276851851851851