2 0.23489583333333333 0.33240740740740743 0.23645833333333333 0.34814814814814815 0.24427083333333333 0.36018518518518516 0.2515625 0.3490740740740741 0.2552083333333333 0.35 0.2546875 0.35555555555555557 0.2390625 0.375 0.24010416666666667 0.3814814814814815 0.24895833333333334 0.4009259259259259 0.24895833333333334 0.4074074074074074 0.2390625 0.4203703703703704 0.2359375 0.4185185185185185 0.23489583333333333 0.4064814814814815 0.22708333333333333 0.40370370370370373 0.22135416666666666 0.37037037037037035 0.22291666666666668 0.35648148148148145 0.22864583333333333 0.3453703703703704 0.22916666666666666 0.33425925925925926 0.234375 0.33240740740740743
0 0.16038020833333333 0.5195277777777778 0.08349479166666667 0.20546296296296296
3 0.303375 0.42137037037037034 0.0595 0.15800925925925927
3 0.23591666666666666 0.291 0.03183333333333333 0.11274074074074074
3 0.293640625 0.29850925925925925 0.05986458333333333 0.1290648148148148
3 0.36220312499999996 0.25530555555555556 0.03391145833333333 0.08574999999999999
3 0.38301562499999997 0.2251574074074074 0.03758333333333333 0.06333333333333334
3 0.37634375000000003 0.3333333333333333 0.05558333333333333 0.10425000000000001
3 0.4237239583333333 0.26389814814814816 0.039177083333333335 0.0864074074074074
3 0.5859427083333333 0.2713055555555555 0.03096875 0.08119444444444444
3 0.6418593749999999 0.39211111111111113 0.03854166666666667 0.14694444444444443
0 0.5425520833333334 0.20466666666666666 0.01838020833333333 0.07030555555555557
2 0.6790104166666667 0.23447222222222222 0.01592708333333333 0.057435185185185186