1 0.20965104166666665 0.3143611111111111 0.0037135416666666666 0.005083333333333334
0 0.09567708333333333 0.3232685185185185 0.03197916666666666 0.10151851851851852
0 0.7604843750000001 0.2703981481481481 0.015041666666666667 0.05778703703703703
2 0.6882552083333333 0.22903703703703704 0.017979166666666668 0.057833333333333334
2 0.22482812500000002 0.3883888888888889 0.033625 0.09312037037037037
3 0.19691666666666666 0.28607407407407404 0.039447916666666666 0.08392592592592593
3 0.26847916666666666 0.265 0.039447916666666666 0.0685925925925926
3 0.32053645833333333 0.4794074074074074 0.07113541666666667 0.17858333333333334
3 0.4509166666666667 0.2731018518518518 0.039760416666666666 0.09210185185185185
3 0.4525729166666667 0.32825925925925925 0.042468750000000006 0.1145925925925926
3 0.49534895833333337 0.2843425925925926 0.028614583333333332 0.09960185185185184
3 0.7436770833333333 0.3537222222222222 0.026364583333333334 0.10124074074074074
3 0.7106302083333333 0.2549814814814815 0.013005208333333332 0.045
3 0.7037760416666666 0.2946666666666667 0.021796875 0.07437037037037036
3 0.6550885416666666 0.23248148148148148 0.025661458333333335 0.05625