1 0.256765625 0.4837777777777778 0.005515625 0.008694444444444446
2 0.22978645833333333 0.3669259259259259 0.035203125 0.09087037037037037
3 0.23894791666666665 0.4625185185185185 0.05159895833333333 0.16546296296296295
3 0.40628125 0.41022222222222227 0.060281249999999995 0.14660185185185187
0 0.14467187499999998 0.31549074074074074 0.026041666666666668 0.10459259259259258
3 0.4761770833333333 0.2197685185185185 0.014296874999999999 0.056416666666666664
3 0.45403125 0.23929629629629628 0.03975520833333333 0.06943518518518518
3 0.5652708333333333 0.2318611111111111 0.024411458333333334 0.07935185185185185
3 0.62403125 0.22008333333333333 0.014296874999999999 0.055796296296296295
3 0.6397239583333333 0.23588888888888887 0.01778645833333333 0.06385185185185184
3 0.6118281250000001 0.29106481481481483 0.049171875 0.07625
3 0.6475729166666666 0.3177222222222222 0.028593749999999998 0.09857407407407406
2 0.6888958333333334 0.2321666666666667 0.01778645833333333 0.061370370370370374
0 0.7673541666666667 0.27432407407407405 0.013598958333333333 0.05889814814814815