0 0.164484375 0.8486388888888888 0.12671354166666665 0.29367592592592595
3 0.15747916666666667 0.2855555555555555 0.04569270833333334 0.10288888888888889
3 0.21889062499999998 0.2873518518518518 0.025447916666666667 0.08944444444444444
3 0.34380208333333334 0.2883796296296296 0.025447916666666667 0.07402777777777778
3 0.2861197916666667 0.3205092592592592 0.04828645833333333 0.09612962962962962
3 0.2553229166666667 0.3642037037037037 0.03758854166666667 0.128
2 0.21628645833333332 0.3732037037037037 0.031229166666666665 0.08225
3 0.21469791666666668 0.5012037037037037 0.05638541666666667 0.17580555555555555
3 0.3711510416666667 0.3932685185185185 0.057026041666666666 0.13983333333333334
3 0.4790520833333333 0.23115740740740742 0.024088541666666668 0.058555555555555555
3 0.4859375 0.3329722222222222 0.04375 0.1258425925925926
3 0.576390625 0.29276851851851854 0.022119791666666666 0.09438888888888888
0 0.49970312499999997 0.21717592592592594 0.014255208333333333 0.0620462962962963
2 0.6953541666666666 0.24251851851851852 0.015239583333333334 0.03758333333333334