2 0.22864583333333333 0.3333333333333333 0.23072916666666668 0.33796296296296297 0.23125 0.3472222222222222 0.2375 0.3527777777777778 0.246875 0.3731481481481482 0.24635416666666668 0.37592592592592594 0.24010416666666667 0.37407407407407406 0.2390625 0.37777777777777777 0.24791666666666667 0.3888888888888889 0.24791666666666667 0.3972222222222222 0.23489583333333333 0.40555555555555556 0.23020833333333332 0.40555555555555556 0.2234375 0.3925925925925926 0.22291666666666668 0.3768518518518518 0.2203125 0.37037037037037035 0.21354166666666666 0.3768518518518518 0.2109375 0.375 0.21510416666666668 0.3611111111111111 0.22239583333333332 0.34814814814814815 0.22291666666666668 0.3351851851851852 0.228125 0.3333333333333333
3 0.34998958333333335 0.2441851851851852 0.025359375 0.0610462962962963
3 0.3756145833333333 0.2467685185185185 0.058640625 0.07185185185185185
3 0.34536979166666665 0.30241666666666667 0.045697916666666664 0.10518518518518517
3 0.46938541666666667 0.35383333333333333 0.03486458333333333 0.11975000000000001
0 0.4453489583333334 0.5254722222222222 0.04807291666666667 0.2000462962962963
3 0.52228125 0.2106388888888889 0.014604166666666666 0.051916666666666667
3 0.48697395833333335 0.21409259259259258 0.01940625 0.05619444444444444
3 0.5293020833333333 0.22756481481481483 0.018302083333333333 0.0745925925925926
0 0.5495468750000001 0.19897222222222222 0.0129375 0.05422222222222223
0 0.57653125 0.2683148148148148 0.024401041666666668 0.07722222222222223
3 0.7695104166666666 0.2974074074074074 0.019208333333333334 0.07382407407407408
2 0.68728125 0.23187962962962963 0.012807291666666666 0.037722222222222226
3 0.6836197916666666 0.2601759259259259 0.03548958333333333 0.050083333333333334