2 0.2421875 0.4111111111111111 0.24270833333333333 0.37407407407407406 0.23854166666666668 0.35833333333333334 0.2375 0.34629629629629627 0.2375 0.3 0.24010416666666667 0.2953703703703704 0.24479166666666666 0.2953703703703704 0.24791666666666667 0.3055555555555556 0.24635416666666668 0.3175925925925926 0.24947916666666667 0.3277777777777778 0.2515625 0.3490740740740741 0.2515625 0.4074074074074074 0.24895833333333334 0.4111111111111111 0.24270833333333333 0.4111111111111111
0 0.45917708333333335 0.21903703703703703 0.020052083333333335 0.07276851851851852
1 0.7571041666666667 0.30733333333333335 0.004197916666666667 0.005083333333333334
0 0.811546875 0.28037962962962965 0.012395833333333333 0.05899074074074074
3 0.750046875 0.28631481481481486 0.025171875 0.06611111111111112
2 0.6996979166666667 0.2434259259259259 0.019072916666666665 0.0372962962962963
3 0.7128593750000001 0.2508796296296296 0.009536458333333333 0.0495
3 0.7234427083333334 0.2671574074074074 0.025744791666666666 0.045425925925925925
3 0.6770989583333333 0.22714814814814815 0.012015625 0.04611111111111111
3 0.6527864583333333 0.22155555555555556 0.014494791666666666 0.03356481481481482
3 0.6417239583333333 0.2266388888888889 0.01678125 0.05187037037037037
3 0.6059687500000001 0.22477777777777777 0.018114583333333333 0.06305555555555555
3 0.6612708333333334 0.2578333333333333 0.03184895833333333 0.05594444444444445
3 0.6732864583333333 0.3124166666666667 0.027270833333333334 0.07696296296296297
3 0.56134375 0.23342592592592593 0.022692708333333332 0.07627777777777778