0 0.10406770833333333 0.29977777777777775 0.024484375 0.10091666666666667
0 0.7226302083333334 0.28888888888888886 0.015026041666666667 0.061342592592592594
3 0.7298645833333333 0.4061296296296296 0.015026041666666667 0.1019074074074074
3 0.6041041666666668 0.24913888888888888 0.026270833333333334 0.0714074074074074
3 0.5957447916666666 0.3072314814814815 0.021708333333333333 0.07642592592592592
3 0.5052083333333334 0.24798148148148147 0.02518229166666667 0.066
3 0.4697135416666667 0.317462962962963 0.033651041666666666 0.12698148148148147
3 0.4305260416666667 0.2769351851851852 0.03777604166666667 0.07912037037037037
3 0.33766666666666667 0.2306111111111111 0.01825 0.07185185185185185
3 0.33288541666666666 0.293962962962963 0.03650520833333334 0.09966666666666667
3 0.31593750000000004 0.35886111111111113 0.044328125 0.14601851851851852
3 0.3856875 0.3646574074074074 0.04128645833333333 0.12825
2 0.6895572916666667 0.24246296296296296 0.013640625 0.03565740740740741
2 0.24136979166666667 0.39739814814814817 0.042578125 0.08601851851851852