2 0.22864583333333333 0.3648148148148148 0.22708333333333333 0.38333333333333336 0.221875 0.39351851851851855 0.22291666666666668 0.4 0.234375 0.3907407407407407 0.24427083333333333 0.3925925925925926 0.2515625 0.38796296296296295 0.2520833333333333 0.39166666666666666 0.24427083333333333 0.40370370370370373 0.23177083333333334 0.4083333333333333 0.221875 0.425 0.22083333333333333 0.43148148148148147 0.21041666666666667 0.425 0.20260416666666667 0.41203703703703703 0.20052083333333334 0.3861111111111111 0.203125 0.37962962962962965 0.21979166666666666 0.37777777777777777 0.22604166666666667 0.3648148148148148 0.228125 0.3648148148148148
0 0.1315625 0.5682037037037037 0.10952083333333333 0.23768518518518517
0 0.5498802083333333 0.21583333333333332 0.023276041666666667 0.07340740740740741
2 0.6791770833333334 0.23340740740740742 0.021046875 0.055268518518518515
3 0.2792760416666667 0.26283333333333336 0.050583333333333334 0.06226851851851852
3 0.2517447916666667 0.3167037037037037 0.04797916666666667 0.11613888888888889
3 0.2884427083333333 0.3290185185185185 0.03177083333333333 0.11469444444444445
3 0.3111666666666667 0.23735185185185184 0.018572916666666665 0.07559259259259259
3 0.3329447916666667 0.30780092592592595 0.28775572916666664 0.4229185185185185 0.301953125 0.4383092592592593 0.32757760416666665 0.44046388888888893 0.32757760416666665 0.40291203703703704 0.3220369791666667 0.3859824074074074 0.3306942708333333 0.36135833333333334 0.3334640625 0.33735000000000004 0.337965625 0.33427222222222225 0.3358880208333333 0.30441574074074074
3 0.32757760416666665 0.49648333333333333 0.3587421875 0.48386388888888887 0.35424062500000003 0.4453888888888889 0.386790625 0.45616111111111113 0.3909463541666666 0.4370777777777778 0.3523364583333333 0.41430092592592593 0.34350625 0.3358111111111111 0.3324255208333333 0.33827407407407406 0.32221041666666667 0.38844537037037036
3 0.41483906249999997 0.21977037037037037 0.40722135416666666 0.30687777777777775 0.42626614583333333 0.3167277777777778 0.4314604166666667 0.2994907407407407 0.43319166666666664 0.2619388888888889 0.42557395833333334 0.22623425925925925
3 0.5768333333333333 0.30408333333333337 0.04076041666666667 0.10590740740740741
3 0.4834270833333333 0.40617592592592594 0.06650520833333333 0.15284259259259259