1 0.5912760416666667 0.4763611111111111 0.006604166666666666 0.012638888888888889
3 0.6169322916666666 0.4253425925925926 0.052828125000000004 0.14719444444444443
0 0.24260416666666668 0.2810648148148148 0.01690104166666667 0.09123148148148148
2 0.24459895833333334 0.35754629629629625 0.03134375 0.12291666666666666
3 0.3188125 0.25702777777777774 0.022432291666666666 0.0879537037037037
3 0.48662500000000003 0.22517592592592592 0.029640624999999997 0.06573148148148147
3 0.6036614583333333 0.2172962962962963 0.018640625 0.0565
3 0.6198593750000001 0.2403888888888889 0.02597395833333333 0.07116666666666667
3 0.6453749999999999 0.32024074074074077 0.0385 0.1005
3 0.6788333333333333 0.2300648148148148 0.010692708333333334 0.04725925925925926
2 0.6950260416666667 0.24174074074074073 0.012526041666666666 0.04346296296296296
3 0.6936510416666667 0.23957407407407408 0.011000000000000001 0.04346296296296296
3 0.6715 0.2618425925925926 0.014973958333333334 0.06627777777777778
0 0.8108385416666667 0.2903981481481481 0.014911458333333332 0.059527777777777784