2 0.2421875 0.2972222222222222 0.24583333333333332 0.3074074074074074 0.24427083333333333 0.3212962962962963 0.25052083333333336 0.3731481481481482 0.24947916666666667 0.39537037037037037 0.2526041666666667 0.4046296296296296 0.24947916666666667 0.412962962962963 0.24114583333333334 0.41574074074074074 0.24010416666666667 0.3731481481481482 0.23541666666666666 0.35833333333333334 0.23541666666666666 0.3351851851851852 0.23333333333333334 0.32407407407407407 0.23697916666666666 0.3138888888888889 0.23541666666666666 0.30092592592592593 0.24166666666666667 0.2972222222222222
0 0.5383281249999999 0.22775 0.015848958333333333 0.06856481481481481
3 0.7704687499999999 0.26961111111111113 0.015854166666666666 0.0399537037037037
0 0.8125416666666666 0.26542592592592595 0.010104166666666666 0.029111111111111112
3 0.8157656249999999 0.28803703703703704 0.009932291666666667 0.03468518518518519
3 0.8088802083333333 0.31467592592592597 0.012541666666666666 0.06751851851851852
3 0.7737760416666667 0.3025925925925926 0.022125 0.07061111111111111
2 0.7014791666666667 0.25087037037037035 0.024911458333333334 0.02973148148148148
3 0.647296875 0.21448148148148147 0.016203125 0.03747222222222222
3 0.6765677083333334 0.2277962962962963 0.009932291666666667 0.043666666666666666
3 0.666546875 0.2188148148148148 0.007317708333333334 0.02199074074074074
3 0.6532187500000001 0.22965740740740742 0.01690104166666667 0.03624074074074074
3 0.6607135416666666 0.24266666666666664 0.016203125 0.057916666666666665
3 0.6836197916666666 0.24916666666666668 0.0139375 0.05853703703703703