0 0.05405729166666667 0.32815740740740745 0.042265625 0.10761111111111112
1 0.11158333333333334 0.39462037037037034 0.00403125 0.008842592592592593
3 0.09859895833333333 0.3755277777777778 0.024005208333333337 0.1316111111111111
2 0.21614583333333334 0.38533333333333336 0.027380208333333333 0.0716574074074074
3 0.19043229166666667 0.35102777777777777 0.03657291666666666 0.09428703703703703
3 0.24301562499999999 0.38102777777777774 0.043541666666666666 0.1456574074074074
3 0.264625 0.5577685185185185 0.07665104166666666 0.21250925925925926
3 0.49913541666666666 0.47125 0.051708333333333335 0.17574074074074075
3 0.30294791666666665 0.3314722222222222 0.01946875 0.11787962962962963
3 0.300390625 0.2684444444444445 0.017505208333333334 0.021611111111111112
3 0.4059635416666667 0.24016666666666667 0.021901041666666666 0.07925
3 0.4829114583333334 0.3400925925925926 0.03236979166666667 0.11646296296296296
3 0.563984375 0.26420370370370366 0.03559895833333333 0.09933333333333333
2 0.6915416666666666 0.24146296296296293 0.012911458333333332 0.040546296296296296
0 0.7156822916666666 0.29834259259259255 0.021234375000000003 0.05772222222222222