2 0.25625 0.33796296296296297 0.25885416666666666 0.3472222222222222 0.2578125 0.35648148148148145 0.26197916666666665 0.3907407407407407 0.25833333333333336 0.40185185185185185 0.24583333333333332 0.4064814814814815 0.234375 0.4027777777777778 0.2328125 0.39166666666666666 0.2375 0.38425925925925924 0.23854166666666668 0.3768518518518518 0.24947916666666667 0.35185185185185186 0.24947916666666667 0.34074074074074073 0.2557291666666667 0.33796296296296297
3 0.379890625 0.22878703703703704 0.010041666666666667 0.06953703703703704
3 0.39116666666666666 0.23516666666666666 0.028166666666666666 0.06976851851851851
0 0.5250260416666667 0.41358333333333336 0.029104166666666667 0.14364814814814814
0 0.6336302083333333 0.2021851851851852 0.012187499999999999 0.038796296296296294
3 0.6514270833333333 0.21878703703703703 0.010026041666666667 0.039842592592592596
2 0.693296875 0.23892592592592596 0.010807291666666666 0.032962962962962965
3 0.6882135416666666 0.25792592592592595 0.020890625 0.05698148148148148
3 0.702875 0.27496296296296296 0.015880208333333333 0.059009259259259254
3 0.7279166666666667 0.3034537037037037 0.009588541666666667 0.024925925925925928
3 0.57415625 0.19801851851851854 0.017328125000000003 0.04468518518518518
3 0.5534531250000001 0.2006388888888889 0.015135416666666667 0.048231481481481486
3 0.6215208333333333 0.26004629629629633 0.015328125 0.0685462962962963
3 0.5437395833333334 0.29083333333333333 0.03335416666666667 0.0995462962962963