2 0.24166666666666667 0.2962962962962963 0.24427083333333333 0.29907407407407405 0.24635416666666668 0.30925925925925923 0.24427083333333333 0.31851851851851853 0.25052083333333336 0.3712962962962963 0.24947916666666667 0.3962962962962963 0.2526041666666667 0.40370370370370373 0.2484375 0.41388888888888886 0.24166666666666667 0.41574074074074074 0.24010416666666667 0.41388888888888886 0.23958333333333334 0.4009259259259259 0.24010416666666667 0.37222222222222223 0.2359375 0.3592592592592593 0.2359375 0.3388888888888889 0.23333333333333334 0.325 0.23697916666666666 0.3138888888888889 0.23541666666666666 0.30277777777777776 0.23802083333333332 0.2972222222222222 0.24114583333333334 0.2962962962962963
1 0.7553385416666667 0.2726296296296296 0.0032135416666666666 0.005
0 0.8098437500000001 0.276287037037037 0.010208333333333335 0.05647222222222222
3 0.78409375 0.28435185185185186 0.022687500000000003 0.05082407407407408
3 0.7497239583333334 0.25450925925925927 0.018375 0.05082407407407408
3 0.7314583333333334 0.24261111111111108 0.014067708333333335 0.04719444444444444
3 0.70378125 0.23696296296296296 0.01225 0.04396296296296296
2 0.6948177083333333 0.24099999999999996 0.017921874999999997 0.031055555555555555
3 0.688125 0.23535185185185187 0.011796875 0.053648148148148146
3 0.663734375 0.22405555555555554 0.012026041666666666 0.04557407407407407
3 0.6300416666666667 0.22264814814814815 0.02178125 0.05082407407407408
3 0.5779739583333333 0.22849074074074074 0.0288125 0.06493518518518518
3 0.7120625 0.28173148148148147 0.01883333333333333 0.07058333333333333
3 0.733046875 0.28576851851851853 0.01633333333333333 0.05525925925925926
0 0.5198958333333333 0.22566666666666665 0.017921874999999997 0.07138888888888888