2 0.22916666666666666 0.35833333333333334 0.23229166666666667 0.3638888888888889 0.23072916666666668 0.38333333333333336 0.234375 0.3972222222222222 0.234375 0.4185185185185185 0.23854166666666668 0.42685185185185187 0.2359375 0.4305555555555556 0.23385416666666667 0.4305555555555556 0.23072916666666668 0.4212962962962963 0.2234375 0.4212962962962963 0.2203125 0.42685185185185187 0.21041666666666667 0.4212962962962963 0.20885416666666667 0.41759259259259257 0.20885416666666667 0.40370370370370373 0.21145833333333333 0.387037037037037 0.22395833333333334 0.36203703703703705 0.22864583333333333 0.35833333333333334
1 0.1518958333333333 0.3257962962962963 0.003859375 0.007888888888888888
0 0.070359375 0.34030555555555553 0.029848958333333335 0.10781481481481481
3 0.14214583333333333 0.27923148148148147 0.027479166666666666 0.07497222222222222
3 0.13503645833333333 0.39211111111111113 0.03790625 0.13562037037037036
3 0.2548125 0.350212962962963 0.040854166666666664 0.11817592592592592
3 0.28510416666666666 0.2994351851851852 0.038427083333333334 0.09416666666666666
3 0.3074375 0.32959259259259255 0.03669791666666666 0.10771296296296295
3 0.34655729166666666 0.36837037037037035 0.05123958333333333 0.11755555555555555
3 0.4005677083333333 0.29450925925925925 0.029776041666666666 0.09539814814814815
3 0.40471874999999996 0.33851851851851855 0.03254166666666666 0.11078703703703704
3 0.5555729166666666 0.30591666666666667 0.036229166666666666 0.09275925925925926
0 0.7483906250000001 0.3214444444444445 0.015958333333333335 0.07686111111111112
2 0.6806145833333334 0.2350648148148148 0.010911458333333334 0.05207407407407408