2 0.2552083333333333 0.35648148148148145 0.25833333333333336 0.3685185185185185 0.2526041666666667 0.387037037037037 0.2526041666666667 0.41574074074074074 0.25052083333333336 0.42962962962962964 0.24427083333333333 0.42685185185185187 0.2234375 0.42962962962962964 0.22135416666666666 0.4212962962962963 0.22135416666666666 0.40925925925925927 0.22916666666666666 0.4064814814814815 0.228125 0.387037037037037 0.2328125 0.37777777777777777 0.24635416666666668 0.3675925925925926 0.25104166666666666 0.35648148148148145 0.2546875 0.35648148148148145
0 0.07389583333333333 0.3090277777777778 0.033203125 0.10185185185185185
0 0.7213541666666666 0.3020833333333333 0.01953125 0.06944444444444445
1 0.498125 0.4386574074074074 0.010505208333333333 0.013731481481481482
2 0.6869322916666667 0.24253703703703702 0.01915625 0.03680555555555556
3 0.6036354166666666 0.27032407407407405 0.03355208333333334 0.08176851851851852
3 0.493375 0.30471296296296296 0.02841145833333333 0.0937962962962963
3 0.534234375 0.34367592592592594 0.027328124999999998 0.09572222222222222
3 0.5144791666666666 0.3722962962962963 0.03652604166666666 0.11832407407407408
3 0.47213541666666664 0.3470462962962963 0.023807291666666668 0.11207407407407408
3 0.4454895833333333 0.3290092592592592 0.032739583333333336 0.09427777777777777
3 0.42668229166666666 0.35041666666666665 0.06926562500000001 0.1467037037037037
3 0.379875 0.27417592592592593 0.024890625 0.08850925925925926
3 0.29666145833333335 0.26846296296296296 0.040984374999999997 0.08631481481481482
3 0.30202083333333335 0.35533333333333333 0.04539583333333333 0.1154537037037037