2 0.24244270833333334 0.3587037037037037 0.029635416666666668 0.1322685185185185
0 0.3370208333333334 0.25333333333333335 0.02206770833333333 0.08967592592592592
2 0.6915989583333333 0.24002777777777778 0.013802083333333333 0.03836111111111111
0 0.80725 0.2915277777777778 0.011588541666666667 0.06084259259259259
3 0.731390625 0.29512037037037037 0.028026041666666668 0.06036111111111111
3 0.7107760416666667 0.25823148148148145 0.01428125 0.0594074074074074
3 0.6632083333333333 0.2323611111111111 0.011859375 0.04790740740740741
3 0.6626718749999999 0.27187962962962964 0.030723958333333336 0.07617592592592592
3 0.6110625 0.22637037037037036 0.021291666666666667 0.05605555555555555
3 0.5084531250000001 0.2024166666666667 0.018046875 0.03941666666666667
3 0.49290104166666665 0.24610185185185188 0.020625 0.07362962962962963
3 0.51653125 0.22578703703703704 0.028359375000000003 0.04033333333333333
3 0.52409375 0.25710185185185186 0.025953125 0.0724074074074074
3 0.5575208333333334 0.3574722222222222 0.061182291666666666 0.12710185185185185