2 0.24455729166666668 0.35364814814814816 0.03184895833333333 0.12590740740740738
0 0.3779166666666667 0.23092592592592592 0.03191666666666667 0.07639814814814816
3 0.3965520833333333 0.24566666666666667 0.023536458333333333 0.08241666666666667
3 0.45672916666666663 0.20255555555555554 0.03619791666666667 0.05578703703703704
3 0.5094791666666667 0.20169444444444445 0.023244791666666667 0.04063888888888889
3 0.5289791666666667 0.21363888888888888 0.02634375 0.049824074074074076
3 0.6171666666666666 0.20377777777777778 0.019020833333333334 0.04508333333333333
3 0.6278489583333333 0.22127777777777777 0.021354166666666667 0.040935185185185186
3 0.6312656249999999 0.24960185185185185 0.01952083333333333 0.05606481481481481
3 0.6374375000000001 0.27274074074074073 0.04020833333333333 0.07088888888888889
2 0.6849895833333334 0.23402777777777778 0.0211875 0.03677777777777778
3 0.6889947916666667 0.2556851851851852 0.019854166666666666 0.0575462962962963
0 0.7998854166666667 0.2831574074074074 0.013526041666666665 0.059268518518518526