2 0.2256041666666667 0.3911018518518518 0.04494270833333334 0.11506481481481481
3 0.2969791666666667 0.32479629629629625 0.05488020833333333 0.1445
0 0.351484375 0.7303425925925926 0.09618229166666666 0.27040740740740743
1 0.5246822916666667 0.5849629629629629 0.005395833333333333 0.012425925925925925
3 0.4767239583333333 0.31276851851851856 0.05316666666666667 0.09547222222222222
3 0.5879895833333334 0.5006296296296295 0.036984375 0.1411111111111111
3 0.6363229166666666 0.49137037037037035 0.04315104166666666 0.16973148148148148
0 0.5519322916666667 0.20058333333333334 0.022593750000000003 0.062490740740740736
3 0.5540937499999999 0.2687314814814815 0.025359375 0.08137037037037037
3 0.583171875 0.2650740740740741 0.025703125 0.08037037037037037
3 0.5907604166666667 0.22480555555555554 0.022234374999999997 0.07208333333333333
2 0.6939427083333333 0.23955555555555558 0.01796875 0.048888888888888885
3 0.6730937499999999 0.36921296296296297 0.035557291666666664 0.11126851851851852
3 0.7305729166666667 0.29511111111111116 0.01633333333333333 0.060148148148148145
3 0.7564947916666667 0.34442592592592597 0.034796875 0.09775925925925925