3 0.50546875 0.19722222222222222 0.009895833333333333 0.05740740740740741
3 0.54921875 0.2652777777777778 0.0140625 0.06944444444444445
3 0.47630208333333335 0.2162037037037037 0.011979166666666667 0.05462962962962963
3 0.7604166666666666 0.2953703703703704 0.0125 0.06111111111111111
3 0.44296875 0.36203703703703705 0.021354166666666667 0.11851851851851852
3 0.19973958333333333 0.3125 0.0234375 0.07314814814814814
3 0.28880208333333335 0.35185185185185186 0.021354166666666667 0.11666666666666667
3 0.2682291666666667 0.2847222222222222 0.015625 0.09166666666666666
2 0.6919270833333333 0.23842592592592593 0.009895833333333333 0.025
3 0.44609375 0.2388888888888889 0.013020833333333334 0.06851851851851852
2 0.23802083333333332 0.37546296296296294 0.042708333333333334 0.06388888888888888
3 0.6869791666666667 0.26805555555555555 0.010416666666666666 0.05648148148148148
0 0.39348958333333334 0.5421296296296296 0.06822916666666666 0.2361111111111111
0 0.52890625 0.19982407407407407 0.010114583333333335 0.053342592592592594