2 0.24791666666666667 0.3768518518518518 0.25 0.37962962962962965 0.25 0.3861111111111111 0.24114583333333334 0.4 0.24479166666666666 0.41203703703703703 0.24375 0.4222222222222222 0.234375 0.42314814814814816 0.21614583333333334 0.41759259259259257 0.221875 0.38796296296296295 0.23333333333333334 0.362962962962963 0.23333333333333334 0.35648148148148145 0.23541666666666666 0.35185185185185186 0.24114583333333334 0.35185185185185186 0.24322916666666666 0.35833333333333334 0.24114583333333334 0.3861111111111111 0.24583333333333332 0.387037037037037 0.24791666666666667 0.37777777777777777
0 0.06966145833333333 0.30439814814814814 0.02734375 0.09953703703703703
0 0.7220052083333334 0.30092592592592593 0.022135416666666668 0.04861111111111111
2 0.6891302083333334 0.24248148148148146 0.013671875 0.03587962962962963
1 0.5722239583333334 0.30098148148148146 0.003119791666666667 0.007527777777777778
3 0.5882447916666667 0.2780462962962963 0.036078124999999996 0.07616666666666667
3 0.5162447916666667 0.2963796296296296 0.03253645833333333 0.10022222222222221
3 0.5519999999999999 0.4870925925925925 0.06861979166666667 0.15176851851851852
3 0.28233854166666666 0.23810185185185184 0.022661458333333332 0.06211111111111111
3 0.287375 0.3027314814814815 0.03399479166666666 0.11862962962962964
3 0.307046875 0.3312685185185185 0.021718750000000002 0.1107962962962963
3 0.389671875 0.2593611111111111 0.028328125 0.08113888888888889
3 0.4623802083333333 0.32007407407407407 0.054140625000000005 0.11638888888888889
3 0.40399479166666663 0.32623148148148146 0.04249479166666667 0.12199074074074075
3 0.33773437500000003 0.37295370370370373 0.03588020833333334 0.14269444444444446