2 0.234625 0.37169444444444444 0.049604166666666664 0.10493518518518519
0 0.4608125 0.4951481481481481 0.049604166666666664 0.20105555555555554
3 0.3560260416666667 0.2874814814814815 0.04390104166666667 0.14021296296296296
3 0.45046875 0.3272314814814815 0.043421875000000006 0.1239537037037037
3 0.47134895833333335 0.2196759259259259 0.01521875 0.048231481481481486
3 0.4625 0.22312962962962962 0.021338541666666665 0.054259259259259264
3 0.5012916666666667 0.20232407407407407 0.017536458333333334 0.06469444444444444
3 0.5583177083333334 0.21445370370370373 0.010005208333333333 0.059842592592592586
3 0.5474427083333333 0.21988888888888888 0.016541666666666666 0.06719444444444443
3 0.5592708333333333 0.2739259259259259 0.032255208333333334 0.08851851851851851
3 0.6365572916666667 0.24511111111111114 0.02754166666666667 0.06675
2 0.6861406250000001 0.23687037037037037 0.013067708333333334 0.042055555555555554
3 0.72984375 0.28269444444444447 0.019171875 0.0664537037037037
0 0.5578749999999999 0.18423148148148147 0.008520833333333333 0.03192592592592592