2 0.2450989583333333 0.362787037037037 0.04338020833333334 0.15487962962962964
2 0.6888229166666666 0.23667592592592593 0.014041666666666668 0.03412037037037037
3 0.6406197916666667 0.22068518518518518 0.012197916666666668 0.04572222222222223
3 0.6503489583333334 0.24955555555555553 0.017145833333333336 0.06476851851851852
3 0.6584270833333333 0.20954629629629629 0.008244791666666666 0.037509259259259256
3 0.6699635416666666 0.21437962962962964 0.007583333333333333 0.024324074074074074
3 0.6698020833333334 0.23182407407407407 0.0168125 0.04162037037037037
3 0.7002968749999999 0.25087037037037035 0.015494791666666667 0.05685185185185185
3 0.743078125 0.2554166666666667 0.013354166666666667 0.05304629629629629
3 0.7594531250000001 0.29078703703703707 0.014171875 0.07760185185185185
3 0.7890937499999999 0.3111203703703704 0.016749999999999998 0.07530555555555556
3 0.8003645833333334 0.28291666666666665 0.009666666666666665 0.05383333333333334
0 0.5335989583333334 0.22758333333333333 0.019338541666666667 0.07852777777777778
0 0.812921875 0.2818888888888889 0.008348958333333333 0.06525