2 0.6895833333333333 0.2324074074074074 0.6875 0.25092592592592594 0.6953125 0.25555555555555554 0.6989583333333333 0.24814814814814815 0.6994791666666667 0.23055555555555557 0.6953125 0.22407407407407406
3 0.5375 0.36203703703703705 0.5385416666666667 0.3731481481481482 0.53125 0.4083333333333333 0.53125 0.42777777777777776 0.5255208333333333 0.4388888888888889 0.5265625 0.44166666666666665 0.5322916666666667 0.44166666666666665 0.5348958333333333 0.4388888888888889 0.5364583333333334 0.4111111111111111 0.5385416666666667 0.40185185185185185 0.540625 0.4009259259259259 0.5432291666666667 0.4166666666666667 0.5484375 0.43148148148148147 0.5479166666666667 0.44074074074074077 0.5458333333333333 0.4462962962962963 0.55 0.44907407407407407 0.5515625 0.4351851851851852 0.5479166666666667 0.4111111111111111 0.5484375 0.40185185185185185 0.5536458333333333 0.3768518518518518 0.5583333333333333 0.3648148148148148 0.553125 0.31851851851851853 0.5489583333333333 0.31666666666666665 0.5453125 0.32407407407407407 0.5442708333333334 0.3435185185185185 0.5411458333333333 0.35555555555555557
3 0.2864583333333333 0.33055555555555555 0.28489583333333335 0.35462962962962963 0.2791666666666667 0.3574074074074074 0.2765625 0.36203703703703705 0.28541666666666665 0.36666666666666664 0.2838541666666667 0.39351851851851855 0.28802083333333334 0.41388888888888886 0.28489583333333335 0.425 0.3020833333333333 0.42592592592592593 0.3020833333333333 0.42962962962962964 0.30625 0.4305555555555556 0.3098958333333333 0.42314814814814816 0.3098958333333333 0.41944444444444445 0.30520833333333336 0.41203703703703703 0.30364583333333334 0.3962962962962963 0.2989583333333333 0.3861111111111111 0.2994791666666667 0.3592592592592593 0.290625 0.33055555555555555
3 0.3067708333333333 0.24814814814814815 0.3072916666666667 0.30462962962962964 0.3104166666666667 0.31666666666666665 0.3109375 0.3277777777777778 0.31354166666666666 0.33240740740740743 0.3182291666666667 0.33240740740740743 0.3182291666666667 0.26481481481481484 0.3171875 0.2601851851851852 0.3140625 0.2574074074074074 0.31197916666666664 0.2462962962962963 0.3104166666666667 0.24444444444444444
3 0.13645833333333332 0.45 0.13385416666666666 0.4638888888888889 0.1390625 0.4759259259259259 0.13958333333333334 0.4962962962962963 0.14322916666666666 0.5027777777777778 0.15 0.5268518518518519 0.1515625 0.5583333333333333 0.15572916666666667 0.5740740740740741 0.1578125 0.5981481481481481 0.1640625 0.6148148148148148 0.16354166666666667 0.6342592592592593 0.16822916666666668 0.6351851851851852 0.17083333333333334 0.6231481481481481 0.17447916666666666 0.6166666666666667 0.17447916666666666 0.612037037037037 0.16875 0.6027777777777777 0.16197916666666667 0.5722222222222222 0.16458333333333333 0.549074074074074 0.16979166666666667 0.5324074074074074 0.1671875 0.5083333333333333 0.16822916666666668 0.4888888888888889 0.15572916666666667 0.46944444444444444 0.14583333333333334 0.46574074074074073 0.14166666666666666 0.44907407407407407
3 0.18333333333333332 0.4981481481481482 0.18333333333333332 0.5074074074074074 0.1875 0.5212962962962963 0.18020833333333333 0.5388888888888889 0.18125 0.5657407407407408 0.18229166666666666 0.5731481481481482 0.1875 0.5805555555555556 0.19010416666666666 0.6092592592592593 0.19375 0.6222222222222222 0.1921875 0.6314814814814815 0.1921875 0.6666666666666666 0.19010416666666666 0.675 0.1921875 0.6777777777777778 0.19791666666666666 0.675 0.1984375 0.6314814814814815 0.19947916666666668 0.6277777777777778 0.20260416666666667 0.6296296296296297 0.20416666666666666 0.6361111111111111 0.20572916666666666 0.6916666666666667 0.2078125 0.6944444444444444 0.21666666666666667 0.6935185185185185 0.21979166666666666 0.6888888888888889 0.21979166666666666 0.6851851851851852 0.2125 0.6787037037037037 0.2109375 0.6472222222222223 0.2125 0.6166666666666667 0.2078125 0.5768518518518518 0.2125 0.5666666666666667 0.21197916666666666 0.5555555555555556 0.20572916666666666 0.5324074074074074 0.2015625 0.5259259259259259 0.19479166666666667 0.5222222222222223 0.1953125 0.5055555555555555 0.19270833333333334 0.49444444444444446 0.1859375 0.4935185185185185
2 0.22291666666666668 0.3851851851851852 0.22291666666666668 0.43148148148148147 0.22552083333333334 0.4444444444444444 0.23072916666666668 0.4462962962962963 0.23072916666666668 0.44074074074074077 0.23229166666666667 0.4388888888888889 0.24375 0.43703703703703706 0.2453125 0.4212962962962963 0.23958333333333334 0.39351851851851855 0.23229166666666667 0.387037037037037 0.23072916666666668 0.38055555555555554 0.22708333333333333 0.37777777777777777
3 0.1390625 0.3277777777777778 0.14010416666666667 0.3416666666666667 0.1375 0.36018518518518516 0.1375 0.37962962962962965 0.1453125 0.3824074074074074 0.14322916666666666 0.38981481481481484 0.1421875 0.4074074074074074 0.14739583333333334 0.41203703703703703 0.14791666666666667 0.4074074074074074 0.1453125 0.4 0.1515625 0.3851851851851852 0.1515625 0.362962962962963 0.15729166666666666 0.34814814814814815 0.15885416666666666 0.3351851851851852 0.15729166666666666 0.32314814814814813 0.1578125 0.30833333333333335 0.15677083333333333 0.3055555555555556 0.153125 0.3055555555555556 0.14947916666666666 0.3138888888888889 0.14322916666666666 0.31666666666666665
3 0.26979166666666665 0.5268518518518519 0.26927083333333335 0.5638888888888889 0.2708333333333333 0.5666666666666667 0.27447916666666666 0.5638888888888889 0.2760416666666667 0.5453703703703704 0.2791666666666667 0.5388888888888889 0.2838541666666667 0.5583333333333333 0.2786458333333333 0.5953703703703703 0.2786458333333333 0.6055555555555555 0.28125 0.6240740740740741 0.28802083333333334 0.6472222222222223 0.2838541666666667 0.6638888888888889 0.2869791666666667 0.6685185185185185 0.290625 0.6685185185185185 0.2947916666666667 0.6620370370370371 0.296875 0.6620370370370371 0.29791666666666666 0.6527777777777778 0.30104166666666665 0.6462962962962963 0.2984375 0.6342592592592593 0.29739583333333336 0.5944444444444444 0.3 0.5916666666666667 0.30572916666666666 0.575925925925926 0.30625 0.5537037037037037 0.3109375 0.55 0.3109375 0.5212962962962963 0.2984375 0.5009259259259259 0.28802083333333334 0.4981481481481482 0.2864583333333333 0.49537037037037035 0.28541666666666665 0.4777777777777778 0.28229166666666666 0.4740740740740741 0.278125 0.4740740740740741 0.275 0.4777777777777778 0.275 0.4888888888888889 0.2786458333333333 0.5009259259259259 0.2713541666666667 0.5185185185185185
3 0.4953125 0.21574074074074073 0.49375 0.26666666666666666 0.496875 0.262037037037037 0.4979166666666667 0.25555555555555554 0.5010416666666667 0.2638888888888889 0.5036458333333333 0.262037037037037 0.5041666666666667 0.24074074074074073 0.50625 0.2324074074074074 0.5052083333333334 0.21481481481481482 0.5020833333333333 0.2037037037037037 0.4979166666666667 0.20277777777777778 0.4973958333333333 0.21203703703703702
3 0.27395833333333336 0.27037037037037037 0.275 0.2935185185185185 0.27239583333333334 0.30092592592592593 0.275 0.3055555555555556 0.26927083333333335 0.30833333333333335 0.27291666666666664 0.30925925925925923 0.2765625 0.3055555555555556 0.2786458333333333 0.30925925925925923 0.2755208333333333 0.337037037037037 0.2786458333333333 0.35555555555555557 0.28020833333333334 0.35555555555555557 0.2838541666666667 0.33425925925925926 0.2864583333333333 0.33240740740740743 0.28854166666666664 0.337037037037037 0.29270833333333335 0.337037037037037 0.2869791666666667 0.32314814814814813 0.2916666666666667 0.2962962962962963 0.2859375 0.2824074074074074 0.28177083333333336 0.2796296296296296 0.2791666666666667 0.26666666666666666 0.275 0.26666666666666666
3 0.6130208333333333 0.31203703703703706 0.6125 0.3435185185185185 0.6171875 0.3416666666666667 0.6166666666666667 0.3351851851851852 0.61875 0.32592592592592595 0.6260416666666667 0.3388888888888889 0.6270833333333333 0.33425925925925926 0.6229166666666667 0.32222222222222224 0.6260416666666667 0.2851851851851852 0.6229166666666667 0.275 0.6229166666666667 0.26666666666666666 0.6208333333333333 0.26481481481481484 0.6177083333333333 0.2675925925925926
1 0.15319791666666666 0.4551388888888889 0.006125 0.009564814814814814
0 0.14739583333333334 0.8578703703703704 0.09479166666666666 0.2601851851851852
0 0.507421875 0.21641666666666665 0.011380208333333334 0.06821296296296296