2 0.221875 0.2972222222222222 0.23072916666666668 0.30925925925925923 0.23333333333333334 0.31851851851851853 0.23333333333333334 0.32314814814814813 0.228125 0.33425925925925926 0.23229166666666667 0.3925925925925926 0.22916666666666666 0.4064814814814815 0.23125 0.42407407407407405 0.22708333333333333 0.43148148148148147 0.22395833333333334 0.43148148148148147 0.22083333333333333 0.41944444444444445 0.21979166666666666 0.387037037037037 0.2125 0.32592592592592595 0.21458333333333332 0.29814814814814816 0.22135416666666666 0.2972222222222222
0 0.328171875 0.770462962962963 0.10160416666666668 0.3184537037037037
0 0.47263020833333336 0.2422685185185185 0.02841145833333333 0.10444444444444444
3 0.39419270833333336 0.7025185185185185 0.11103125 0.22664814814814815
3 0.34900000000000003 0.46867592592592594 0.04184375 0.19143518518518518
3 0.245703125 0.3169166666666666 0.014994791666666667 0.11232407407407408
3 0.293984375 0.3242314814814815 0.028734375 0.11627777777777777
3 0.2634583333333333 0.33678703703703705 0.03889583333333334 0.13898148148148148
3 0.33607291666666667 0.30702777777777773 0.024671875 0.11042592592592593
3 0.41603124999999996 0.2996851851851852 0.029822916666666664 0.11858333333333333
3 0.5020833333333333 0.32670370370370366 0.039838541666666664 0.10542592592592592
2 0.6809375000000001 0.23943518518518517 0.015369791666666667 0.07035185185185186
3 0.6604322916666666 0.4519444444444445 0.03778125 0.13418518518518519