0 0.5226354166666667 0.7116666666666667 0.08272916666666667 0.26252777777777775
3 0.22813541666666665 0.3496759259259259 0.030802083333333334 0.06502777777777778
2 0.2396875 0.4075740740740741 0.03144270833333333 0.07587037037037037
3 0.22572916666666665 0.41156481481481483 0.05743229166666666 0.15458333333333332
3 0.2659947916666667 0.3593703703703704 0.046843749999999997 0.18824074074074076
3 0.26711979166666666 0.29633333333333334 0.027916666666666666 0.08841666666666666
3 0.3213489583333333 0.3647870370370371 0.031765625 0.1386111111111111
3 0.3556770833333333 0.3542314814814815 0.029197916666666667 0.13005555555555556
2 0.69184375 0.24061111111111114 0.014385416666666668 0.03758333333333334
0 0.5340364583333332 0.22677777777777777 0.014093749999999999 0.06001851851851851
3 0.5981875 0.2768888888888889 0.014973958333333334 0.07672222222222222
3 0.3932604166666666 0.2609722222222222 0.028479166666666667 0.0918611111111111
3 0.5120208333333334 0.3877962962962963 0.04521354166666667 0.13048148148148148
3 0.49690104166666665 0.48409259259259263 0.04903125 0.16440740740740742