2 0.23854166666666668 0.33425925925925926 0.24270833333333333 0.3638888888888889 0.24739583333333334 0.3685185185185185 0.25416666666666665 0.362962962962963 0.2552083333333333 0.36666666666666664 0.2526041666666667 0.37222222222222223 0.24114583333333334 0.3731481481481482 0.2390625 0.3768518518518518 0.23854166666666668 0.3851851851851852 0.24322916666666666 0.4111111111111111 0.24114583333333334 0.4148148148148148 0.23125 0.4185185185185185 0.2234375 0.4185185185185185 0.21927083333333333 0.4111111111111111 0.21875 0.4046296296296296 0.22552083333333334 0.39351851851851855 0.22395833333333334 0.37592592592592594 0.22708333333333333 0.3592592592592593 0.23177083333333334 0.34814814814814815 0.23229166666666667 0.337037037037037 0.23802083333333332 0.33425925925925926
0 0.11978645833333333 0.29110185185185183 0.021244791666666665 0.09942592592592592
0 0.7385989583333333 0.31050925925925926 0.012229166666666668 0.0746388888888889
2 0.6900937500000001 0.23876851851851852 0.011411458333333334 0.03768518518518519
3 0.5984791666666667 0.2436666666666667 0.017322916666666667 0.06775
3 0.58075 0.25253703703703706 0.024661458333333334 0.06522222222222222
3 0.46070833333333333 0.2271388888888889 0.017364583333333336 0.07048148148148149
3 0.47546354166666666 0.2600648148148148 0.033567708333333335 0.07871296296296297
1 0.5101927083333334 0.2937592592592593 0.005786458333333333 0.009259259259259259
3 0.413828125 0.28733333333333333 0.05035416666666667 0.10546296296296297
3 0.33121875 0.23296296296296296 0.023489583333333335 0.07218518518518519
3 0.30739062500000003 0.28158333333333335 0.028859375 0.0859074074074074
3 0.29229166666666667 0.33975925925925926 0.030875 0.11633333333333333
3 0.34128125 0.35347222222222224 0.047651041666666664 0.12111111111111113
3 0.4678072916666667 0.20042592592592592 0.010317708333333333 0.04462962962962963