2 0.23072916666666668 0.337037037037037 0.2375 0.36574074074074076 0.2375 0.38981481481481484 0.24114583333333334 0.4 0.240625 0.4148148148148148 0.23385416666666667 0.42685185185185187 0.2296875 0.425 0.2265625 0.41759259259259257 0.22760416666666666 0.4148148148148148 0.221875 0.4101851851851852 0.21875 0.3861111111111111 0.21875 0.36203703703703705 0.22447916666666667 0.35185185185185186 0.22604166666666667 0.33796296296296297 0.23020833333333332 0.337037037037037
0 0.080765625 0.3580277777777778 0.046203125 0.12443518518518518
3 0.2053229166666667 0.3115 0.03168229166666667 0.09875925925925925
3 0.2845989583333333 0.2966851851851852 0.02988020833333333 0.10437037037037036
3 0.3105 0.27425925925925926 0.019817708333333333 0.08941666666666666
3 0.328890625 0.25958333333333333 0.01996875 0.07073148148148148
3 0.3472864583333333 0.26799074074074075 0.035734375 0.08648148148148149
3 0.3763385416666667 0.2494444444444444 0.032880208333333334 0.08621296296296296
3 0.32686458333333335 0.35300925925925924 0.03753645833333333 0.11931481481481483
3 0.5075677083333333 0.25299074074074074 0.03044791666666667 0.09137037037037038
3 0.51275 0.3675833333333333 0.04254166666666667 0.12553703703703706
0 0.7475833333333333 0.315212962962963 0.018223958333333335 0.08278703703703703
2 0.6792864583333333 0.2351851851851852 0.017828124999999997 0.05376851851851852