2 0.22786458333333334 0.3871574074074074 0.0390625 0.09143518518518519
1 0.7182291666666667 0.4685462962962963 0.00396875 0.009277777777777777
0 0.26384375 0.6600833333333334 0.06777083333333334 0.22861111111111113
0 0.543328125 0.20647222222222222 0.015062500000000001 0.05663888888888889
2 0.69509375 0.23684259259259258 0.017374999999999998 0.03707407407407407
3 0.25196874999999996 0.31253703703703706 0.031281250000000003 0.11430555555555556
3 0.466578125 0.30275 0.02490625 0.09886111111111111
3 0.5019166666666667 0.23273148148148148 0.02375 0.06384259259259259
3 0.5137864583333334 0.26928703703703705 0.030119791666666666 0.08752777777777777
3 0.590828125 0.2311851851851852 0.018536458333333335 0.0669351851851852
3 0.5720052083333333 0.41087962962962965 0.05155208333333334 0.13592592592592595
3 0.655703125 0.3650555555555555 0.03359375 0.10812962962962963
3 0.6281874999999999 0.3753518518518518 0.03417708333333334 0.10194444444444443
3 0.703203125 0.30069444444444443 0.02664583333333333 0.0762037037037037
3 0.739984375 0.361962962962963 0.022588541666666666 0.09576851851851853