2 0.228125 0.32037037037037036 0.23177083333333334 0.3314814814814815 0.22916666666666666 0.34074074074074073 0.23020833333333332 0.36944444444444446 0.23541666666666666 0.3824074074074074 0.234375 0.39351851851851855 0.23072916666666668 0.40370370370370373 0.23125 0.41388888888888886 0.21458333333333332 0.42314814814814816 0.20989583333333334 0.4351851851851852 0.20625 0.4287037037037037 0.20677083333333332 0.4222222222222222 0.21510416666666668 0.412962962962963 0.21979166666666666 0.4027777777777778 0.21458333333333332 0.35185185185185186 0.221875 0.33611111111111114 0.22135416666666666 0.32407407407407407 0.22395833333333334 0.32037037037037036 0.22760416666666666 0.32037037037037036
1 0.796109375 0.3421944444444444 0.003239583333333333 0.004851851851851852
3 0.7988385416666667 0.2862777777777778 0.00971875 0.0287962962962963
3 0.8007135416666666 0.3196111111111111 0.01688020833333333 0.05910185185185185
0 0.8193802083333334 0.27914814814814815 0.011932291666666667 0.04000925925925926
3 0.7211770833333334 0.26975925925925925 0.018411458333333335 0.04667592592592592
2 0.7076250000000001 0.2511111111111111 0.019265625 0.02575925925925926
3 0.6965416666666666 0.23944444444444446 0.016197916666666666 0.034555555555555555
3 0.6535781249999999 0.22625925925925927 0.015854166666666666 0.04212962962962963
3 0.6439479166666667 0.22808333333333333 0.012276041666666666 0.04031481481481482
3 0.7376302083333334 0.3449259259259259 0.019947916666666666 0.08183333333333333
3 0.6682395833333333 0.31097222222222226 0.023697916666666666 0.08608333333333333
3 0.6207604166666666 0.2623333333333333 0.025234375 0.06698148148148149
3 0.5580208333333334 0.24359259259259258 0.023453125000000002 0.06492592592592593
0 0.4800833333333333 0.23224074074074075 0.020781249999999998 0.06228703703703704