2 0.21145833333333333 0.30462962962962964 0.21354166666666666 0.32407407407407407 0.2171875 0.3314814814814815 0.22239583333333332 0.37222222222222223 0.21927083333333333 0.3972222222222222 0.221875 0.4148148148148148 0.2203125 0.425 0.21197916666666666 0.4185185185185185 0.20989583333333334 0.37962962962962965 0.20572916666666666 0.362962962962963 0.20572916666666666 0.35555555555555557 0.20104166666666667 0.34629629629629627 0.19583333333333333 0.3425925925925926 0.196875 0.33611111111111114 0.20416666666666666 0.32037037037037036 0.20416666666666666 0.30648148148148147 0.2109375 0.30462962962962964
0 0.07447916666666667 0.3239814814814815 0.03214583333333333 0.11993518518518519
3 0.14120833333333332 0.29238888888888886 0.03995833333333333 0.10987037037037037
3 0.277828125 0.23845370370370367 0.033390625 0.07687037037037037
3 0.2791302083333333 0.3097962962962963 0.04346354166666667 0.12214814814814813
3 0.19819791666666667 0.5786296296296296 0.10571875 0.21149074074074073
3 0.5240364583333333 0.21335185185185185 0.023453125000000002 0.04501851851851851
3 0.5284114583333334 0.25183333333333335 0.030807291666666667 0.06472222222222222
3 0.54078125 0.21853703703703706 0.01446875 0.04916666666666667
3 0.5777135416666667 0.28274074074074074 0.031390625 0.10537962962962963
3 0.6049583333333334 0.24042592592592596 0.022869791666666663 0.06803703703703703
2 0.6736822916666667 0.22821296296296295 0.021687500000000002 0.06633333333333333
0 0.7489427083333333 0.2780648148148148 0.01690625 0.074