2 0.24479166666666666 0.34074074074074073 0.25 0.35185185185185186 0.25052083333333336 0.362962962962963 0.2484375 0.37592592592592594 0.2515625 0.3787037037037037 0.2546875 0.37222222222222223 0.2578125 0.37592592592592594 0.2552083333333333 0.3824074074074074 0.24479166666666666 0.3925925925925926 0.25 0.4074074074074074 0.24947916666666667 0.4148148148148148 0.2359375 0.4185185185185185 0.22552083333333334 0.41759259259259257 0.22447916666666667 0.4046296296296296 0.22708333333333333 0.3962962962962963 0.228125 0.3824074074074074 0.2390625 0.35648148148148145 0.24010416666666667 0.34444444444444444 0.24427083333333333 0.34074074074074073
0 0.12169791666666667 0.28375 0.022526041666666666 0.09376851851851851
0 0.7375885416666667 0.2909907407407407 0.024697916666666667 0.06706481481481483
3 0.6496822916666667 0.4332962962962963 0.04647916666666666 0.14410185185185184
2 0.689203125 0.2416944444444444 0.012348958333333333 0.03233333333333333
3 0.6417135416666666 0.25247222222222226 0.022453125 0.06426851851851852
3 0.5572916666666666 0.26325 0.013921875 0.08023148148148149
3 0.5642499999999999 0.28979629629629633 0.04490625 0.06546296296296296
3 0.5384270833333333 0.2624537037037037 0.015265625 0.08501851851851851
3 0.49147395833333335 0.29350925925925925 0.04924479166666666 0.12418518518518519
3 0.41493749999999996 0.21037037037037035 0.031302083333333335 0.059722222222222225
3 0.39115625 0.36017592592592595 0.043416666666666666 0.12863888888888889
3 0.3099895833333333 0.28756481481481483 0.03646875 0.09762962962962962
3 0.26236458333333335 0.3211203703703704 0.035609375000000006 0.11746296296296296