2 0.23385416666666667 0.3675925925925926 0.24114583333333334 0.3731481481481482 0.24479166666666666 0.38055555555555554 0.24947916666666667 0.4222222222222222 0.24739583333333334 0.43425925925925923 0.24375 0.43425925925925923 0.23541666666666666 0.4425925925925926 0.23333333333333334 0.4425925925925926 0.23125 0.43703703703703706 0.228125 0.4148148148148148 0.2265625 0.41574074074074074 0.225 0.43148148148148147 0.2234375 0.43333333333333335 0.221875 0.42592592592592593 0.221875 0.4009259259259259 0.22604166666666667 0.38333333333333336 0.22552083333333334 0.3731481481481482 0.23072916666666668 0.36574074074074076 0.23333333333333334 0.3675925925925926
0 0.12566145833333334 0.3456574074074074 0.036609375000000006 0.11610185185185186
3 0.18330208333333334 0.4239351851851852 0.050958333333333335 0.1671111111111111
3 0.270328125 0.29360185185185184 0.017984375 0.09562037037037037
3 0.26257291666666666 0.3075277777777778 0.026234374999999997 0.10471296296296297
3 0.2614166666666667 0.32425 0.03613020833333334 0.10939814814814815
3 0.28204166666666663 0.4197222222222222 0.03382291666666667 0.18125925925925926
3 0.30662500000000004 0.4351203703703704 0.045369791666666666 0.16630555555555557
3 0.5104427083333333 0.2984907407407407 0.031010416666666665 0.10135185185185185
3 0.5770052083333332 0.2247037037037037 0.016916666666666667 0.05736111111111111
3 0.6402812499999999 0.29264814814814816 0.02255208333333333 0.0796388888888889
3 0.5657291666666667 0.3455462962962963 0.05638541666666667 0.10859259259259259
2 0.6989739583333333 0.24144444444444443 0.015078125 0.0422962962962963
0 0.7760052083333334 0.2896111111111111 0.016489583333333332 0.059055555555555556