0 0.107421875 0.3246574074074074 0.040364583333333336 0.10532407407407407
0 0.7786458333333334 0.29456481481481483 0.0234375 0.06828703703703703
1 0.22215625 0.2990185185185185 0.0034791666666666664 0.005537037037037037
3 0.20274999999999999 0.2686574074074074 0.048151041666666665 0.08524999999999999
2 0.22155208333333334 0.35461111111111115 0.03840104166666667 0.12345370370370372
3 0.24662499999999998 0.3211851851851852 0.034026041666666666 0.11248148148148149
3 0.4236875 0.22298148148148147 0.028515625 0.07171296296296296
3 0.47225520833333334 0.20134259259259257 0.017156249999999998 0.05893518518518518
3 0.5149166666666667 0.2376111111111111 0.02875 0.07789814814814815
3 0.5470260416666667 0.24173148148148146 0.022026041666666666 0.07295370370370372
3 0.5705416666666667 0.2803703703703704 0.02197395833333333 0.0890925925925926
3 0.5950624999999999 0.22891666666666666 0.018489583333333334 0.060509259259259256
3 0.618375 0.23439814814814816 0.014203125 0.06193518518518518
3 0.6499947916666666 0.2455925925925926 0.015276041666666665 0.06336111111111112
2 0.692203125 0.23297222222222225 0.015541666666666667 0.05240740740740741