3 0.29832291666666666 0.42642592592592593 0.056015625 0.15372222222222223
3 0.18741666666666665 0.2543148148148148 0.014661458333333332 0.059481481481481475
3 0.19324479166666667 0.28874074074074074 0.0248125 0.09490740740740741
3 0.27238541666666666 0.3084537037037037 0.028947916666666667 0.13300925925925927
3 0.3274635416666667 0.3408703703703704 0.03909895833333333 0.12030555555555557
3 0.31561979166666665 0.280712962962963 0.021432291666666665 0.10694444444444444
3 0.35734895833333336 0.23460185185185187 0.028947916666666667 0.07619444444444445
3 0.445890625 0.3308425925925926 0.03834895833333333 0.09758333333333333
3 0.43141666666666667 0.22256481481481483 0.025187499999999998 0.06950925925925926
3 0.5804843749999999 0.2763703703703704 0.02030208333333333 0.10092592592592593
1 0.4064114583333333 0.23192592592592592 0.0052656249999999995 0.02138888888888889
2 0.22933333333333333 0.37395370370370373 0.03985416666666666 0.10894444444444444
2 0.69040625 0.24060185185185187 0.013500000000000002 0.03659259259259259
0 0.06401562499999999 0.3151481481481482 0.02930729166666667 0.12386111111111112
0 0.7053020833333333 0.29919444444444443 0.014380208333333333 0.06962962962962964