3 0.162109375 0.32234259259259257 0.03125 0.11689814814814815
3 0.5759687499999999 0.22957407407407407 0.021713541666666666 0.064
3 0.65125 0.2950925925925926 0.03285416666666666 0.08329629629629628
3 0.5785416666666666 0.33318518518518514 0.024 0.055870370370370376
3 0.5862552083333333 0.38753703703703707 0.039427083333333335 0.12392592592592593
3 0.61396875 0.4208055555555556 0.07542708333333333 0.14576851851851852
3 0.350609375 0.25434259259259256 0.020671875 0.07583333333333334
3 0.35536979166666666 0.2983796296296296 0.0328125 0.09158333333333334
3 0.33682812500000003 0.37567592592592597 0.054140625000000005 0.13299999999999998
3 0.3898229166666667 0.4275925925925926 0.0826875 0.16216666666666665
2 0.23518229166666668 0.3992314814814815 0.042937499999999997 0.10002777777777778
2 0.6941875 0.23383333333333334 0.018260416666666668 0.0465
0 0.513546875 0.20926851851851852 0.01925 0.06405555555555556
0 0.15251041666666668 0.6598333333333334 0.08094270833333334 0.257962962962963