1 0.025520833333333333 0.7657407407407407 0.025 0.7722222222222223 0.027083333333333334 0.7759259259259259 0.0296875 0.7759259259259259 0.030729166666666665 0.7666666666666667
1 0.5666666666666667 0.9444444444444444 0.5661458333333333 0.95 0.56875 0.9546296296296296 0.571875 0.9555555555555556 0.5744791666666667 0.9527777777777777 0.5734375 0.9416666666666667 0.5682291666666667 0.9416666666666667
2 0.6862015625000001 0.22685185185185186 0.6851598958333334 0.2518518518518518 0.6888057291666667 0.25462962962962965 0.6929723958333334 0.25277777777777777 0.6929723958333334 0.22314814814814815 0.6888057291666667 0.21851851851851853
3 0.48125 0.2361111111111111 0.48072916666666665 0.26851851851851855 0.48541666666666666 0.2759259259259259 0.48541666666666666 0.28703703703703703 0.48802083333333335 0.2898148148148148 0.49375 0.25462962962962965 0.4942708333333333 0.23703703703703705 0.48802083333333335 0.21851851851851853
3 0.4015625 0.26666666666666666 0.4010416666666667 0.2759259259259259 0.4036458333333333 0.28055555555555556 0.4036458333333333 0.29907407407407405 0.4109375 0.30462962962962964 0.4109375 0.32314814814814813 0.4140625 0.32314814814814813 0.4140625 0.31351851851851853 0.4114583333333333 0.31342592592592594 0.4114583333333333 0.3074074074074074 0.4140625 0.3087037037037037 0.41770833333333335 0.2740740740740741 0.42083333333333334 0.2759259259259259 0.42083333333333334 0.26851851851851855 0.4140625 0.2388888888888889 0.41041666666666665 0.23981481481481481 0.4083333333333333 0.25 0.4036458333333333 0.25833333333333336
3 0.6822916666666666 0.2712962962962963 0.6807291666666667 0.2759259259259259 0.6817708333333333 0.3296296296296296 0.6848958333333334 0.32314814814814813 0.6895833333333333 0.28888888888888886 0.6932291666666667 0.28055555555555556 0.6927083333333334 0.27314814814814814 0.6895833333333333 0.26851851851851855 0.6885416666666667 0.2601851851851852 0.6859375 0.262037037037037 0.6848958333333334 0.26851851851851855
2 0.23958333333333334 0.3962962962962963 0.2390625 0.4074074074074074 0.25104166666666666 0.4185185185185185 0.2546875 0.4185185185185185 0.259375 0.41203703703703703 0.2630208333333333 0.4009259259259259 0.2604166666666667 0.38333333333333336 0.26510416666666664 0.35555555555555557 0.26458333333333334 0.34814814814814815 0.26197916666666665 0.3416666666666667 0.2578125 0.3398148148148148 0.2552083333333333 0.3435185185185185 0.25416666666666665 0.3574074074074074 0.24479166666666666 0.3787037037037037 0.24375 0.39166666666666666
3 0.29322916666666665 0.2638888888888889 0.2947916666666667 0.28055555555555556 0.2942708333333333 0.30833333333333335 0.29739583333333336 0.3138888888888889 0.296875 0.32314814814814813 0.3 0.32314814814814813 0.30364583333333334 0.3055555555555556 0.3078125 0.26851851851851855 0.30520833333333336 0.25925925925925924 0.3046875 0.24814814814814815 0.30052083333333335 0.24814814814814815 0.2989583333333333 0.25462962962962965
3 0.6151041666666667 0.23055555555555557 0.6151041666666667 0.25925925925925924 0.6171875 0.26666666666666666 0.6171875 0.275 0.6203125 0.2777777777777778 0.6223958333333334 0.275 0.6255208333333333 0.2601851851851852 0.6260416666666667 0.23703703703703705 0.6229166666666667 0.22407407407407406
3 0.5880208333333333 0.29074074074074074 0.5895833333333333 0.325 0.5916666666666667 0.33055555555555555 0.5927083333333333 0.3296296296296296 0.5932291666666667 0.3175925925925926 0.5947916666666667 0.3138888888888889 0.5973958333333333 0.31666666666666665 0.5989583333333334 0.3351851851851852 0.6015625 0.3351851851851852 0.6020833333333333 0.28888888888888886 0.5989583333333334 0.26851851851851855 0.5947916666666667 0.26944444444444443 0.5942708333333333 0.275 0.5895833333333333 0.28055555555555556
3 0.5515625 0.35 0.5515625 0.36018518518518516 0.5614583333333333 0.3824074074074074 0.5640625 0.4009259259259259 0.5666666666666667 0.4046296296296296 0.5697916666666667 0.4046296296296296 0.56875 0.38333333333333336 0.5703125 0.3712962962962963 0.5744791666666667 0.3685185185185185 0.5744791666666667 0.3648148148148148 0.56875 0.35185185185185186 0.56875 0.3314814814814815 0.5723958333333333 0.3194444444444444 0.571875 0.3138888888888889 0.5645833333333333 0.3138888888888889 0.5625 0.32407407407407407 0.5557291666666667 0.33055555555555555
3 0.6145833333333334 0.21944444444444444 0.6135416666666667 0.22962962962962963 0.6151041666666667 0.23425925925925925 0.6182291666666667 0.23055555555555557 0.6229166666666667 0.23055555555555557 0.6234375 0.22407407407407406 0.6197916666666666 0.21203703703703702 0.6171875 0.21203703703703702
3 0.6744791666666666 0.24259259259259258 0.6734375 0.25 0.66875 0.2601851851851852 0.6723958333333333 0.3 0.675 0.29907407407407405 0.675 0.30277777777777776 0.6765625 0.2898148148148148 0.6796875 0.28055555555555556 0.6807291666666667 0.2574074074074074 0.6776041666666667 0.25 0.6770833333333334 0.24351851851851852
0 0.5674479166666667 0.5375 0.0578125 0.21574074074074073
0 0.6384843750000001 0.21309259259259258 0.012020833333333333 0.05042592592592593