1 0.6620677083333334 0.2805277777777778 0.0028229166666666667 0.005796296296296296
2 0.6898072916666667 0.2407037037037037 0.01128125 0.034194444444444444
3 0.6734583333333333 0.26178703703703704 0.02705208333333333 0.06405555555555556
3 0.6572395833333334 0.29153703703703704 0.03384895833333333 0.08387962962962964
0 0.7547864583333334 0.2794537037037037 0.014041666666666668 0.0674537037037037
3 0.7414791666666667 0.358287037037037 0.015520833333333334 0.10249074074074074
3 0.4713645833333333 0.19574074074074074 0.027083333333333334 0.06706481481481483
3 0.5215 0.24703703703703705 0.0325625 0.08597222222222221
3 0.5166614583333333 0.30607407407407405 0.05577604166666667 0.11807407407407407
3 0.43525520833333337 0.2794259259259259 0.030307291666666666 0.09457407407407407
3 0.3437864583333334 0.2757222222222222 0.029859375 0.09091666666666666
3 0.37719270833333335 0.3619907407407407 0.056364583333333336 0.14001851851851851
3 0.3051510416666667 0.35635185185185186 0.039942708333333334 0.1327222222222222
2 0.24057291666666666 0.38687962962962963 0.03919270833333333 0.10883333333333334
0 0.121140625 0.28576851851851853 0.027026041666666667 0.09608333333333333