3 0.5708333333333333 0.5407407407407407 0.5713541666666667 0.5462962962962963 0.5651041666666666 0.5472222222222223 0.5609375 0.5462962962962963 0.5604166666666667 0.5407407407407407 0.5609375 0.5185185185185185 0.5588541666666667 0.4861111111111111 0.5625 0.4777777777777778 0.5640625 0.46574074074074073 0.5682291666666667 0.4666666666666667 0.5682291666666667 0.47685185185185186 0.5708333333333333 0.48333333333333334 0.5723958333333333 0.5231481481481481 0.5692708333333333 0.5361111111111111 0.5703125 0.5407407407407407
3 0.5817708333333333 0.425 0.5833333333333334 0.43148148148148147 0.5817708333333333 0.4787037037037037 0.5760416666666667 0.47685185185185186 0.578125 0.46296296296296297 0.5776041666666667 0.43148148148148147 0.58125 0.425
3 0.4869791666666667 0.44074074074074077 0.4890625 0.4444444444444444 0.48854166666666665 0.48148148148148145 0.4947916666666667 0.512962962962963 0.49114583333333334 0.5120370370370371 0.4875 0.4935185185185185 0.484375 0.48703703703703705 0.4796875 0.49537037037037035 0.47760416666666666 0.5101851851851852 0.47552083333333334 0.5101851851851852 0.4791666666666667 0.4842592592592593 0.478125 0.45925925925925926 0.48333333333333334 0.44907407407407407 0.4828125 0.4425925925925926 0.4864583333333333 0.44074074074074077
3 0.7166666666666667 0.44907407407407407 0.7203125 0.45 0.7208333333333333 0.4564814814814815 0.725 0.4648148148148148 0.7203125 0.5194444444444445 0.7151041666666667 0.5185185185185185 0.7130208333333333 0.4842592592592593 0.7166666666666667 0.45
3 0.7375 0.475 0.734375 0.4675925925925926 0.7296875 0.46944444444444444 0.7328125 0.45925925925925926 0.734375 0.42592592592592593 0.7375 0.425 0.7395833333333334 0.4398148148148148 0.7375 0.4740740740740741
3 0.41041666666666665 0.4361111111111111 0.4140625 0.4527777777777778 0.4125 0.4777777777777778 0.41458333333333336 0.48518518518518516 0.41458333333333336 0.4962962962962963 0.41041666666666665 0.487962962962963 0.4078125 0.49907407407407406 0.40572916666666664 0.4981481481481482 0.40260416666666665 0.4527777777777778 0.40625 0.43796296296296294 0.40989583333333335 0.4361111111111111
3 0.6526041666666667 0.43425925925925923 0.6552083333333333 0.4527777777777778 0.6604166666666667 0.45925925925925926 0.6604166666666667 0.46296296296296297 0.6567708333333333 0.46296296296296297 0.6541666666666667 0.45925925925925926 0.6526041666666667 0.462037037037037 0.6505208333333333 0.5046296296296297 0.64375 0.5 0.6453125 0.46944444444444444 0.6421875 0.4546296296296296 0.6489583333333333 0.4351851851851852 0.6520833333333333 0.43425925925925923
3 0.7729166666666667 0.4444444444444444 0.7770833333333333 0.4564814814814815 0.7770833333333333 0.4666666666666667 0.7723958333333333 0.49444444444444446 0.7723958333333333 0.5111111111111111 0.765625 0.5083333333333333 0.7666666666666667 0.4564814814814815 0.7723958333333333 0.4444444444444444
3 0.5385416666666667 0.4111111111111111 0.540625 0.4203703703703704 0.5395833333333333 0.4546296296296296 0.5328125 0.4537037037037037 0.5322916666666667 0.425 0.5354166666666667 0.4111111111111111 0.5380208333333333 0.4111111111111111
3 0.7411458333333333 0.42314814814814816 0.7442708333333333 0.42407407407407405 0.7453125 0.4324074074074074 0.7463541666666667 0.4685185185185185 0.7453125 0.4722222222222222 0.7427083333333333 0.46944444444444444 0.7427083333333333 0.45925925925925926 0.7401041666666667 0.45 0.7411458333333333 0.42407407407407405
2 0.24353125 0.5953240740740741 0.03983333333333334 0.09962962962962962
0 0.5942708333333333 0.6055555555555555 0.05520833333333333 0.15555555555555556
2 0.6822916666666666 0.45185185185185184 0.68125 0.43425925925925923 0.6854166666666667 0.42314814814814816 0.6890625 0.42314814814814816 0.6921875 0.4361111111111111 0.6927083333333334 0.44907407407407407 0.6828125 0.45185185185185184
0 0.6604114583333334 0.4284537037037037 0.010276041666666668 0.04675