3 0.39895833333333336 0.48703703703703705 0.4010416666666667 0.48055555555555557 0.40520833333333334 0.48148148148148145 0.4046875 0.49722222222222223 0.40677083333333336 0.5157407407407407 0.4088541666666667 0.5222222222222223 0.41458333333333336 0.5287037037037037 0.4083333333333333 0.5259259259259259 0.40520833333333334 0.5287037037037037 0.4078125 0.5731481481481482 0.4109375 0.5787037037037037 0.4041666666666667 0.5805555555555556 0.403125 0.5527777777777778 0.4005208333333333 0.5472222222222223 0.3958333333333333 0.5518518518518518 0.3927083333333333 0.562037037037037 0.3927083333333333 0.5768518518518518 0.3890625 0.5777777777777777 0.3880208333333333 0.5712962962962963 0.3932291666666667 0.5472222222222223 0.39375 0.5361111111111111 0.3921875 0.5064814814814815 0.39947916666666666 0.49166666666666664 0.39947916666666666 0.487962962962963
3 0.7046875 0.4212962962962963 0.7072916666666667 0.4351851851851852 0.7072916666666667 0.44351851851851853 0.7052083333333333 0.44907407407407407 0.70625 0.4675925925925926 0.7 0.45925925925925926 0.6958333333333333 0.4666666666666667 0.6958333333333333 0.4583333333333333 0.6979166666666666 0.4537037037037037 0.6979166666666666 0.43703703703703706 0.7026041666666667 0.4212962962962963 0.7041666666666667 0.4212962962962963
3 0.7921875 0.42314814814814816 0.796875 0.42962962962962964 0.7984375 0.44907407407407407 0.796875 0.4703703703703704 0.79375 0.4703703703703704 0.79375 0.46296296296296297 0.7901041666666667 0.462037037037037 0.7895833333333333 0.45 0.7921875 0.42407407407407405
3 0.3859375 0.44351851851851853 0.3890625 0.47962962962962963 0.3875 0.49722222222222223 0.3890625 0.5157407407407407 0.38697916666666665 0.5185185185185185 0.37864583333333335 0.512962962962963 0.3828125 0.49444444444444446 0.3776041666666667 0.4703703703703704 0.3776041666666667 0.4601851851851852 0.38125 0.4462962962962963 0.38333333333333336 0.4425925925925926 0.3854166666666667 0.44351851851851853
3 0.609375 0.4148148148148148 0.6130208333333333 0.425 0.6135416666666667 0.4546296296296296 0.6114583333333333 0.45555555555555555 0.6088541666666667 0.44722222222222224 0.6057291666666667 0.45555555555555555 0.6046875 0.44074074074074077 0.6046875 0.42685185185185187 0.609375 0.41574074074074074
3 0.5713541666666667 0.425 0.5776041666666667 0.4222222222222222 0.5770833333333333 0.4564814814814815 0.5713541666666667 0.47129629629629627 0.5671875 0.46944444444444444 0.5713541666666667 0.4564814814814815 0.5697916666666667 0.4351851851851852 0.5713541666666667 0.42592592592592593
3 0.4739583333333333 0.4583333333333333 0.47239583333333335 0.4185185185185185 0.4739583333333333 0.412962962962963 0.48020833333333335 0.4074074074074074 0.48072916666666665 0.425 0.47708333333333336 0.45925925925925926 0.4744791666666667 0.4583333333333333
3 0.4359375 0.48055555555555557 0.44114583333333335 0.48148148148148145 0.44166666666666665 0.4898148148148148 0.44583333333333336 0.4981481481481482 0.44947916666666665 0.5175925925925926 0.4479166666666667 0.5296296296296297 0.44947916666666665 0.5444444444444444 0.4484375 0.562962962962963 0.4505208333333333 0.5675925925925925 0.4505208333333333 0.5703703703703704 0.4390625 0.5694444444444444 0.4375 0.5611111111111111 0.4359375 0.5305555555555556 0.4322916666666667 0.512962962962963 0.4322916666666667 0.5018518518518519 0.43697916666666664 0.49074074074074076 0.4359375 0.48148148148148145
3 0.5953125 0.42777777777777776 0.5994791666666667 0.43796296296296294 0.5979166666666667 0.4675925925925926 0.5994791666666667 0.487962962962963 0.5979166666666667 0.4888888888888889 0.5953125 0.48148148148148145 0.5932291666666667 0.49074074074074076 0.5901041666666667 0.4898148148148148 0.5921875 0.47314814814814815 0.590625 0.4425925925925926 0.5947916666666667 0.4287037037037037
3 0.6473958333333333 0.44074074074074077 0.6421875 0.4212962962962963 0.6442708333333333 0.4083333333333333 0.646875 0.4083333333333333 0.6494791666666667 0.41759259259259257 0.6510416666666666 0.4425925925925926 0.6479166666666667 0.44074074074074077
2 0.675 0.4212962962962963 0.6786458333333333 0.4222222222222222 0.6807291666666667 0.4324074074074074 0.6791666666666667 0.44907407407407407 0.6713541666666667 0.45 0.6713541666666667 0.4351851851851852 0.675 0.4222222222222222
2 0.2533958333333333 0.5892037037037038 0.042421875000000005 0.08375925925925926
0 0.25558854166666667 0.507712962962963 0.016260416666666666 0.09025
0 0.78971875 0.44273148148148145 0.006307291666666667 0.04950925925925926