3 0.5985260416666667 0.42371296296296296 0.0115625 0.04662962962962963
3 0.5753281250000001 0.4263425925925926 0.009447916666666667 0.04036111111111111
3 0.584 0.4422685185185185 0.018333333333333333 0.05014814814814814
3 0.5613645833333333 0.4336203703703704 0.010015625 0.048388888888888884
3 0.5504374999999999 0.45129629629629625 0.025947916666666668 0.06418518518518518
3 0.648875 0.42271296296296296 0.01128125 0.04112037037037037
3 0.64309375 0.44000925925925927 0.013536458333333333 0.05014814814814814
3 0.6148177083333334 0.4806296296296297 0.021859375 0.07120370370370371
0 0.7033124999999999 0.4199537037037037 0.008744791666666666 0.03410185185185185
3 0.6978802083333334 0.4263425925925926 0.0038072916666666663 0.025824074074074076
3 0.6908333333333334 0.4422685185185185 0.012270833333333333 0.059666666666666666
2 0.6732708333333334 0.436 0.016359375 0.03610185185185185
3 0.6421354166666667 0.517462962962963 0.023994791666666668 0.10152777777777779
2 0.24477083333333333 0.5959814814814814 0.03368229166666667 0.07658333333333332