2 0.2453125 0.5787037037037037 0.25833333333333336 0.6046296296296296 0.2640625 0.6361111111111111 0.2609375 0.637962962962963 0.259375 0.6351851851851852 0.2546875 0.6138888888888889 0.2515625 0.6370370370370371 0.24427083333333333 0.6444444444444445 0.24010416666666667 0.6425925925925926 0.23541666666666666 0.6231481481481481 0.23541666666666666 0.6138888888888889 0.23958333333333334 0.5935185185185186 0.23958333333333334 0.5851851851851851 0.24114583333333334 0.5805555555555556 0.24479166666666666 0.5787037037037037
0 0.11172916666666667 0.5791481481481482 0.04638020833333333 0.1574074074074074
1 0.32780729166666667 0.9597129629629629 0.011010416666666667 0.01987962962962963
3 0.30711979166666664 0.8564907407407407 0.08679166666666666 0.2648518518518519
3 0.32797916666666665 0.6676388888888889 0.08773437499999999 0.13487037037037036
3 0.306046875 0.5789444444444445 0.03939583333333333 0.1446574074074074
3 0.34802083333333333 0.5878888888888889 0.027697916666666666 0.11575925925925926
3 0.39378124999999997 0.49590740740740746 0.021161458333333334 0.06667592592592593
3 0.37829687500000003 0.5096759259259259 0.0180625 0.08869444444444445
3 0.37261979166666664 0.544611111111111 0.029416666666666664 0.11728703703703704
3 0.48246354166666666 0.5870462962962962 0.016859375 0.1333425925925926
3 0.4506354166666667 0.6106759259259259 0.054015625 0.15399074074074073
3 0.5068489583333333 0.46914814814814815 0.020729166666666667 0.07187037037037038
2 0.6795572916666667 0.4416388888888889 0.014854166666666667 0.03450925925925926
0 0.73465625 0.4571296296296296 0.019432291666666667 0.07248148148148148