3 0.33125 0.47129629629629627 0.33697916666666666 0.4888888888888889 0.33645833333333336 0.5166666666666667 0.3380208333333333 0.5268518518518519 0.3421875 0.5370370370370371 0.3421875 0.5462962962962963 0.3385416666666667 0.5453703703703704 0.32083333333333336 0.49074074074074076 0.3265625 0.4722222222222222 0.3307291666666667 0.47129629629629627
3 0.3932291666666667 0.5212962962962963 0.39791666666666664 0.5268518518518519 0.39947916666666666 0.5333333333333333 0.39739583333333334 0.549074074074074 0.39895833333333336 0.6083333333333333 0.39791666666666664 0.6129629629629629 0.3958333333333333 0.612037037037037 0.39427083333333335 0.5916666666666667 0.39010416666666664 0.5787037037037037 0.3885416666666667 0.5814814814814815 0.38697916666666665 0.6138888888888889 0.38333333333333336 0.612037037037037 0.3848958333333333 0.6018518518518519 0.38229166666666664 0.562962962962963 0.3796875 0.5574074074074075 0.3796875 0.5398148148148149 0.3854166666666667 0.5222222222222223 0.3848958333333333 0.5101851851851852 0.38697916666666665 0.5055555555555555 0.390625 0.5074074074074074 0.3927083333333333 0.5212962962962963
3 0.6182291666666667 0.45740740740740743 0.010416666666666666 0.05555555555555555
3 0.346875 0.5259259259259259 0.34791666666666665 0.5148148148148148 0.3421875 0.49722222222222223 0.340625 0.47962962962962963 0.3453125 0.46944444444444444 0.3489583333333333 0.46944444444444444 0.3536458333333333 0.4824074074074074 0.3536458333333333 0.4898148148148148 0.35104166666666664 0.5305555555555556 0.3489583333333333 0.5342592592592592 0.34739583333333335 0.5268518518518519
3 0.38697916666666665 0.46574074074074073 0.3890625 0.46944444444444444 0.390625 0.4842592592592593 0.390625 0.49074074074074076 0.3875 0.49722222222222223 0.3890625 0.5083333333333333 0.37864583333333335 0.5194444444444445 0.3765625 0.5333333333333333 0.3729166666666667 0.5361111111111111 0.3729166666666667 0.5287037037037037 0.378125 0.5111111111111111 0.37916666666666665 0.49722222222222223 0.3776041666666667 0.48055555555555557 0.38645833333333335 0.4666666666666667
3 0.4 0.5120370370370371 0.4036458333333333 0.48333333333333334 0.40260416666666665 0.46944444444444444 0.4083333333333333 0.4601851851851852 0.4083333333333333 0.45555555555555555 0.4114583333333333 0.4527777777777778 0.41458333333333336 0.4666666666666667 0.4119791666666667 0.48333333333333334 0.4171875 0.5185185185185185 0.41354166666666664 0.5194444444444445 0.4114583333333333 0.5018518518518519 0.4083333333333333 0.4981481481481482 0.40260416666666665 0.5092592592592593 0.40208333333333335 0.5185185185185185 0.4005208333333333 0.5194444444444445 0.4005208333333333 0.512962962962963
3 0.6921875 0.42592592592592593 0.6958333333333333 0.44166666666666665 0.6921875 0.48518518518518516 0.6854166666666667 0.48703703703703705 0.6859375 0.44537037037037036 0.6885416666666667 0.4324074074074074 0.6916666666666667 0.42685185185185187
3 0.5338541666666666 0.42685185185185187 0.5364583333333334 0.4305555555555556 0.534375 0.45555555555555555 0.5359375 0.46944444444444444 0.5328125 0.4666666666666667 0.5317708333333333 0.45925925925925926 0.5286458333333334 0.45740740740740743 0.5265625 0.462037037037037 0.5260416666666666 0.4722222222222222 0.5239583333333333 0.4601851851851852 0.5276041666666667 0.44722222222222224 0.528125 0.4305555555555556 0.5302083333333333 0.42685185185185187 0.5333333333333333 0.42685185185185187
3 0.4739583333333333 0.42777777777777776 0.478125 0.4324074074074074 0.48125 0.4425925925925926 0.47708333333333336 0.5018518518518519 0.471875 0.5009259259259259 0.4708333333333333 0.4444444444444444 0.4734375 0.4287037037037037
3 0.5114583333333333 0.5018518518518519 0.5114583333333333 0.5074074074074074 0.5015625 0.512962962962963 0.5041666666666667 0.5027777777777778 0.5026041666666666 0.47129629629629627 0.5046875 0.4537037037037037 0.5083333333333333 0.44074074074074077 0.5109375 0.44537037037037036 0.5125 0.4601851851851852 0.5119791666666667 0.47685185185185186 0.5088541666666667 0.4925925925925926 0.5109375 0.5018518518518519
2 0.2515625 0.5472222222222223 0.2546875 0.5509259259259259 0.2552083333333333 0.5555555555555556 0.25833333333333336 0.6129629629629629 0.25625 0.6166666666666667 0.24635416666666668 0.6212962962962963 0.240625 0.6203703703703703 0.23697916666666666 0.6129629629629629 0.23802083333333332 0.5833333333333334 0.2421875 0.5666666666666667 0.24635416666666668 0.5601851851851852 0.24739583333333334 0.55 0.25104166666666666 0.5481481481481482
1 0.37419270833333335 0.5772685185185186 0.018520833333333334 0.028453703703703703
2 0.6767291666666666 0.4352129629629629 0.018041666666666668 0.04557407407407407
0 0.14320833333333333 0.5388703703703703 0.01786979166666667 0.10391666666666667
0 0.7468489583333333 0.4485925925925926 0.013973958333333333 0.05726851851851852