3 0.5375 0.4305555555555556 0.5411458333333333 0.4388888888888889 0.5416666666666666 0.4666666666666667 0.5395833333333333 0.4675925925925926 0.5359375 0.462037037037037 0.5328125 0.4777777777777778 0.5296875 0.47685185185185186 0.5333333333333333 0.45740740740740743 0.5322916666666667 0.4398148148148148 0.5333333333333333 0.43333333333333335 0.5369791666666667 0.4305555555555556
3 0.76875 0.45 0.7723958333333333 0.475 0.7708333333333334 0.48703703703703705 0.7755208333333333 0.5009259259259259 0.7729166666666667 0.5055555555555555 0.7697916666666667 0.5046296296296297 0.7703125 0.5 0.765625 0.49166666666666664 0.765625 0.48333333333333334 0.7630208333333334 0.4740740740740741 0.7635416666666667 0.45555555555555555 0.7682291666666666 0.45
3 0.6005208333333333 0.4083333333333333 0.6010416666666667 0.42962962962962964 0.6052083333333333 0.44537037037037036 0.6015625 0.44537037037037036 0.5984375 0.44074074074074077 0.5958333333333333 0.45185185185185184 0.5942708333333333 0.45 0.5953125 0.4111111111111111 0.6 0.4083333333333333
3 0.32135416666666666 0.47685185185185186 0.32447916666666665 0.4787037037037037 0.3255208333333333 0.4861111111111111 0.328125 0.5527777777777778 0.32447916666666665 0.5518518518518518 0.32395833333333335 0.5351851851851852 0.321875 0.5324074074074074 0.31875 0.5351851851851852 0.31614583333333335 0.5481481481481482 0.3140625 0.549074074074074 0.31354166666666666 0.5453703703703704 0.3140625 0.537962962962963 0.32083333333333336 0.5222222222222223 0.3182291666666667 0.5092592592592593 0.31666666666666665 0.4824074074074074 0.3177083333333333 0.4777777777777778 0.32083333333333336 0.47685185185185186
3 0.6921875 0.4203703703703704 0.6963541666666667 0.43703703703703706 0.6958333333333333 0.46296296296296297 0.6921875 0.4564814814814815 0.6854166666666667 0.4638888888888889 0.6875 0.44907407407407407 0.6875 0.4305555555555556 0.6890625 0.42314814814814816 0.6916666666666667 0.4212962962962963
3 0.7104166666666667 0.4361111111111111 0.7114583333333333 0.4685185185185185 0.7145833333333333 0.48148148148148145 0.7140625 0.487962962962963 0.7098958333333333 0.475 0.7078125 0.4842592592592593 0.7052083333333333 0.4842592592592593 0.7020833333333333 0.44537037037037036 0.7046875 0.43148148148148147 0.7072916666666667 0.4305555555555556 0.7098958333333333 0.4361111111111111
3 0.48125 0.462037037037037 0.48385416666666664 0.4703703703703704 0.49114583333333334 0.47962962962962963 0.49114583333333334 0.4981481481481482 0.4942708333333333 0.5259259259259259 0.4942708333333333 0.5305555555555556 0.49114583333333334 0.5314814814814814 0.48802083333333335 0.5305555555555556 0.4765625 0.487962962962963 0.4765625 0.48055555555555557 0.4791666666666667 0.47314814814814815 0.4786458333333333 0.4638888888888889 0.48072916666666665 0.462037037037037
3 0.5463541666666667 0.4527777777777778 0.5536458333333333 0.4703703703703704 0.553125 0.48148148148148145 0.5479166666666667 0.4981481481481482 0.55 0.512962962962963 0.546875 0.5148148148148148 0.5432291666666667 0.5055555555555555 0.5364583333333334 0.5111111111111111 0.5338541666666666 0.5083333333333333 0.5380208333333333 0.5046296296296297 0.5427083333333333 0.49444444444444446 0.5447916666666667 0.4759259259259259 0.5427083333333333 0.46944444444444444 0.5421875 0.4527777777777778 0.5458333333333333 0.4527777777777778
3 0.7140625 0.41944444444444445 0.7177083333333333 0.43703703703703706 0.71875 0.46296296296296297 0.7171875 0.4666666666666667 0.7151041666666667 0.4648148148148148 0.7109375 0.44537037037037036 0.7119791666666667 0.4212962962962963 0.7135416666666666 0.41944444444444445
2 0.22916666666666666 0.5148148148148148 0.23489583333333333 0.5138888888888888 0.23645833333333333 0.5185185185185185 0.2359375 0.5388888888888889 0.23958333333333334 0.5546296296296296 0.24166666666666667 0.587037037037037 0.23854166666666668 0.6092592592592593 0.2390625 0.6166666666666667 0.24270833333333333 0.6222222222222222 0.23385416666666667 0.6259259259259259 0.23125 0.6185185185185185 0.23229166666666667 0.5916666666666667 0.22760416666666666 0.5675925925925925 0.22864583333333333 0.5601851851851852 0.22135416666666666 0.5361111111111111 0.228125 0.5268518518518519 0.22916666666666666 0.5157407407407407
1 0.4767291666666667 0.5261851851851852 0.009385416666666667 0.010509259259259258
2 0.6797239583333333 0.43966666666666665 0.009385416666666667 0.03646296296296297
3 0.595078125 0.4217685185185185 0.020015625 0.04073148148148149
0 0.218234375 0.5125648148148149 0.015958333333333335 0.0873425925925926
0 0.7681354166666666 0.4355833333333333 0.011364583333333334 0.0410925925925926