0 0.6115677083333334 0.41759259259259257 0.008026041666666667 0.041416666666666664
3 0.5599062499999999 0.4266111111111111 0.008583333333333333 0.043194444444444445
3 0.5679322916666667 0.4301759259259259 0.006796875 0.04359259259259259
3 0.5790208333333333 0.43810185185185185 0.013822916666666666 0.05112037037037037
3 0.6159114583333333 0.4655462962962963 0.015604166666666667 0.06836111111111111
2 0.674203125 0.44183333333333336 0.010177083333333333 0.023472222222222224
3 0.6675156250000001 0.43937037037037036 0.013958333333333333 0.04694444444444445
3 0.698984375 0.445037037037037 0.021593750000000002 0.05566666666666666
3 0.40950000000000003 0.46416666666666667 0.013963541666666666 0.058305555555555555
3 0.41972916666666665 0.46849074074074076 0.02565625 0.06870370370370371
3 0.48264583333333333 0.4689259259259259 0.017374999999999998 0.07707407407407407
3 0.4305260416666667 0.5269444444444444 0.031984374999999995 0.10131481481481482
0 0.540875 0.5723425925925926 0.03613541666666666 0.14850925925925926
2 0.24745833333333334 0.5777037037037037 0.02991145833333333 0.09910185185185186