3 0.5182291666666666 0.46296296296296297 0.5208333333333334 0.45 0.5203125 0.43425925925925923 0.5223958333333333 0.4148148148148148 0.5291666666666667 0.40925925925925927 0.5307291666666667 0.4324074074074074 0.528125 0.43796296296296294 0.5276041666666667 0.44907407407407407 0.5296875 0.4638888888888889 0.5265625 0.4564814814814815 0.51875 0.4638888888888889
3 0.64375 0.412962962962963 0.6463541666666667 0.41388888888888886 0.6479166666666667 0.41944444444444445 0.646875 0.45555555555555555 0.6421875 0.45555555555555555 0.6401041666666667 0.425 0.64375 0.41388888888888886
3 0.6520833333333333 0.4074074074074074 0.6541666666666667 0.40925925925925927 0.6557291666666667 0.4212962962962963 0.6546875 0.4564814814814815 0.6510416666666666 0.4537037037037037 0.6484375 0.4324074074074074 0.6494791666666667 0.41203703703703703 0.6515625 0.4074074074074074
3 0.7197916666666667 0.43425925925925923 0.721875 0.45 0.7130208333333333 0.48518518518518516 0.7109375 0.47962962962962963 0.7119791666666667 0.44537037037037036 0.7166666666666667 0.4324074074074074 0.7192708333333333 0.43425925925925923
3 0.415625 0.4981481481481482 0.41510416666666666 0.4824074074074074 0.40989583333333335 0.4898148148148148 0.409375 0.4981481481481482 0.40729166666666666 0.4981481481481482 0.40729166666666666 0.49074074074074076 0.4114583333333333 0.4648148148148148 0.42083333333333334 0.44537037037037036 0.4234375 0.44722222222222224 0.42291666666666666 0.47129629629629627 0.4192708333333333 0.4777777777777778 0.41875 0.4981481481481482 0.4161458333333333 0.4981481481481482
3 0.5848958333333333 0.4212962962962963 0.5880208333333333 0.425 0.5895833333333333 0.43425925925925923 0.5864583333333333 0.47314814814814815 0.5817708333333333 0.47314814814814815 0.5796875 0.4601851851851852 0.58125 0.45092592592592595 0.5807291666666666 0.4351851851851852 0.584375 0.4222222222222222
3 0.47708333333333336 0.44166666666666665 0.4791666666666667 0.4148148148148148 0.48125 0.41388888888888886 0.48541666666666666 0.4287037037037037 0.484375 0.45925925925925926 0.48072916666666665 0.46111111111111114 0.48072916666666665 0.45 0.47760416666666666 0.4425925925925926
3 0.6994791666666667 0.47129629629629627 0.696875 0.4425925925925926 0.6994791666666667 0.42685185185185187 0.7020833333333333 0.42685185185185187 0.7067708333333333 0.4398148148148148 0.7057291666666666 0.45740740740740743 0.7072916666666667 0.462037037037037 0.7067708333333333 0.46944444444444444 0.7 0.47129629629629627
3 0.6302083333333334 0.41944444444444445 0.6369791666666667 0.41944444444444445 0.6385416666666667 0.42685185185185187 0.634375 0.46574074074074073 0.6328125 0.4666666666666667 0.6296875 0.46296296296296297 0.628125 0.45 0.628125 0.43333333333333335 0.6302083333333334 0.4203703703703704
3 0.6265625 0.41759259259259257 0.6296875 0.4166666666666667 0.6317708333333333 0.4222222222222222 0.63125 0.46296296296296297 0.6265625 0.4666666666666667 0.625 0.44722222222222224 0.6265625 0.4185185185185185
2 0.23854166666666668 0.5481481481481482 0.24114583333333334 0.5564814814814815 0.24427083333333333 0.5990740740740741 0.24947916666666667 0.6148148148148148 0.24895833333333334 0.6203703703703703 0.2453125 0.6231481481481481 0.240625 0.6222222222222222 0.2375 0.6175925925925926 0.23229166666666667 0.6222222222222222 0.22864583333333333 0.6148148148148148 0.228125 0.5833333333333334 0.2328125 0.5666666666666667 0.23177083333333334 0.5518518518518518 0.234375 0.5481481481481482 0.23802083333333332 0.5481481481481482
1 0.4361666666666667 0.497037037037037 0.006682291666666667 0.008916666666666668
2 0.6776041666666667 0.4305555555555556 0.6817708333333333 0.44814814814814813 0.6796875 0.4537037037037037 0.6713541666666667 0.4527777777777778 0.6697916666666667 0.45 0.6734375 0.4305555555555556 0.675 0.42777777777777776 0.6770833333333334 0.4305555555555556
0 0.30040104166666665 0.4932222222222222 0.021645833333333333 0.08447222222222223
0 0.7739947916666666 0.4426759259259259 0.009302083333333332 0.05469444444444444