3 0.584375 0.4305555555555556 0.5895833333333333 0.4425925925925926 0.5885416666666666 0.49444444444444446 0.5817708333333333 0.49444444444444446 0.5807291666666666 0.487962962962963 0.578125 0.44074074074074077 0.5802083333333333 0.4324074074074074 0.5838541666666667 0.4305555555555556
3 0.45625 0.4185185185185185 0.4583333333333333 0.44166666666666665 0.45625 0.46944444444444444 0.44947916666666665 0.4685185185185185 0.44895833333333335 0.4546296296296296 0.44895833333333335 0.4287037037037037 0.4557291666666667 0.41944444444444445
3 0.6541666666666667 0.4046296296296296 0.6609375 0.4185185185185185 0.6604166666666667 0.42962962962962964 0.6557291666666667 0.44166666666666665 0.6552083333333333 0.45092592592592595 0.6541666666666667 0.4527777777777778 0.6505208333333333 0.45 0.6505208333333333 0.41759259259259257 0.6541666666666667 0.40555555555555556
3 0.5015625 0.42314814814814816 0.5052083333333334 0.42685185185185187 0.5072916666666667 0.4351851851851852 0.5046875 0.475 0.49947916666666664 0.4740740740740741 0.4979166666666667 0.4361111111111111 0.5010416666666667 0.42407407407407405
3 0.6229166666666667 0.40555555555555556 0.6255208333333333 0.41574074074074074 0.6244791666666667 0.44814814814814813 0.6229166666666667 0.4527777777777778 0.6192708333333333 0.4527777777777778 0.6177083333333333 0.425 0.6182291666666667 0.4064814814814815 0.6223958333333334 0.40555555555555556
3 0.7333333333333333 0.4185185185185185 0.7364583333333333 0.4212962962962963 0.7411458333333333 0.4527777777777778 0.7411458333333333 0.4564814814814815 0.7390625 0.4564814814814815 0.7322916666666667 0.44907407407407407 0.7333333333333333 0.41944444444444445
2 0.26510416666666664 0.5 0.26875 0.5064814814814815 0.26927083333333335 0.5175925925925926 0.2765625 0.5324074074074074 0.27395833333333336 0.5425925925925926 0.28072916666666664 0.5731481481481482 0.28020833333333334 0.5888888888888889 0.28489583333333335 0.6018518518518519 0.28020833333333334 0.6046296296296296 0.2682291666666667 0.6018518518518519 0.2598958333333333 0.5314814814814814 0.2609375 0.5037037037037037 0.26458333333333334 0.5009259259259259
2 0.6713541666666667 0.4305555555555556 0.6760416666666667 0.43703703703703706 0.6791666666666667 0.44722222222222224 0.6786458333333333 0.45092592592592595 0.675 0.45185185185185184 0.6661458333333333 0.45 0.6651041666666667 0.4351851851851852 0.6671875 0.4305555555555556 0.6708333333333333 0.4305555555555556
3 0.6100937500000001 0.41844444444444445 0.0098125 0.03897222222222223
3 0.6177135416666667 0.4175185185185185 0.004177083333333333 0.03785185185185185
3 0.5808697916666666 0.42864814814814817 0.01440625 0.04899074074074074
0 0.2863125 0.49354629629629626 0.018723958333333336 0.07783333333333334
0 0.691890625 0.42398148148148146 0.007682291666666666 0.042851851851851856