3 0.5682291666666667 0.42314814814814816 0.5708333333333333 0.42407407407407405 0.571875 0.42962962962962964 0.5708333333333333 0.4648148148148148 0.5671875 0.4583333333333333 0.5640625 0.4388888888888889 0.5645833333333333 0.42685185185185187 0.5677083333333334 0.42314814814814816
3 0.6817708333333333 0.4212962962962963 0.6859375 0.4351851851851852 0.6854166666666667 0.4601851851851852 0.6875 0.4703703703703704 0.6833333333333333 0.46944444444444444 0.6770833333333334 0.44907407407407407 0.6776041666666667 0.42777777777777776 0.68125 0.4222222222222222
3 0.6682291666666667 0.41574074074074074 0.6713541666666667 0.4166666666666667 0.6744791666666666 0.4287037037037037 0.6739583333333333 0.4462962962962963 0.6755208333333333 0.45092592592592595 0.6744791666666666 0.45740740740740743 0.6703125 0.4564814814814815 0.6677083333333333 0.4351851851851852 0.6682291666666667 0.4166666666666667
3 0.63828125 0.412962962962963 0.009895833333333333 0.027777777777777776
3 0.609375 0.4111111111111111 0.6125 0.41759259259259257 0.6125 0.4388888888888889 0.6161458333333333 0.45092592592592595 0.6088541666666667 0.44722222222222224 0.6057291666666667 0.4527777777777778 0.6067708333333334 0.4361111111111111 0.6052083333333333 0.425 0.6088541666666667 0.41203703703703703
3 0.6427083333333333 0.425 0.646875 0.43703703703703706 0.6484375 0.46296296296296297 0.6458333333333334 0.4638888888888889 0.6411458333333333 0.46296296296296297 0.6395833333333333 0.44722222222222224 0.6380208333333334 0.42685185185185187 0.6421875 0.425
3 0.7171875 0.42962962962962964 0.721875 0.44351851851851853 0.7203125 0.4685185185185185 0.7234375 0.4888888888888889 0.7203125 0.48518518518518516 0.7171875 0.4722222222222222 0.7151041666666667 0.4740740740740741 0.7140625 0.48703703703703705 0.7125 0.48703703703703705 0.7130208333333333 0.4666666666666667 0.715625 0.4546296296296296 0.7145833333333333 0.43148148148148147 0.7166666666666667 0.42962962962962964
3 0.6338541666666667 0.4203703703703704 0.6380208333333334 0.4351851851851852 0.634375 0.4787037037037037 0.6296875 0.47685185185185186 0.628125 0.43703703703703706 0.6302083333333334 0.4212962962962963 0.6333333333333333 0.4203703703703704
3 0.5302083333333333 0.42962962962962964 0.5333333333333333 0.4351851851851852 0.5322916666666667 0.48055555555555557 0.5265625 0.47962962962962963 0.5255208333333333 0.475 0.525 0.43425925925925923 0.5296875 0.42962962962962964
3 0.6484375 0.4222222222222222 0.6541666666666667 0.4287037037037037 0.65625 0.4351851851851852 0.6552083333333333 0.44722222222222224 0.6578125 0.45925925925925926 0.6505208333333333 0.4537037037037037 0.6473958333333333 0.44722222222222224 0.6458333333333334 0.425 0.6479166666666667 0.4222222222222222
2 0.2453125 0.5092592592592593 0.24739583333333334 0.512962962962963 0.24791666666666667 0.5231481481481481 0.2552083333333333 0.5416666666666666 0.25364583333333335 0.5518518518518518 0.25729166666666664 0.5898148148148148 0.25416666666666665 0.6027777777777777 0.25625 0.6157407407407407 0.253125 0.6194444444444445 0.24791666666666667 0.6194444444444445 0.24583333333333332 0.6148148148148148 0.2453125 0.5842592592592593 0.23958333333333334 0.5425925925925926 0.23958333333333334 0.512962962962963 0.24479166666666666 0.5092592592592593
2 0.677875 0.43971296296296297 0.0063437499999999996 0.03438888888888889
1 0.6010520833333334 0.44887037037037036 0.004401041666666666 0.004981481481481482
0 0.38820312500000004 0.4833518518518518 0.020874999999999998 0.08432407407407407
0 0.749078125 0.4346111111111111 0.010328124999999999 0.04224074074074074