2 0.23428125 0.5670462962962962 0.025708333333333333 0.11940740740740742
0 0.2548489583333333 0.49934259259259256 0.01478125 0.0868425925925926
3 0.38966666666666666 0.4959166666666667 0.020244791666666664 0.08912962962962963
3 0.6288958333333333 0.45119444444444445 0.013828125 0.03336111111111111
3 0.6240416666666667 0.45163888888888887 0.024854166666666667 0.05237962962962963
3 0.6930052083333333 0.43744444444444447 0.007078125 0.04388888888888889
2 0.6766302083333334 0.4377407407407407 0.008229166666666668 0.030435185185185183
3 0.6801666666666667 0.43510185185185185 0.015635416666666666 0.048574074074074075
3 0.678109375 0.4683148148148148 0.025677083333333333 0.057055555555555554
3 0.6943229166666666 0.4949444444444444 0.017609375 0.07578703703703703
3 0.553515625 0.46567592592592594 0.021723958333333335 0.05998148148148148
3 0.45851562500000004 0.4548055555555556 0.019973958333333333 0.05567592592592593
3 0.496609375 0.45063888888888887 0.01873958333333333 0.05611111111111111
0 0.7639270833333334 0.44453703703703706 0.011338541666666667 0.05131481481481481