0 0.771609375 0.44269444444444445 0.013578125 0.04962962962962963
0 0.254421875 0.5125555555555555 0.019109374999999998 0.08561111111111111
2 0.25391145833333334 0.585037037037037 0.03133854166666667 0.07746296296296296
2 0.6755260416666666 0.4369722222222222 0.010520833333333333 0.033249999999999995
3 0.7007447916666667 0.4292592592592593 0.012187499999999999 0.03443518518518518
3 0.7058385416666667 0.4515185185185185 0.015364583333333333 0.050462962962962966
3 0.6910572916666666 0.4629537037037037 0.018536458333333335 0.0626388888888889
3 0.5964635416666667 0.42212962962962963 0.008015625 0.040962962962962965
3 0.6060625000000001 0.43801851851851853 0.017864583333333333 0.050166666666666665
3 0.5684947916666666 0.4663611111111111 0.028885416666666667 0.07421296296296297
3 0.61065625 0.515787037037037 0.022375 0.08638888888888889
3 0.5014166666666667 0.47125925925925927 0.017703125 0.058722222222222224
3 0.5245052083333334 0.5320925925925926 0.04635416666666667 0.10771296296296295
3 0.40238541666666666 0.4788055555555556 0.017859375 0.08255555555555555