3 0.4979166666666667 0.425 0.5015625 0.43703703703703706 0.5005208333333333 0.4666666666666667 0.5036458333333333 0.4787037037037037 0.5015625 0.48055555555555557 0.5010416666666667 0.475 0.4973958333333333 0.4703703703703704 0.4942708333333333 0.47962962962962963 0.49114583333333334 0.48148148148148145 0.4942708333333333 0.4675925925925926 0.49270833333333336 0.4351851851851852 0.4942708333333333 0.4287037037037037 0.4973958333333333 0.42592592592592593
3 0.41302083333333334 0.48518518518518516 0.41458333333333336 0.4861111111111111 0.415625 0.4981481481481482 0.4197916666666667 0.5046296296296297 0.42135416666666664 0.5138888888888888 0.42135416666666664 0.524074074074074 0.4171875 0.5370370370370371 0.4171875 0.549074074074074 0.41875 0.5666666666666667 0.42239583333333336 0.5740740740740741 0.41822916666666665 0.5787037037037037 0.4114583333333333 0.5583333333333333 0.40520833333333334 0.5694444444444444 0.4041666666666667 0.5777777777777777 0.4005208333333333 0.5768518518518518 0.4005208333333333 0.5675925925925925 0.4083333333333333 0.55 0.40572916666666664 0.5212962962962963 0.403125 0.5175925925925926 0.40260416666666665 0.5120370370370371 0.4041666666666667 0.5046296296296297 0.4088541666666667 0.4981481481481482 0.409375 0.48703703703703705 0.4125 0.48518518518518516
3 0.5364583333333334 0.4527777777777778 0.5359375 0.4148148148148148 0.5395833333333333 0.4046296296296296 0.54375 0.412962962962963 0.54375 0.42777777777777776 0.5411458333333333 0.43333333333333335 0.5395833333333333 0.4527777777777778 0.5369791666666667 0.4527777777777778
3 0.6822916666666666 0.49074074074074076 0.684375 0.48703703703703705 0.6854166666666667 0.4740740740740741 0.6885416666666667 0.46296296296296297 0.6885416666666667 0.44537037037037036 0.6927083333333334 0.4398148148148148 0.6979166666666666 0.45092592592592595 0.6963541666666667 0.47685185185185186 0.6994791666666667 0.4925925925925926 0.6958333333333333 0.49444444444444446 0.6921875 0.47962962962962963 0.6875 0.48148148148148145 0.6854166666666667 0.49444444444444446 0.6822916666666666 0.49444444444444446 0.6822916666666666 0.49166666666666664
3 0.7046875 0.4527777777777778 0.7072916666666667 0.4527777777777778 0.7119791666666667 0.46296296296296297 0.7140625 0.4740740740740741 0.7135416666666666 0.48518518518518516 0.7078125 0.4925925925925926 0.7078125 0.5018518518518519 0.709375 0.5046296296296297 0.70625 0.5101851851851852 0.7020833333333333 0.5092592592592593 0.7036458333333333 0.5018518518518519 0.7046875 0.4537037037037037
3 0.6927083333333334 0.4212962962962963 0.6958333333333333 0.4212962962962963 0.6994791666666667 0.4324074074074074 0.6994791666666667 0.44074074074074077 0.6963541666666667 0.44814814814814813 0.6916666666666667 0.44351851851851853 0.6901041666666666 0.43425925925925923 0.6927083333333334 0.4222222222222222
3 0.24635416666666668 0.5361111111111111 0.24947916666666667 0.5314814814814814 0.25 0.524074074074074 0.24479166666666666 0.4861111111111111 0.24791666666666667 0.4666666666666667 0.2515625 0.46296296296296297 0.25416666666666665 0.46944444444444444 0.25364583333333335 0.48055555555555557 0.25625 0.4898148148148148 0.2552083333333333 0.5138888888888888 0.25729166666666664 0.5259259259259259 0.25677083333333334 0.5435185185185185 0.25885416666666666 0.55 0.25833333333333336 0.5527777777777778 0.25364583333333335 0.5509259259259259 0.25416666666666665 0.5425925925925926 0.2515625 0.5351851851851852 0.24427083333333333 0.5509259259259259 0.24270833333333333 0.5416666666666666 0.24635416666666668 0.5370370370370371
3 0.578125 0.42592592592592593 0.58125 0.4361111111111111 0.58125 0.4787037037037037 0.5791666666666667 0.47685185185185186 0.578125 0.46944444444444444 0.5755208333333334 0.4777777777777778 0.5729166666666666 0.47685185185185186 0.5739583333333333 0.43703703703703706 0.575 0.42962962962962964 0.5776041666666667 0.42592592592592593
3 0.6265625 0.45740740740740743 0.6333333333333333 0.48055555555555557 0.6348958333333333 0.5259259259259259 0.6328125 0.5287037037037037 0.6291666666666667 0.5277777777777778 0.625 0.5101851851851852 0.625 0.48333333333333334 0.6234375 0.48055555555555557 0.6161458333333333 0.48333333333333334 0.6234375 0.4740740740740741 0.6223958333333334 0.4601851851851852 0.6260416666666667 0.45740740740740743
3 0.67578125 0.4412037037037037 0.0078125 0.04351851851851852
2 0.23072916666666668 0.5120370370370371 0.2359375 0.5194444444444445 0.2390625 0.5425925925925926 0.240625 0.5851851851851851 0.23854166666666668 0.6074074074074074 0.2390625 0.6166666666666667 0.2421875 0.6231481481481481 0.23385416666666667 0.6268518518518519 0.2296875 0.6212962962962963 0.23020833333333332 0.5851851851851851 0.22708333333333333 0.5722222222222222 0.22708333333333333 0.5555555555555556 0.22135416666666666 0.5361111111111111 0.22708333333333333 0.5268518518518519 0.22708333333333333 0.5185185185185185 0.23020833333333332 0.512962962962963
2 0.6786458333333333 0.41944444444444445 0.6822916666666666 0.42314814814814816 0.6848958333333334 0.4351851851851852 0.6848958333333334 0.45 0.6822916666666666 0.4601851851851852 0.6786458333333333 0.462037037037037 0.6755208333333333 0.45925925925925926 0.678125 0.4203703703703704
0 0.17042708333333334 0.5231203703703704 0.028104166666666666 0.10406481481481482
0 0.7721354166666666 0.44403703703703706 0.01340625 0.056296296296296296