2 0.6758177083333333 0.4380833333333333 0.01021875 0.02901851851851852
3 0.7311093750000001 0.4452685185185185 0.010375 0.038509259259259264
3 0.7463645833333333 0.4611388888888889 0.028677083333333336 0.04962962962962963
3 0.7668802083333334 0.4896111111111111 0.016625 0.07457407407407408
0 0.796625 0.44269444444444445 0.009609375 0.04691666666666667
3 0.5834375 0.4187222222222223 0.007880208333333335 0.044861111111111115
3 0.5791302083333334 0.4408148148148148 0.011322916666666665 0.050111111111111106
3 0.5717447916666667 0.4726574074074074 0.016 0.06958333333333334
3 0.5678072916666667 0.4713425925925926 0.028802083333333332 0.07746296296296296
3 0.4834114583333333 0.45092592592592595 0.020703125 0.055212962962962964
3 0.5288385416666667 0.5262314814814815 0.030848958333333332 0.0984074074074074
3 0.4323020833333333 0.4778148148148148 0.01984375 0.08630555555555555
0 0.3183958333333334 0.5059351851851852 0.0153125 0.08711111111111111
2 0.2585572916666667 0.5840462962962962 0.025677083333333333 0.07748148148148148