2 0.25267708333333333 0.5692222222222222 0.024192708333333333 0.12510185185185185
0 0.3245885416666667 0.4937685185185185 0.021989583333333333 0.08523148148148148
3 0.46601041666666665 0.46714814814814815 0.033749999999999995 0.06923148148148148
3 0.511546875 0.44075925925925924 0.018666666666666668 0.05170370370370371
3 0.5142239583333333 0.4522037037037037 0.025755208333333335 0.05659259259259259
3 0.7445729166666666 0.44212962962962965 0.01609375 0.04678703703703704
3 0.7152291666666667 0.4476851851851852 0.02177604166666667 0.05385185185185185
2 0.6879114583333333 0.4453611111111111 0.012593749999999999 0.019101851851851852
3 0.6776458333333333 0.43862962962962965 0.014796875 0.043222222222222224
3 0.6392447916666666 0.4423888888888889 0.013567708333333334 0.05480555555555555
3 0.663203125 0.45154629629629633 0.024838541666666665 0.0640462962962963
3 0.7459322916666667 0.4762129629629629 0.02959895833333333 0.05327777777777778
3 0.7701145833333333 0.48 0.012427083333333333 0.06388888888888888
0 0.7812604166666667 0.44004629629629627 0.012546875 0.044175925925925924