0 0.19424999999999998 0.5067685185185185 0.026093750000000002 0.08573148148148148
2 0.233078125 0.5678240740740741 0.022755208333333332 0.11578703703703704
3 0.3100729166666667 0.49394444444444446 0.034270833333333334 0.07817592592592593
3 0.415703125 0.45408333333333334 0.014854166666666667 0.064
3 0.500125 0.5236666666666666 0.031713541666666664 0.09650925925925927
3 0.6960156249999999 0.42930555555555555 0.010453125 0.041574074074074076
1 0.6210729166666666 0.446 0.0019479166666666668 0.005666666666666667
3 0.6163802083333334 0.42521296296296296 0.013463541666666667 0.041574074074074076
3 0.5928125000000001 0.42615740740740743 0.013463541666666667 0.04787962962962963
3 0.649421875 0.4392314814814815 0.01825 0.05637962962962963
3 0.5351874999999999 0.4282222222222222 0.010786458333333334 0.043
3 0.5923854166666668 0.4584351851851852 0.030395833333333334 0.07088888888888889
3 0.7420729166666666 0.5023055555555556 0.028432291666666668 0.08889814814814816
2 0.67515625 0.4383611111111111 0.012864583333333334 0.029935185185185183
0 0.7824010416666667 0.44449074074074074 0.012078125 0.052083333333333336