3 0.5786458333333333 0.46944444444444444 0.5869791666666667 0.49537037037037035 0.5875 0.5064814814814815 0.5828125 0.5037037037037037 0.58125 0.4925925925925926 0.5765625 0.49074074074074076 0.5744791666666667 0.4935185185185185 0.5734375 0.47314814814814815 0.575 0.4685185185185185 0.578125 0.46944444444444444
3 0.5192708333333333 0.44814814814814813 0.5213541666666667 0.4583333333333333 0.5255208333333333 0.46574074074074073 0.5265625 0.4759259259259259 0.5255208333333333 0.4787037037037037 0.5223958333333333 0.4740740740740741 0.5213541666666667 0.4777777777777778 0.5208333333333334 0.49722222222222223 0.5223958333333333 0.5083333333333333 0.5192708333333333 0.5046296296296297 0.515625 0.4888888888888889 0.5098958333333333 0.5046296296296297 0.5083333333333333 0.5074074074074074 0.5067708333333333 0.5055555555555555 0.5104166666666666 0.4925925925925926 0.5130208333333334 0.46296296296296297 0.51875 0.44814814814814813
3 0.6807291666666667 0.4861111111111111 0.6817708333333333 0.49444444444444446 0.6890625 0.5046296296296297 0.6911458333333333 0.5398148148148149 0.6958333333333333 0.5481481481481482 0.6973958333333333 0.5601851851851852 0.6963541666666667 0.5657407407407408 0.6942708333333333 0.5638888888888889 0.6921875 0.5546296296296296 0.6822916666666666 0.5398148148148149 0.6817708333333333 0.5277777777777778 0.678125 0.5175925925925926 0.6765625 0.5018518518518519 0.6765625 0.48703703703703705 0.6802083333333333 0.4861111111111111
3 0.3380208333333333 0.5018518518518519 0.3411458333333333 0.4981481481481482 0.3416666666666667 0.4888888888888889 0.3458333333333333 0.48703703703703705 0.34739583333333335 0.49074074074074076 0.346875 0.4981481481481482 0.35572916666666665 0.5231481481481481 0.35572916666666665 0.5314814814814814 0.35260416666666666 0.5231481481481481 0.3494791666666667 0.5268518518518519 0.35208333333333336 0.562037037037037 0.35 0.5601851851851852 0.3453125 0.5342592592592592 0.3385416666666667 0.5370370370370371 0.3328125 0.5555555555555556 0.3302083333333333 0.5564814814814815 0.33645833333333336 0.5259259259259259 0.3380208333333333 0.5027777777777778
3 0.5776041666666667 0.4898148148148148 0.5817708333333333 0.4935185185185185 0.5822916666666667 0.5018518518518519 0.5869791666666667 0.5092592592592593 0.590625 0.5342592592592592 0.5901041666666667 0.5509259259259259 0.5953125 0.5787037037037037 0.5947916666666667 0.5851851851851851 0.5916666666666667 0.5833333333333334 0.5916666666666667 0.5768518518518518 0.5869791666666667 0.5583333333333333 0.5833333333333334 0.5546296296296296 0.58125 0.5592592592592592 0.5791666666666667 0.5824074074074074 0.578125 0.5851851851851851 0.5755208333333334 0.5824074074074074 0.5760416666666667 0.5472222222222223 0.5744791666666667 0.5407407407407407 0.5713541666666667 0.5398148148148149 0.5713541666666667 0.5287037037037037 0.5744791666666667 0.49722222222222223 0.5776041666666667 0.49074074074074076
3 0.24479166666666666 0.48518518518518516 0.24895833333333334 0.49074074074074076 0.25 0.5138888888888888 0.24635416666666668 0.5203703703703704 0.2359375 0.5583333333333333 0.23385416666666667 0.5601851851851852 0.23229166666666667 0.5574074074074075 0.23385416666666667 0.549074074074074 0.2328125 0.5388888888888889 0.2359375 0.5194444444444445 0.2359375 0.5009259259259259 0.24427083333333333 0.4861111111111111
3 0.46041666666666664 0.44537037037037036 0.4640625 0.4583333333333333 0.4609375 0.48703703703703705 0.465625 0.49537037037037035 0.4630208333333333 0.49722222222222223 0.45260416666666664 0.4842592592592593 0.44947916666666665 0.4981481481481482 0.4473958333333333 0.49444444444444446 0.44947916666666665 0.48333333333333334 0.45989583333333334 0.44537037037037036
3 0.47708333333333336 0.4861111111111111 0.4791666666666667 0.49537037037037035 0.48385416666666664 0.49907407407407406 0.4890625 0.5111111111111111 0.4895833333333333 0.5296296296296297 0.4875 0.5370370370370371 0.4869791666666667 0.5509259259259259 0.49322916666666666 0.5740740740740741 0.4890625 0.5777777777777777 0.48385416666666664 0.5777777777777777 0.4875 0.5666666666666667 0.48072916666666665 0.5462962962962963 0.47760416666666666 0.5675925925925925 0.47291666666666665 0.5675925925925925 0.47552083333333334 0.5546296296296296 0.47604166666666664 0.5370370370370371 0.4796875 0.5296296296296297 0.47760416666666666 0.5222222222222223 0.4734375 0.525 0.47291666666666665 0.49074074074074076 0.4765625 0.4861111111111111
3 0.671875 0.4703703703703704 0.6697916666666667 0.43425925925925923 0.6713541666666667 0.42314814814814816 0.675 0.425 0.6776041666666667 0.4351851851851852 0.6755208333333333 0.4537037037037037 0.6760416666666667 0.46944444444444444 0.6723958333333333 0.4703703703703704
3 0.7098958333333333 0.44074074074074077 0.715625 0.45740740740740743 0.7145833333333333 0.4861111111111111 0.7177083333333333 0.5046296296296297 0.7130208333333333 0.5046296296296297 0.7125 0.49537037037037035 0.70625 0.4861111111111111 0.7072916666666667 0.44537037037037036 0.709375 0.44166666666666665
2 0.2421875 0.5527777777777778 0.24635416666666668 0.5574074074074075 0.2520833333333333 0.5944444444444444 0.25885416666666666 0.6046296296296296 0.2625 0.6148148148148148 0.2708333333333333 0.6185185185185185 0.26927083333333335 0.6231481481481481 0.2625 0.625 0.25677083333333334 0.6231481481481481 0.2515625 0.6129629629629629 0.24791666666666667 0.6194444444444445 0.24270833333333333 0.6194444444444445 0.23645833333333333 0.6092592592592593 0.23385416666666667 0.5990740740740741 0.23385416666666667 0.5842592592592593 0.23645833333333333 0.5768518518518518 0.2375 0.5583333333333333 0.24166666666666667 0.5527777777777778
2 0.6828125 0.4074074074074074 0.6927083333333334 0.425 0.6885416666666667 0.425 0.6859375 0.4287037037037037 0.6828125 0.45092592592592595 0.6796875 0.44907407407407407 0.6765625 0.4222222222222222 0.6822916666666666 0.4074074074074074
0 0.3927083333333333 0.736574074074074 0.07708333333333334 0.2324074074074074
0 0.6114010416666668 0.43004629629629626 0.011744791666666667 0.0525462962962963