3 0.4041666666666667 0.4601851851851852 0.4083333333333333 0.46111111111111114 0.41458333333333336 0.48518518518518516 0.41510416666666666 0.5 0.4109375 0.5148148148148148 0.415625 0.5296296296296297 0.4125 0.5370370370370371 0.40520833333333334 0.5361111111111111 0.4083333333333333 0.524074074074074 0.40572916666666664 0.5138888888888888 0.40677083333333336 0.4935185185185185 0.40520833333333334 0.47314814814814815 0.403125 0.4666666666666667 0.4041666666666667 0.46111111111111114
3 0.3463541666666667 0.5101851851851852 0.3578125 0.5518518518518518 0.35625 0.575925925925926 0.36354166666666665 0.6027777777777777 0.3578125 0.6046296296296296 0.3567708333333333 0.5907407407407408 0.35208333333333336 0.5833333333333334 0.3494791666666667 0.5879629629629629 0.3484375 0.6111111111111112 0.3453125 0.6138888888888889 0.3411458333333333 0.612037037037037 0.34479166666666666 0.6037037037037037 0.34322916666666664 0.5805555555555556 0.3463541666666667 0.5638888888888889 0.3416666666666667 0.512962962962963 0.3458333333333333 0.5101851851851852
3 0.15833333333333333 0.4935185185185185 0.1671875 0.5148148148148148 0.16770833333333332 0.5333333333333333 0.16458333333333333 0.5685185185185185 0.16145833333333334 0.5666666666666667 0.1640625 0.5537037037037037 0.159375 0.5509259259259259 0.15677083333333333 0.5537037037037037 0.15625 0.5666666666666667 0.15260416666666668 0.5666666666666667 0.15364583333333334 0.5287037037037037 0.15625 0.5120370370370371 0.15416666666666667 0.49722222222222223 0.1578125 0.4935185185185185
3 0.6817708333333333 0.45740740740740743 0.6859375 0.4703703703703704 0.6822916666666666 0.47685185185185186 0.68125 0.5064814814814815 0.6786458333333333 0.5157407407407407 0.6765625 0.5148148148148148 0.6770833333333334 0.5037037037037037 0.6739583333333333 0.4925925925925926 0.671875 0.4666666666666667 0.6760416666666667 0.4537037037037037 0.6786458333333333 0.45185185185185184 0.68125 0.45740740740740743
3 0.30364583333333334 0.4703703703703704 0.3109375 0.49444444444444446 0.3098958333333333 0.5305555555555556 0.31197916666666664 0.5611111111111111 0.3072916666666667 0.5648148148148148 0.3046875 0.5638888888888889 0.30625 0.549074074074074 0.3 0.5342592592592592 0.3020833333333333 0.487962962962963 0.2989583333333333 0.4759259259259259 0.303125 0.4703703703703704
3 0.18958333333333333 0.5157407407407407 0.1921875 0.5175925925925926 0.19479166666666667 0.5425925925925926 0.19270833333333334 0.5657407407407408 0.19322916666666667 0.5916666666666667 0.1921875 0.5962962962962963 0.1890625 0.5944444444444444 0.18333333333333332 0.600925925925926 0.18020833333333333 0.5990740740740741 0.18177083333333333 0.5935185185185186 0.18020833333333333 0.5768518518518518 0.18125 0.5546296296296296 0.17760416666666667 0.5277777777777778 0.18177083333333333 0.5157407407407407 0.1890625 0.5157407407407407
3 0.1796875 0.49074074074074076 0.18385416666666668 0.4898148148148148 0.19166666666666668 0.5018518518518519 0.19322916666666667 0.525 0.19270833333333334 0.5305555555555556 0.18958333333333333 0.5194444444444445 0.18385416666666668 0.5166666666666667 0.178125 0.5259259259259259 0.17708333333333334 0.5166666666666667 0.1796875 0.49166666666666664
3 0.4875 0.4305555555555556 0.49114583333333334 0.4351851851851852 0.4895833333333333 0.4740740740740741 0.4859375 0.47685185185185186 0.48333333333333334 0.4564814814814815 0.4869791666666667 0.43148148148148147
3 0.5333333333333333 0.575925925925926 0.5369791666666667 0.5814814814814815 0.534375 0.5981481481481481 0.540625 0.6092592592592593 0.5416666666666666 0.6296296296296297 0.5364583333333334 0.674074074074074 0.5364583333333334 0.7064814814814815 0.5328125 0.712037037037037 0.534375 0.7361111111111112 0.5317708333333333 0.7388888888888889 0.5229166666666667 0.7379629629629629 0.5203125 0.7342592592592593 0.5276041666666667 0.7212962962962963 0.5239583333333333 0.6925925925925925 0.525 0.6574074074074074 0.5208333333333334 0.65 0.5239583333333333 0.6388888888888888 0.5255208333333333 0.612037037037037 0.5291666666666667 0.6018518518518519 0.5255208333333333 0.5944444444444444 0.5260416666666666 0.5796296296296296 0.5286458333333334 0.575 0.5328125 0.575925925925926
2 0.23516666666666666 0.5926851851851852 0.05365104166666667 0.08387037037037037
1 0.13955208333333333 0.5676388888888888 0.004385416666666667 0.010759259259259258
2 0.675 0.42314814814814816 0.6786458333333333 0.42407407407407405 0.6796875 0.4324074074074074 0.6786458333333333 0.45185185185185184 0.6708333333333333 0.45 0.671875 0.43333333333333335 0.675 0.42407407407407405
3 0.31449479166666666 0.47132407407407406 0.016072916666666666 0.06235185185185185
0 0.09171875 0.528 0.016057291666666664 0.08317592592592593
0 0.7308020833333334 0.4464444444444445 0.012479166666666668 0.05672222222222222