3 0.4869791666666667 0.5638888888888889 0.48854166666666665 0.5657407407407408 0.4875 0.5703703703703704 0.4817708333333333 0.5712962962962963 0.478125 0.55 0.4734375 0.5472222222222223 0.4703125 0.5592592592592592 0.4713541666666667 0.5722222222222222 0.4666666666666667 0.5740740740740741 0.46927083333333336 0.5231481481481481 0.46770833333333334 0.5018518518518519 0.471875 0.49444444444444446 0.471875 0.48518518518518516 0.4734375 0.4824074074074074 0.47708333333333336 0.4824074074074074 0.47760416666666666 0.48518518518518516 0.4828125 0.5564814814814815 0.4864583333333333 0.5638888888888889
3 0.6614583333333334 0.4638888888888889 0.6677083333333333 0.45925925925925926 0.671875 0.4388888888888889 0.6786458333333333 0.43796296296296294 0.6796875 0.44166666666666665 0.6786458333333333 0.45 0.675 0.45555555555555555 0.6744791666666666 0.4648148148148148 0.6697916666666667 0.4740740740740741 0.6671875 0.47314814814814815 0.6671875 0.4685185185185185 0.6697916666666667 0.4666666666666667 0.6682291666666667 0.4638888888888889 0.6614583333333334 0.4703703703703704 0.6614583333333334 0.4648148148148148
3 0.5708333333333333 0.41203703703703703 0.5723958333333333 0.4148148148148148 0.5708333333333333 0.4388888888888889 0.5666666666666667 0.4361111111111111 0.5651041666666666 0.42592592592592593 0.5671875 0.41574074074074074 0.5703125 0.412962962962963
3 0.6932291666666667 0.47314814814814815 0.69375 0.46296296296296297 0.6916666666666667 0.45740740740740743 0.6916666666666667 0.44814814814814813 0.6942708333333333 0.4361111111111111 0.6994791666666667 0.4388888888888889 0.7005208333333334 0.45185185185185184 0.6989583333333333 0.47314814814814815 0.69375 0.47314814814814815
3 0.53046875 0.475 0.0140625 0.07592592592592592
3 0.36302083333333335 0.4462962962962963 0.36666666666666664 0.44537037037037036 0.36822916666666666 0.44814814814814813 0.3671875 0.49074074074074076 0.3651041666666667 0.5064814814814815 0.3651041666666667 0.5185185185185185 0.36822916666666666 0.525 0.36302083333333335 0.5268518518518519 0.35989583333333336 0.5222222222222223 0.3614583333333333 0.49907407407407406 0.359375 0.48148148148148145 0.359375 0.4685185185185185 0.36302083333333335 0.44722222222222224
3 0.5020833333333333 0.4074074074074074 0.5057291666666667 0.4166666666666667 0.50625 0.4324074074074074 0.5036458333333333 0.45 0.5010416666666667 0.4537037037037037 0.4979166666666667 0.4537037037037037 0.4973958333333333 0.45092592592592595 0.496875 0.42407407407407405 0.49947916666666664 0.4101851851851852 0.5015625 0.4074074074074074
3 0.5640625 0.4212962962962963 0.5682291666666667 0.4212962962962963 0.5661458333333333 0.46111111111111114 0.5651041666666666 0.46574074074074073 0.5583333333333333 0.4703703703703704 0.5614583333333333 0.45740740740740743 0.5604166666666667 0.43425925925925923 0.5640625 0.4222222222222222
3 0.578125 0.5222222222222223 0.5828125 0.5166666666666667 0.5833333333333334 0.5046296296296297 0.5885416666666666 0.5055555555555555 0.5864583333333333 0.5185185185185185 0.5916666666666667 0.5361111111111111 0.5901041666666667 0.5444444444444444 0.5921875 0.5703703703703704 0.5916666666666667 0.5990740740740741 0.5958333333333333 0.6083333333333333 0.5927083333333333 0.612037037037037 0.5880208333333333 0.6101851851851852 0.5880208333333333 0.5842592592592593 0.5822916666666667 0.5768518518518518 0.5755208333333334 0.587037037037037 0.5723958333333333 0.5981481481481481 0.5729166666666666 0.6083333333333333 0.5682291666666667 0.6083333333333333 0.5776041666666667 0.5574074074074075 0.5776041666666667 0.5462962962962963 0.575 0.5361111111111111 0.578125 0.5231481481481481
3 0.61484375 0.4287037037037037 0.008854166666666666 0.040740740740740744
2 0.2552083333333333 0.537962962962963 0.259375 0.5453703703703704 0.25885416666666666 0.5574074074074075 0.26145833333333335 0.5675925925925925 0.26197916666666665 0.5824074074074074 0.26510416666666664 0.5879629629629629 0.26875 0.6148148148148148 0.24895833333333334 0.6194444444444445 0.246875 0.6138888888888889 0.246875 0.6055555555555555 0.25 0.6 0.2484375 0.5916666666666667 0.25 0.5425925925925926 0.2546875 0.5388888888888889
2 0.678125 0.4222222222222222 0.68125 0.4351851851851852 0.6786458333333333 0.4444444444444444 0.6770833333333334 0.44074074074074077 0.671875 0.4388888888888889 0.675 0.4222222222222222 0.6776041666666667 0.4222222222222222
1 0.708890625 0.4761944444444444 0.012281249999999999 0.016453703703703703
0 0.24361979166666667 0.5106203703703704 0.017005208333333334 0.08808333333333333
0 0.7447604166666667 0.44408333333333333 0.012786458333333334 0.05987962962962963