0 0.14741145833333333 0.5341111111111111 0.033380208333333335 0.09559259259259259
2 0.24085416666666667 0.5817222222222223 0.04527604166666667 0.09075925925925926
1 0.31685416666666666 0.5265555555555556 0.003942708333333334 0.01014814814814815
3 0.26240104166666667 0.5017222222222222 0.04432291666666666 0.07287037037037038
3 0.31590104166666666 0.5045000000000001 0.030588541666666667 0.07262962962962963
3 0.372734375 0.4502962962962963 0.011286458333333334 0.03166666666666667
3 0.36984375 0.4915092592592593 0.026307291666666666 0.07589814814814815
3 0.39309375 0.5438333333333334 0.036098958333333334 0.11480555555555555
3 0.43010937499999996 0.4792407407407408 0.03752604166666666 0.08737962962962964
3 0.4900677083333333 0.49374074074074076 0.026921874999999998 0.09173148148148147
3 0.5256510416666667 0.44292592592592595 0.018557291666666666 0.06042592592592593
3 0.606953125 0.47130555555555553 0.023395833333333334 0.07301851851851852
2 0.6794739583333332 0.4348611111111111 0.016885416666666667 0.03905555555555556
3 0.71796875 0.4674814814814815 0.026046875 0.07301851851851852
0 0.7413541666666668 0.44487037037037036 0.017531249999999998 0.06079629629629629