2 0.2501302083333333 0.5820648148148148 0.026000000000000002 0.0863425925925926
0 0.34597916666666667 0.48886111111111114 0.016572916666666666 0.08075925925925925
3 0.494328125 0.4413148148148148 0.023494791666666667 0.049222222222222216
3 0.525546875 0.466712962962963 0.015333333333333334 0.054120370370370374
3 0.5559322916666667 0.4612222222222222 0.028239583333333332 0.04471296296296296
3 0.7193177083333333 0.4831851851851852 0.021067708333333334 0.07546296296296297
3 0.6908072916666667 0.4571388888888889 0.016947916666666667 0.061101851851851845
2 0.6757604166666666 0.44222222222222224 0.011244791666666667 0.027314814814814816
0 0.7683385416666667 0.44419444444444445 0.01140625 0.05209259259259259
3 0.6394114583333333 0.4381388888888889 0.017421875 0.04505555555555555
3 0.6385416666666667 0.44123148148148145 0.015046875 0.05012037037037037
3 0.6247604166666666 0.4374351851851852 0.015682291666666667 0.051527777777777777
3 0.6015572916666667 0.4351759259259259 0.0139375 0.05322222222222222
3 0.5886875 0.4534444444444445 0.014635416666666668 0.051027777777777776