1 0.3734375 0.9037037037037037 0.3770833333333333 0.9018518518518519 0.3807291666666667 0.9064814814814814 0.3770833333333333 0.9138888888888889 0.3723958333333333 0.9138888888888889 0.3734375 0.9046296296296297
3 0.3265625 0.5046296296296297 0.328125 0.5083333333333333 0.32708333333333334 0.5185185185185185 0.33229166666666665 0.5268518518518519 0.32916666666666666 0.5481481481481482 0.328125 0.5916666666666667 0.3328125 0.6157407407407407 0.33177083333333335 0.6175925925925926 0.32916666666666666 0.6101851851851852 0.3260416666666667 0.6101851851851852 0.32395833333333335 0.6157407407407407 0.32447916666666665 0.6222222222222222 0.32083333333333336 0.625 0.3151041666666667 0.5861111111111111 0.3151041666666667 0.5722222222222222 0.31145833333333334 0.562037037037037 0.3140625 0.5462962962962963 0.3140625 0.5296296296296297 0.32083333333333336 0.5185185185185185 0.32135416666666666 0.5055555555555555 0.3260416666666667 0.5046296296296297
3 0.528125 0.5212962962962963 0.5302083333333333 0.5259259259259259 0.5302083333333333 0.5333333333333333 0.5395833333333333 0.5462962962962963 0.5411458333333333 0.5564814814814815 0.5401041666666667 0.5833333333333334 0.5427083333333333 0.5907407407407408 0.546875 0.5916666666666667 0.5489583333333333 0.6055555555555555 0.5375 0.6074074074074074 0.5354166666666667 0.6 0.5291666666666667 0.5925925925925926 0.5260416666666666 0.600925925925926 0.528125 0.6305555555555555 0.5234375 0.6351851851851852 0.5203125 0.6333333333333333 0.5229166666666667 0.6268518518518519 0.5229166666666667 0.6203703703703703 0.5192708333333333 0.6074074074074074 0.51875 0.5981481481481481 0.525 0.575 0.5244791666666667 0.562037037037037 0.5223958333333333 0.5574074074074075 0.5151041666666667 0.5703703703703704 0.5125 0.5703703703703704 0.5125 0.5675925925925925 0.5182291666666666 0.5462962962962963 0.521875 0.5398148148148149 0.521875 0.5212962962962963 0.5276041666666667 0.5212962962962963
3 0.41458333333333336 0.6648148148148149 0.4197916666666667 0.6712962962962963 0.42135416666666664 0.6787037037037037 0.4203125 0.6851851851851852 0.428125 0.7 0.43072916666666666 0.7175925925925926 0.43697916666666664 0.7351851851851852 0.4359375 0.7805555555555556 0.4375 0.8101851851851852 0.4354166666666667 0.8148148148148148 0.4322916666666667 0.8111111111111111 0.428125 0.7935185185185185 0.425 0.7675925925925926 0.421875 0.7592592592592593 0.41875 0.7592592592592593 0.4125 0.7787037037037037 0.4114583333333333 0.7898148148148149 0.4078125 0.7944444444444444 0.4078125 0.7824074074074074 0.4041666666666667 0.7814814814814814 0.3984375 0.7925925925925926 0.38229166666666664 0.8379629629629629 0.37916666666666665 0.837037037037037 0.37447916666666664 0.8277777777777777 0.38333333333333336 0.8203703703703704 0.390625 0.7898148148148149 0.3963541666666667 0.7777777777777778 0.40520833333333334 0.7472222222222222 0.4010416666666667 0.7277777777777777 0.40260416666666665 0.7018518518518518 0.40729166666666666 0.6842592592592592 0.4078125 0.6666666666666666 0.4140625 0.6648148148148149
3 0.3734375 0.47314814814814815 0.3770833333333333 0.4777777777777778 0.37916666666666665 0.49907407407407406 0.3765625 0.5166666666666667 0.3697916666666667 0.5268518518518519 0.3703125 0.5462962962962963 0.36614583333333334 0.5462962962962963 0.36614583333333334 0.5305555555555556 0.3619791666666667 0.5305555555555556 0.35625 0.5425925925925926 0.3536458333333333 0.5425925925925926 0.3536458333333333 0.5388888888888889 0.3625 0.524074074074074 0.36875 0.5064814814814815 0.36614583333333334 0.4962962962962963 0.3614583333333333 0.4981481481481482 0.359375 0.49444444444444446 0.36875 0.48703703703703705 0.371875 0.48148148148148145 0.3729166666666667 0.4740740740740741
3 0.4109375 0.48055555555555557 0.4140625 0.48333333333333334 0.41458333333333336 0.49537037037037035 0.4192708333333333 0.5046296296296297 0.41822916666666665 0.524074074074074 0.4197916666666667 0.5435185185185185 0.4171875 0.5601851851851852 0.42604166666666665 0.5907407407407408 0.4166666666666667 0.5953703703703703 0.41822916666666665 0.5805555555555556 0.41041666666666665 0.5638888888888889 0.41041666666666665 0.5407407407407407 0.40572916666666664 0.5361111111111111 0.40677083333333336 0.5046296296296297 0.4083333333333333 0.49907407407407406 0.40729166666666666 0.48703703703703705 0.41041666666666665 0.48148148148148145
3 0.3390625 0.5185185185185185 0.33958333333333335 0.5314814814814814 0.3453125 0.5425925925925926 0.34739583333333335 0.5638888888888889 0.34739583333333335 0.5805555555555556 0.3421875 0.6 0.34791666666666665 0.6166666666666667 0.3453125 0.6287037037037037 0.3421875 0.6305555555555555 0.34010416666666665 0.6268518518518519 0.3416666666666667 0.6166666666666667 0.340625 0.6111111111111112 0.33697916666666666 0.6055555555555555 0.33541666666666664 0.5944444444444444 0.3302083333333333 0.5898148148148148 0.3333333333333333 0.5648148148148148 0.3333333333333333 0.5574074074074075 0.3296875 0.5472222222222223 0.3328125 0.5333333333333333 0.33229166666666665 0.5222222222222223 0.334375 0.5175925925925926 0.3385416666666667 0.5185185185185185
3 0.4661458333333333 0.5842592592592593 0.47708333333333336 0.6092592592592593 0.47708333333333336 0.6203703703703703 0.4713541666666667 0.6444444444444445 0.471875 0.65 0.4744791666666667 0.6527777777777778 0.48385416666666664 0.65 0.48802083333333335 0.6453703703703704 0.4947916666666667 0.6592592592592592 0.48385416666666664 0.6564814814814814 0.4708333333333333 0.6648148148148149 0.4630208333333333 0.6601851851851852 0.46041666666666664 0.6666666666666666 0.4578125 0.6953703703703704 0.4557291666666667 0.6990740740740741 0.45 0.700925925925926 0.446875 0.6990740740740741 0.4453125 0.6925925925925925 0.45 0.6907407407407408 0.45364583333333336 0.6851851851851852 0.45416666666666666 0.6527777777777778 0.45677083333333335 0.6351851851851852 0.45416666666666666 0.6305555555555555 0.44895833333333335 0.6342592592592593 0.44895833333333335 0.6296296296296297 0.453125 0.6055555555555555 0.4557291666666667 0.5694444444444444 0.4583333333333333 0.562962962962963 0.4625 0.5638888888888889 0.46458333333333335 0.5685185185185185 0.4640625 0.5814814814814815 0.465625 0.5842592592592593
3 0.509375 0.5166666666666667 0.5114583333333333 0.5212962962962963 0.5098958333333333 0.5361111111111111 0.5125 0.549074074074074 0.5125 0.6055555555555555 0.5078125 0.6092592592592593 0.5026041666666666 0.5962962962962963 0.5 0.5962962962962963 0.496875 0.6027777777777777 0.4947916666666667 0.6324074074074074 0.4921875 0.6296296296296297 0.49166666666666664 0.6055555555555555 0.496875 0.5703703703703704 0.4947916666666667 0.5657407407407408 0.4875 0.5703703703703704 0.496875 0.5574074074074075 0.49375 0.55 0.5015625 0.5361111111111111 0.5026041666666666 0.5194444444444445 0.5046875 0.5157407407407407 0.5088541666666667 0.5166666666666667
3 0.42291666666666666 0.45925925925925926 0.42864583333333334 0.475 0.42864583333333334 0.49444444444444446 0.43125 0.5120370370370371 0.43385416666666665 0.5166666666666667 0.44166666666666665 0.5212962962962963 0.4427083333333333 0.5287037037037037 0.4421875 0.5314814814814814 0.425 0.5138888888888888 0.421875 0.5435185185185185 0.4197916666666667 0.5398148148148149 0.4192708333333333 0.5185185185185185 0.42083333333333334 0.49907407407407406 0.4203125 0.46111111111111114 0.42239583333333336 0.45925925925925926
3 0.546875 0.4361111111111111 0.5505208333333333 0.44537037037037036 0.5463541666666667 0.4703703703703704 0.5505208333333333 0.4777777777777778 0.5505208333333333 0.48333333333333334 0.5473958333333333 0.49074074074074076 0.5447916666666667 0.49074074074074076 0.5453125 0.48333333333333334 0.5411458333333333 0.46944444444444444 0.5416666666666666 0.45555555555555555 0.5390625 0.4527777777777778 0.5395833333333333 0.44351851851851853 0.5432291666666667 0.43703703703703706 0.5463541666666667 0.4361111111111111
2 0.247421875 0.6130555555555556 0.044182291666666665 0.08758333333333333
2 0.6796875 0.44166666666666665 0.0125 0.024074074074074074
0 0.13663020833333334 0.5531851851851852 0.02459375 0.11392592592592593
0 0.7401302083333333 0.45304629629629634 0.014145833333333333 0.06066666666666666