3 0.5104166666666666 0.49074074074074076 0.5151041666666667 0.4898148148148148 0.5161458333333333 0.4925925925925926 0.5161458333333333 0.5064814814814815 0.51875 0.5231481481481481 0.51875 0.5435185185185185 0.5151041666666667 0.5694444444444444 0.5166666666666667 0.5814814814814815 0.5114583333333333 0.5814814814814815 0.5104166666666666 0.5787037037037037 0.5119791666666667 0.5592592592592592 0.5041666666666667 0.562037037037037 0.5015625 0.5685185185185185 0.4979166666666667 0.5703703703703704 0.4984375 0.5592592592592592 0.5067708333333333 0.5527777777777778 0.5041666666666667 0.5157407407407407 0.5057291666666667 0.5083333333333333 0.5104166666666666 0.5009259259259259 0.5104166666666666 0.49166666666666664
3 0.6473958333333333 0.42685185185185187 0.6510416666666666 0.425 0.6520833333333333 0.43333333333333335 0.6484375 0.4740740740740741 0.6463541666666667 0.4740740740740741 0.6453125 0.4648148148148148 0.6416666666666667 0.46296296296296297 0.6447916666666667 0.45740740740740743 0.6447916666666667 0.43703703703703706 0.6473958333333333 0.42777777777777776
3 0.6317708333333333 0.4527777777777778 0.634375 0.4425925925925926 0.6328125 0.42685185185185187 0.6369791666666667 0.41388888888888886 0.6390625 0.42314814814814816 0.6390625 0.4444444444444444 0.6369791666666667 0.4546296296296296 0.6322916666666667 0.4537037037037037
3 0.7307291666666667 0.43425925925925923 0.734375 0.4351851851851852 0.7380208333333333 0.4685185185185185 0.7364583333333333 0.4962962962962963 0.7307291666666667 0.49722222222222223 0.73125 0.4777777777777778 0.728125 0.45185185185185184 0.7307291666666667 0.4351851851851852
3 0.7723958333333333 0.47685185185185186 0.765625 0.4787037037037037 0.7645833333333333 0.4759259259259259 0.7645833333333333 0.46574074074074073 0.7619791666666667 0.45925925925925926 0.7619791666666667 0.45092592592592595 0.7645833333333333 0.4462962962962963 0.7697916666666667 0.44907407407407407 0.7697916666666667 0.4685185185185185 0.771875 0.47685185185185186
3 0.7927083333333333 0.43796296296296294 0.7916666666666666 0.4777777777777778 0.7895833333333333 0.4824074074074074 0.7869791666666667 0.4787037037037037 0.7828125 0.45555555555555555 0.784375 0.4462962962962963 0.7880208333333333 0.4388888888888889 0.7895833333333333 0.4361111111111111 0.7921875 0.43796296296296294
3 0.6088541666666667 0.44537037037037036 0.6088541666666667 0.45555555555555555 0.6125 0.46574074074074073 0.6098958333333333 0.47314814814814815 0.6098958333333333 0.4842592592592593 0.6104166666666667 0.49907407407407406 0.6145833333333334 0.5101851851851852 0.6130208333333333 0.5157407407407407 0.6067708333333334 0.5018518518518519 0.6041666666666666 0.5027777777777778 0.6020833333333333 0.5101851851851852 0.5989583333333334 0.512962962962963 0.5984375 0.5092592592592593 0.5989583333333334 0.5009259259259259 0.6046875 0.49444444444444446 0.6015625 0.47314814814814815 0.5989583333333334 0.4675925925925926 0.5989583333333334 0.4601851851851852 0.6041666666666666 0.4527777777777778 0.6052083333333333 0.4444444444444444 0.6083333333333333 0.44537037037037036
3 0.4979166666666667 0.4212962962962963 0.5026041666666666 0.43425925925925923 0.5005208333333333 0.44537037037037036 0.503125 0.45925925925925926 0.5015625 0.4740740740740741 0.5026041666666666 0.48055555555555557 0.4984375 0.48055555555555557 0.49947916666666664 0.4675925925925926 0.4979166666666667 0.4648148148148148 0.49322916666666666 0.4722222222222222 0.4921875 0.48055555555555557 0.49114583333333334 0.4824074074074074 0.4895833333333333 0.47962962962962963 0.49114583333333334 0.4685185185185185 0.4942708333333333 0.4638888888888889 0.49375 0.43333333333333335 0.4979166666666667 0.4222222222222222
3 0.6208333333333333 0.4111111111111111 0.621875 0.44537037037037036 0.6203125 0.4546296296296296 0.6161458333333333 0.4425925925925926 0.615625 0.43425925925925923 0.6171875 0.4148148148148148 0.6203125 0.4111111111111111
3 0.6510416666666666 0.487962962962963 0.6526041666666667 0.4787037037037037 0.6489583333333333 0.47314814814814815 0.65 0.45185185185185184 0.653125 0.4388888888888889 0.6572916666666667 0.4361111111111111 0.659375 0.4777777777777778 0.6541666666666667 0.4898148148148148 0.6515625 0.4888888888888889
2 0.23880208333333333 0.587037037037037 0.0265625 0.07962962962962963
2 0.6921875 0.42777777777777776 0.6947916666666667 0.4388888888888889 0.6927083333333334 0.4527777777777778 0.6817708333333333 0.4527777777777778 0.6755208333333333 0.44907407407407407 0.6921875 0.4287037037037037
0 0.2295104166666667 0.5117314814814814 0.01756770833333333 0.08248148148148148
0 0.7583802083333333 0.43997222222222226 0.008255208333333333 0.04926851851851852