2 0.24791666666666667 0.5425925925925926 0.25 0.5481481481481482 0.25 0.5564814814814815 0.2546875 0.5675925925925925 0.25416666666666665 0.5962962962962963 0.25677083333333334 0.6092592592592593 0.2453125 0.612037037037037 0.23697916666666666 0.6101851851851852 0.23645833333333333 0.5675925925925925 0.2421875 0.5537037037037037 0.24270833333333333 0.5444444444444444 0.24739583333333334 0.5425925925925926
0 0.180625 0.5399166666666667 0.026000000000000002 0.1055925925925926
1 0.35689583333333336 0.5117592592592592 0.0031666666666666666 0.008916666666666668
2 0.6770833333333334 0.43700925925925926 0.012177083333333333 0.037879629629629624
0 0.7467552083333333 0.4443796296296296 0.014166666666666666 0.05363888888888889
3 0.6337708333333333 0.42980555555555555 0.0164375 0.05304629629629629
3 0.3763510416666667 0.4478787037037037 0.37682708333333337 0.47811759259259257 0.35731979166666666 0.5005333333333334 0.362553125 0.5111064814814815 0.4068020833333333 0.5147009259259259 0.40323333333333333 0.49989814814814815 0.39395572916666666 0.49334351851851854 0.3934796875 0.4747342592592592
3 0.385453125 0.4534814814814815 0.012489583333333333 0.025583333333333333
3 0.44468749999999996 0.522 0.03628125 0.10425000000000001
3 0.47365104166666666 0.4973611111111111 0.030927083333333334 0.08288888888888889
3 0.47264062500000004 0.44840740740740737 0.02414583333333333 0.04588888888888889
3 0.5233125 0.44692592592592595 0.014630208333333334 0.06069444444444444
3 0.53503125 0.4731111111111111 0.03204166666666667 0.06951851851851852
3 0.5551302083333333 0.4558611111111111 0.019302083333333334 0.06262037037037037
3 0.5797083333333333 0.4583333333333333 0.025869791666666666 0.06687037037037037