3 0.4953125 0.41759259259259257 0.49895833333333334 0.41759259259259257 0.5020833333333333 0.4324074074074074 0.5010416666666667 0.44814814814814813 0.49322916666666666 0.44907407407407407 0.49322916666666666 0.42685185185185187 0.4953125 0.4185185185185185
3 0.6838541666666667 0.4425925925925926 0.6875 0.44814814814814813 0.690625 0.462037037037037 0.6854166666666667 0.4722222222222222 0.684375 0.49166666666666664 0.6802083333333333 0.49074074074074076 0.6807291666666667 0.4583333333333333 0.6770833333333334 0.43796296296296294 0.6786458333333333 0.4324074074074074 0.6796875 0.43796296296296294 0.6833333333333333 0.4425925925925926
3 0.4666666666666667 0.41759259259259257 0.46927083333333336 0.43148148148148147 0.4666666666666667 0.4675925925925926 0.45989583333333334 0.4675925925925926 0.45989583333333334 0.45925925925925926 0.46197916666666666 0.4537037037037037 0.46145833333333336 0.4287037037037037 0.4630208333333333 0.4203703703703704 0.4661458333333333 0.4185185185185185
3 0.6208333333333333 0.4083333333333333 0.6239583333333333 0.4148148148148148 0.6244791666666667 0.425 0.6229166666666667 0.44907407407407407 0.6203125 0.45 0.6166666666666667 0.44907407407407407 0.6166666666666667 0.4212962962962963 0.6203125 0.4083333333333333
3 0.4875 0.425 0.48854166666666665 0.4444444444444444 0.48385416666666664 0.4638888888888889 0.48072916666666665 0.4583333333333333 0.4796875 0.43425925925925923 0.48385416666666664 0.42407407407407405 0.4869791666666667 0.425
3 0.5640625 0.41388888888888886 0.5671875 0.41574074074074074 0.5692708333333333 0.4222222222222222 0.5677083333333334 0.4546296296296296 0.565625 0.45555555555555555 0.5640625 0.44907407407407407 0.5604166666666667 0.4537037037037037 0.5604166666666667 0.42777777777777776 0.5640625 0.4148148148148148
3 0.678125 0.4287037037037037 0.6786458333333333 0.4462962962962963 0.6723958333333333 0.4638888888888889 0.6692708333333334 0.46296296296296297 0.6677083333333333 0.42962962962962964 0.6708333333333333 0.4185185185185185 0.6776041666666667 0.4287037037037037
3 0.5953125 0.412962962962963 0.5989583333333334 0.42777777777777776 0.5979166666666667 0.44537037037037036 0.6005208333333333 0.45740740740740743 0.5927083333333333 0.4666666666666667 0.590625 0.4212962962962963 0.5916666666666667 0.41388888888888886 0.5947916666666667 0.412962962962963
3 0.6645833333333333 0.4203703703703704 0.671875 0.43796296296296294 0.6677083333333333 0.44351851851851853 0.6666666666666666 0.44907407407407407 0.6666666666666666 0.46111111111111114 0.6682291666666667 0.46296296296296297 0.6578125 0.4685185185185185 0.6567708333333333 0.4666666666666667 0.6598958333333333 0.4564814814814815 0.6604166666666667 0.43796296296296294 0.6640625 0.4212962962962963
3 0.6036458333333333 0.4111111111111111 0.60625 0.4212962962962963 0.6046875 0.4351851851851852 0.6057291666666667 0.4537037037037037 0.6020833333333333 0.45092592592592595 0.6 0.44351851851851853 0.5984375 0.425 0.6005208333333333 0.41203703703703703 0.603125 0.4111111111111111
2 0.2671875 0.5027777777777778 0.26927083333333335 0.5074074074074074 0.26927083333333335 0.5203703703703704 0.27239583333333334 0.5287037037037037 0.2765625 0.5638888888888889 0.271875 0.5935185185185186 0.27447916666666666 0.6055555555555555 0.27239583333333334 0.6101851851851852 0.265625 0.6092592592592593 0.2640625 0.6046296296296296 0.265625 0.5768518518518518 0.26197916666666665 0.5648148148148148 0.25833333333333336 0.5398148148148149 0.25833333333333336 0.5268518518518519 0.26145833333333335 0.5185185185185185 0.2609375 0.5046296296296297 0.26666666666666666 0.5027777777777778
1 0.5608385416666667 0.4853240740740741 0.004083333333333333 0.005935185185185186
0 0.34356770833333333 0.48056481481481483 0.0180625 0.08766666666666667
0 0.755703125 0.4403055555555555 0.008078125 0.055870370370370376