3 0.5216145833333333 0.46111111111111114 0.009895833333333333 0.05555555555555555
3 0.6239583333333333 0.4601851851851852 0.6291666666666667 0.46111111111111114 0.6296875 0.4675925925925926 0.6369791666666667 0.4842592592592593 0.6364583333333333 0.4888888888888889 0.6333333333333333 0.48703703703703705 0.6291666666666667 0.4925925925925926 0.6260416666666667 0.524074074074074 0.6229166666666667 0.5361111111111111 0.6203125 0.5351851851851852 0.6229166666666667 0.5064814814814815 0.6192708333333333 0.49074074074074076 0.61875 0.4740740740740741 0.6239583333333333 0.46111111111111114
3 0.31927083333333334 0.5009259259259259 0.321875 0.5046296296296297 0.321875 0.5138888888888888 0.3255208333333333 0.5203703703703704 0.3255208333333333 0.5407407407407407 0.32135416666666666 0.5462962962962963 0.3145833333333333 0.5768518518518518 0.31145833333333334 0.575925925925926 0.3145833333333333 0.5564814814814815 0.3104166666666667 0.5574074074074075 0.30104166666666665 0.5787037037037037 0.2989583333333333 0.5916666666666667 0.29739583333333336 0.5925925925925926 0.29583333333333334 0.5898148148148148 0.29635416666666664 0.5842592592592593 0.3046875 0.5601851851851852 0.31197916666666664 0.5185185185185185 0.315625 0.5111111111111111 0.31666666666666665 0.5018518518518519 0.31875 0.5009259259259259
3 0.42265625 0.4726851851851852 0.0171875 0.06388888888888888
3 0.49947916666666664 0.45 0.5046875 0.4638888888888889 0.5057291666666667 0.48148148148148145 0.5130208333333334 0.49537037037037035 0.5119791666666667 0.5 0.5010416666666667 0.48333333333333334 0.49947916666666664 0.487962962962963 0.49947916666666664 0.5027777777777778 0.49583333333333335 0.5009259259259259 0.496875 0.4962962962962963 0.4953125 0.48518518518518516 0.49583333333333335 0.4527777777777778 0.49895833333333334 0.45
3 0.45625 0.46574074074074073 0.4583333333333333 0.46944444444444444 0.4583333333333333 0.4777777777777778 0.4630208333333333 0.4842592592592593 0.465625 0.49444444444444446 0.45989583333333334 0.5 0.45625 0.5231481481481481 0.45677083333333335 0.5444444444444444 0.46041666666666664 0.5583333333333333 0.45625 0.5574074074074075 0.45416666666666666 0.5388888888888889 0.45208333333333334 0.5370370370370371 0.4479166666666667 0.5407407407407407 0.4390625 0.5611111111111111 0.4375 0.5592592592592592 0.4375 0.5518518518518518 0.4473958333333333 0.5351851851851852 0.45 0.525 0.4473958333333333 0.49074074074074076 0.45208333333333334 0.47685185185185186 0.4515625 0.4685185185185185 0.4557291666666667 0.4666666666666667
3 0.21302083333333333 0.5203703703703704 0.21614583333333334 0.525 0.21666666666666667 0.5509259259259259 0.21197916666666666 0.5648148148148148 0.21197916666666666 0.5814814814814815 0.19635416666666666 0.6083333333333333 0.19739583333333333 0.6157407407407407 0.19270833333333334 0.6157407407407407 0.18958333333333333 0.6092592592592593 0.20052083333333334 0.5851851851851851 0.19895833333333332 0.5722222222222222 0.19947916666666668 0.5481481481481482 0.2046875 0.5361111111111111 0.20885416666666667 0.5324074074074074 0.20885416666666667 0.5259259259259259 0.2125 0.5212962962962963
3 0.2578125 0.48148148148148145 0.26145833333333335 0.4962962962962963 0.25833333333333336 0.5185185185185185 0.2598958333333333 0.5324074074074074 0.25833333333333336 0.5425925925925926 0.2546875 0.5462962962962963 0.2552083333333333 0.5537037037037037 0.2484375 0.5583333333333333 0.24739583333333334 0.5527777777777778 0.24947916666666667 0.5388888888888889 0.24739583333333334 0.5231481481481481 0.24791666666666667 0.5009259259259259 0.253125 0.4824074074074074 0.2546875 0.47962962962962963 0.25729166666666664 0.48148148148148145
3 0.5729166666666666 0.45185185185185184 0.5760416666666667 0.462037037037037 0.58125 0.46944444444444444 0.58125 0.47685185185185186 0.5776041666666667 0.4842592592592593 0.5776041666666667 0.5111111111111111 0.5744791666666667 0.5148148148148148 0.5744791666666667 0.5009259259259259 0.5708333333333333 0.49537037037037035 0.5604166666666667 0.5203703703703704 0.5588541666666667 0.5157407407407407 0.565625 0.4981481481481482 0.5677083333333334 0.4842592592592593 0.5671875 0.46944444444444444 0.5697916666666667 0.46111111111111114 0.5697916666666667 0.4537037037037037 0.5723958333333333 0.45185185185185184
3 0.24166666666666667 0.5527777777777778 0.24479166666666666 0.5703703703703704 0.24270833333333333 0.587037037037037 0.24635416666666668 0.5953703703703703 0.24479166666666666 0.6037037037037037 0.24635416666666668 0.6166666666666667 0.24375 0.6398148148148148 0.2484375 0.6537037037037037 0.24635416666666668 0.6703703703703704 0.24166666666666667 0.6814814814814815 0.24166666666666667 0.6861111111111111 0.24739583333333334 0.6925925925925925 0.24166666666666667 0.7027777777777777 0.23385416666666667 0.6925925925925925 0.2359375 0.6824074074074075 0.234375 0.6611111111111111 0.22864583333333333 0.6324074074074074 0.23125 0.6083333333333333 0.23125 0.5944444444444444 0.22864583333333333 0.5814814814814815 0.23697916666666666 0.5537037037037037 0.24114583333333334 0.5527777777777778
2 0.2366875 0.5873703703703704 0.04811458333333333 0.07192592592592593
1 0.25796875 0.5500185185185185 0.0060104166666666665 0.011333333333333334
2 0.6817708333333333 0.42962962962962964 0.6854166666666667 0.43703703703703706 0.684375 0.4527777777777778 0.6734375 0.44907407407407407 0.678125 0.43148148148148147 0.68125 0.42962962962962964
0 0.106671875 0.5461759259259259 0.033604166666666664 0.10454629629629629
0 0.7088229166666667 0.4675740740740741 0.014729166666666666 0.06896296296296296