2 0.2652291666666667 0.5526111111111112 0.03448958333333333 0.11310185185185186
0 0.28140104166666663 0.5128425925925926 0.022328124999999997 0.08986111111111111
3 0.4885885416666667 0.44142592592592594 0.015239583333333334 0.05222222222222222
3 0.5068333333333334 0.4608611111111111 0.019848958333333333 0.07237037037037036
3 0.5364270833333333 0.43498148148148147 0.01528125 0.05386111111111111
3 0.5848281249999999 0.42269444444444443 0.01633333333333333 0.029333333333333333
3 0.5932291666666667 0.4162592592592593 0.011843749999999998 0.04002777777777777
3 0.6140729166666666 0.4184722222222222 0.012078125 0.044453703703703704
3 0.5994062499999999 0.4569166666666667 0.012078125 0.06266666666666668
3 0.629328125 0.4381388888888889 0.025338541666666665 0.05337962962962963
3 0.7517291666666667 0.444 0.014838541666666667 0.06016666666666667
3 0.7027395833333333 0.4462407407407407 0.024645833333333332 0.06556481481481481
2 0.6776197916666666 0.43674999999999997 0.013453125 0.04011111111111111
0 0.7595052083333333 0.4300185185185185 0.0119375 0.04156481481481482