2 0.23525520833333333 0.5625740740740741 0.026494791666666666 0.11098148148148149
0 0.30741666666666667 0.48906481481481484 0.015458333333333333 0.07743518518518518
0 0.7573958333333334 0.4389722222222222 0.011348958333333332 0.049055555555555554
2 0.6751354166666667 0.43599074074074073 0.011864583333333335 0.037592592592592594
3 0.6842864583333333 0.4467685185185185 0.012635416666666668 0.04997222222222222
3 0.6279427083333334 0.4325555555555556 0.01598958333333333 0.042638888888888886
3 0.638125 0.43828703703703703 0.013666666666666666 0.04309259259259259
3 0.6444479166666667 0.45158333333333334 0.011864583333333335 0.05960185185185186
3 0.5770156249999999 0.41705555555555557 0.0063437499999999996 0.027046296296296297
3 0.5735781249999999 0.4271111111111111 0.010473958333333333 0.039824074074074074
3 0.6227343750000001 0.45116666666666666 0.024848958333333334 0.058305555555555555
3 0.5253958333333333 0.43974074074074077 0.009791666666666667 0.044259259259259255
3 0.5144166666666666 0.4386574074074074 0.00921875 0.04756481481481481
3 0.4419791666666667 0.4818148148148148 0.019057291666666667 0.08107407407407408