2 0.24549479166666668 0.5929537037037037 0.028078125 0.07642592592592592
3 0.7747708333333333 0.45349999999999996 0.017531249999999998 0.052972222222222226
3 0.7612656250000001 0.4630462962962963 0.020213541666666668 0.04343518518518518
3 0.7595364583333333 0.4746203703703704 0.018109375 0.052287037037037035
2 0.6849010416666667 0.44124074074074077 0.019260416666666665 0.027083333333333334
0 0.6542395833333334 0.4211574074074074 0.012223958333333333 0.04371296296296296
3 0.6152760416666666 0.426962962962963 0.009583333333333333 0.04198148148148149
3 0.6231927083333333 0.4648703703703704 0.02041666666666667 0.06000925925925926
3 0.6024270833333334 0.44930555555555557 0.011114583333333334 0.05012962962962963
3 0.5688124999999999 0.42967592592592596 0.01278125 0.04198148148148149
3 0.4772604166666667 0.4419444444444445 0.018010416666666664 0.04828703703703704
3 0.5363072916666667 0.4660925925925926 0.03572395833333333 0.07558333333333334
3 0.5901875000000001 0.4975833333333333 0.03602083333333333 0.08292592592592593
0 0.5560885416666667 0.597574074074074 0.03277083333333333 0.14853703703703702