3 0.578125 0.44814814814814813 0.5802083333333333 0.44351851851851853 0.5802083333333333 0.42314814814814816 0.5822916666666667 0.4166666666666667 0.5848958333333333 0.4148148148148148 0.5880208333333333 0.4222222222222222 0.5848958333333333 0.44907407407407407 0.5859375 0.45740740740740743 0.5833333333333334 0.4583333333333333 0.58125 0.4546296296296296 0.578125 0.4583333333333333 0.578125 0.44907407407407407
3 0.42864583333333334 0.47685185185185186 0.4265625 0.43703703703703706 0.4296875 0.4212962962962963 0.43333333333333335 0.4212962962962963 0.43645833333333334 0.4324074074074074 0.43645833333333334 0.44166666666666665 0.43333333333333335 0.46574074074074073 0.42916666666666664 0.4759259259259259
3 0.7130208333333333 0.4583333333333333 0.7072916666666667 0.5166666666666667 0.7088541666666667 0.5259259259259259 0.7067708333333333 0.5287037037037037 0.7036458333333333 0.5259259259259259 0.703125 0.5175925925925926 0.7015625 0.5222222222222223 0.696875 0.5185185185185185 0.7036458333333333 0.5083333333333333 0.7010416666666667 0.4925925925925926 0.703125 0.47685185185185186 0.709375 0.45925925925925926 0.7125 0.4583333333333333
3 0.596875 0.48333333333333334 0.5979166666666667 0.4740740740740741 0.5942708333333333 0.47129629629629627 0.5911458333333334 0.4759259259259259 0.5901041666666667 0.47129629629629627 0.5979166666666667 0.4648148148148148 0.5979166666666667 0.44351851851851853 0.6020833333333333 0.42962962962962964 0.6041666666666666 0.4324074074074074 0.6046875 0.44537037037037036 0.6005208333333333 0.48333333333333334 0.5973958333333333 0.48333333333333334
3 0.6770833333333334 0.4222222222222222 0.6807291666666667 0.43148148148148147 0.6791666666666667 0.4425925925925926 0.6802083333333333 0.4666666666666667 0.6786458333333333 0.4685185185185185 0.6755208333333333 0.4527777777777778 0.6677083333333333 0.4648148148148148 0.6708333333333333 0.45 0.6708333333333333 0.43333333333333335 0.6734375 0.42314814814814816 0.6765625 0.4222222222222222
3 0.42135416666666664 0.43425925925925923 0.42291666666666666 0.43796296296296294 0.42239583333333336 0.44722222222222224 0.41822916666666665 0.4666666666666667 0.4114583333333333 0.4787037037037037 0.40729166666666666 0.48055555555555557 0.4109375 0.4703703703703704 0.41354166666666664 0.44537037037037036 0.42083333333333334 0.4351851851851852
3 0.6322916666666667 0.44907407407407407 0.6348958333333333 0.44166666666666665 0.6354166666666666 0.4212962962962963 0.6369791666666667 0.4166666666666667 0.6401041666666667 0.41574074074074074 0.6442708333333333 0.42685185185185187 0.6442708333333333 0.4361111111111111 0.640625 0.4361111111111111 0.6385416666666667 0.44074074074074077 0.6380208333333334 0.45925925925925926 0.6364583333333333 0.462037037037037 0.6317708333333333 0.46296296296296297 0.6328125 0.45
3 0.64375 0.4287037037037037 0.6458333333333334 0.4388888888888889 0.6442708333333333 0.45185185185185184 0.6453125 0.47685185185185186 0.6421875 0.47685185185185186 0.6411458333333333 0.46296296296296297 0.6364583333333333 0.45925925925925926 0.6359375 0.45092592592592595 0.6369791666666667 0.44074074074074077 0.64375 0.42962962962962964
3 0.48072916666666665 0.4166666666666667 0.48333333333333334 0.41944444444444445 0.4859375 0.4324074074074074 0.48385416666666664 0.4601851851851852 0.4817708333333333 0.45740740740740743 0.47552083333333334 0.45925925925925926 0.47760416666666666 0.45 0.47760416666666666 0.4287037037037037 0.48072916666666665 0.41759259259259257
3 0.6614583333333334 0.4203703703703704 0.6645833333333333 0.4212962962962963 0.6651041666666667 0.42962962962962964 0.6625 0.45 0.6557291666666667 0.4601851851851852 0.6536458333333334 0.45925925925925926 0.6567708333333333 0.44814814814814813 0.6572916666666667 0.43425925925925923 0.6614583333333334 0.4212962962962963
2 0.2515625 0.5083333333333333 0.26197916666666665 0.5740740740740741 0.2625 0.587037037037037 0.25833333333333336 0.6 0.25833333333333336 0.6064814814814815 0.26145833333333335 0.6129629629629629 0.2552083333333333 0.6212962962962963 0.2484375 0.6129629629629629 0.25052083333333336 0.5981481481481481 0.25 0.5824074074074074 0.2421875 0.5416666666666666 0.24583333333333332 0.5222222222222223 0.2453125 0.5120370370370371 0.25104166666666666 0.5083333333333333
1 0.7259218749999999 0.521537037037037 0.0057083333333333335 0.006342592592592592
2 0.6831822916666667 0.44127777777777777 0.0123125 0.02600925925925926
0 0.33088541666666665 0.4869907407407408 0.024333333333333332 0.08223148148148149
0 0.7621041666666667 0.4389537037037037 0.012197916666666668 0.05087962962962963