2 0.6764427083333333 0.4338796296296296 0.010265625 0.02399074074074074
3 0.6752708333333334 0.45969444444444446 0.009682291666666667 0.047453703703703706
3 0.6632447916666667 0.4608703703703704 0.017307291666666665 0.049805555555555554
0 0.7388489583333333 0.4469166666666667 0.011588541666666667 0.05527777777777778
3 0.6116145833333333 0.4299722222222222 0.021708333333333333 0.04798148148148148
3 0.5511145833333334 0.4517407407407407 0.014520833333333334 0.05553703703703704
3 0.5252760416666666 0.4792777777777778 0.028916666666666667 0.09497222222222222
3 0.5704375 0.5683703703703704 0.05149479166666667 0.11749074074074074
3 0.38210416666666663 0.4859074074074074 0.030786458333333332 0.0827037037037037
3 0.4672864583333334 0.5445925925925925 0.047890625 0.11493518518518518
2 0.26203645833333333 0.575 0.030786458333333332 0.0930462962962963
0 0.2370625 0.5181388888888889 0.014369791666666666 0.08878703703703704