0 0.13915625 0.5453333333333333 0.022494791666666666 0.10112962962962962
2 0.24986458333333333 0.6058981481481481 0.03695833333333333 0.07484259259259259
3 0.252921875 0.5539074074074074 0.022494791666666666 0.10912037037037037
3 0.2770208333333333 0.5564722222222223 0.03984895833333334 0.12569444444444444
3 0.34434895833333334 0.4890555555555555 0.03053125 0.0777037037037037
3 0.3970677083333333 0.48865740740740743 0.02023958333333333 0.08144444444444444
3 0.42953645833333337 0.5119814814814815 0.031802083333333335 0.08460185185185186
3 0.4170833333333333 0.5469722222222222 0.042921875 0.12295370370370369
3 0.5379531249999999 0.5009259259259259 0.03872916666666667 0.08387962962962964
3 0.518140625 0.5982685185185185 0.06231770833333334 0.1361111111111111
3 0.5671093749999999 0.6224074074074074 0.04184375 0.14798148148148146
0 0.7372395833333333 0.44693518518518516 0.009255208333333332 0.053009259259259256
3 0.734796875 0.4686388888888889 0.01825 0.06443518518518519
2 0.6857395833333333 0.44213888888888886 0.019265625 0.025685185185185182