2 0.23649479166666668 0.5889722222222222 0.03591145833333333 0.10486111111111111
0 0.341296875 0.49486111111111114 0.021677083333333333 0.08336111111111111
0 0.7744479166666667 0.42739814814814814 0.010098958333333333 0.026296296296296293
3 0.7775572916666668 0.45433333333333337 0.013614583333333334 0.058351851851851856
3 0.7512708333333333 0.4520092592592593 0.02002083333333333 0.05338888888888889
3 0.7087968750000001 0.4296481481481481 0.00865625 0.042324074074074076
3 0.7184479166666667 0.4293240740740741 0.009921875 0.03590740740740741
3 0.7237656250000001 0.46379629629629626 0.03534895833333333 0.05098148148148148
2 0.6930625 0.44375 0.004958333333333333 0.01987962962962963
3 0.6858020833333334 0.43894444444444447 0.008114583333333333 0.05514814814814815
3 0.6743958333333333 0.43477777777777776 0.018307291666666666 0.04488888888888889
3 0.6130260416666666 0.4401481481481482 0.019479166666666665 0.05659259259259259
3 0.5875052083333333 0.44431481481481483 0.030119791666666666 0.06108333333333333
3 0.6340833333333333 0.47252777777777777 0.02858854166666667 0.07871296296296297