3 0.5640625 0.4666666666666667 0.5677083333333334 0.4648148148148148 0.5703125 0.4675925925925926 0.5708333333333333 0.475 0.5765625 0.49074074074074076 0.5744791666666667 0.5148148148148148 0.5708333333333333 0.5314814814814814 0.5708333333333333 0.5583333333333333 0.5614583333333333 0.5574074074074075 0.5630208333333333 0.5462962962962963 0.5604166666666667 0.5231481481481481 0.5651041666666666 0.5074074074074074 0.5640625 0.5037037037037037 0.5625 0.5064814814814815 0.5588541666666667 0.5046296296296297 0.5640625 0.4925925925925926 0.5640625 0.4675925925925926
3 0.509375 0.4361111111111111 0.5119791666666667 0.43703703703703706 0.515625 0.4546296296296296 0.5140625 0.4722222222222222 0.5161458333333333 0.487962962962963 0.5151041666666667 0.4962962962962963 0.5145833333333333 0.4842592592592593 0.5104166666666666 0.4861111111111111 0.5104166666666666 0.49537037037037035 0.5125 0.5 0.5114583333333333 0.5046296296296297 0.5078125 0.5046296296296297 0.5067708333333333 0.5018518518518519 0.5036458333333333 0.46111111111111114 0.5088541666666667 0.4361111111111111
3 0.43385416666666665 0.4564814814814815 0.4354166666666667 0.45185185185185184 0.43854166666666666 0.4527777777777778 0.4453125 0.4722222222222222 0.44114583333333335 0.5 0.44427083333333334 0.5277777777777778 0.4421875 0.5314814814814814 0.4390625 0.5203703703703704 0.4354166666666667 0.5259259259259259 0.4354166666666667 0.49537037037037035 0.4322916666666667 0.4759259259259259 0.434375 0.45740740740740743
3 0.5375 0.4666666666666667 0.5401041666666667 0.46574074074074073 0.5427083333333333 0.4703703703703704 0.5421875 0.48055555555555557 0.5442708333333334 0.49537037037037035 0.5395833333333333 0.5203703703703704 0.5364583333333334 0.5277777777777778 0.5369791666666667 0.5481481481481482 0.534375 0.5481481481481482 0.5291666666666667 0.5268518518518519 0.5291666666666667 0.5185185185185185 0.5333333333333333 0.5055555555555555 0.5333333333333333 0.4842592592592593 0.5364583333333334 0.4787037037037037 0.5375 0.4675925925925926
3 0.2 0.5694444444444444 0.2 0.5879629629629629 0.20677083333333332 0.5953703703703703 0.20833333333333334 0.6027777777777777 0.20833333333333334 0.6175925925925926 0.20625 0.6231481481481481 0.20625 0.6537037037037037 0.209375 0.6833333333333333 0.20625 0.6851851851851852 0.2046875 0.6824074074074075 0.2015625 0.6564814814814814 0.19947916666666668 0.6518518518518519 0.19635416666666666 0.6527777777777778 0.190625 0.6703703703703704 0.18802083333333333 0.7037037037037037 0.18385416666666668 0.700925925925926 0.18854166666666666 0.6425925925925926 0.18854166666666666 0.6361111111111111 0.18385416666666668 0.6268518518518519 0.18385416666666668 0.6018518518518519 0.18541666666666667 0.5953703703703703 0.19375 0.5842592592592593 0.19322916666666667 0.5712962962962963 0.1953125 0.5685185185185185 0.19947916666666668 0.5694444444444444
3 0.18020833333333333 0.5324074074074074 0.18177083333333333 0.5370370370370371 0.178125 0.5462962962962963 0.175 0.5638888888888889 0.17864583333333334 0.5824074074074074 0.17135416666666667 0.5787037037037037 0.16145833333333334 0.5972222222222222 0.15885416666666666 0.5935185185185186 0.15833333333333333 0.575925925925926 0.16302083333333334 0.5518518518518518 0.16770833333333332 0.5435185185185185 0.17135416666666667 0.5416666666666666 0.17552083333333332 0.5314814814814814 0.1796875 0.5324074074074074
3 0.33541666666666664 0.5675925925925925 0.3484375 0.5805555555555556 0.35572916666666665 0.600925925925926 0.35572916666666665 0.6064814814814815 0.35260416666666666 0.6055555555555555 0.35 0.5925925925925926 0.3458333333333333 0.5861111111111111 0.34322916666666664 0.587037037037037 0.3421875 0.5916666666666667 0.34479166666666666 0.6129629629629629 0.34010416666666665 0.6259259259259259 0.34010416666666665 0.6398148148148148 0.35208333333333336 0.6675925925925926 0.35208333333333336 0.6731481481481482 0.346875 0.6805555555555556 0.3416666666666667 0.6787037037037037 0.34427083333333336 0.6712962962962963 0.34427083333333336 0.6648148148148149 0.33541666666666664 0.6472222222222223 0.33125 0.6287037037037037 0.3229166666666667 0.6546296296296297 0.32083333333333336 0.6583333333333333 0.3171875 0.6546296296296297 0.3234375 0.6351851851851852 0.32395833333333335 0.6277777777777778 0.321875 0.6185185185185185 0.32760416666666664 0.6 0.32760416666666664 0.5712962962962963 0.3255208333333333 0.5648148148148148 0.3255208333333333 0.5527777777777778 0.32760416666666664 0.55 0.33177083333333335 0.5509259259259259 0.3338541666666667 0.5555555555555556 0.33489583333333334 0.5675925925925925
3 0.40260416666666665 0.47129629629629627 0.4041666666666667 0.4824074074074074 0.4078125 0.48703703703703705 0.40989583333333335 0.5101851851851852 0.4078125 0.5444444444444444 0.4109375 0.5712962962962963 0.4046875 0.575 0.4005208333333333 0.5740740740740741 0.4036458333333333 0.5685185185185185 0.4036458333333333 0.5638888888888889 0.39739583333333334 0.5472222222222223 0.39947916666666666 0.5037037037037037 0.396875 0.4740740740740741 0.40208333333333335 0.47129629629629627
3 0.17083333333333334 0.5879629629629629 0.1828125 0.6018518518518519 0.1828125 0.6324074074074074 0.17760416666666667 0.6370370370370371 0.17552083333333332 0.6435185185185185 0.18229166666666666 0.6574074074074074 0.18229166666666666 0.6638888888888889 0.17760416666666667 0.674074074074074 0.1765625 0.6574074074074074 0.17135416666666667 0.65 0.16875 0.6509259259259259 0.16614583333333333 0.6657407407407407 0.16666666666666666 0.6787037037037037 0.16510416666666666 0.6814814814814815 0.15729166666666666 0.6805555555555556 0.15625 0.6768518518518518 0.16197916666666667 0.6675925925925926 0.16354166666666667 0.6351851851851852 0.1671875 0.6222222222222222 0.16458333333333333 0.6166666666666667 0.1625 0.6222222222222222 0.16302083333333334 0.6305555555555555 0.16145833333333334 0.6314814814814815 0.1578125 0.6287037037037037 0.1578125 0.6231481481481481 0.16041666666666668 0.6185185185185185 0.16354166666666667 0.5953703703703703 0.16770833333333332 0.5879629629629629 0.1703125 0.5879629629629629
3 0.53125 0.4444444444444444 0.5348958333333333 0.45925925925925926 0.5338541666666666 0.4925925925925926 0.5260416666666666 0.5120370370370371 0.5239583333333333 0.46111111111111114 0.5265625 0.4462962962962963 0.5291666666666667 0.4425925925925926 0.5307291666666667 0.4444444444444444
2 0.6817708333333333 0.42962962962962964 0.6848958333333334 0.4351851851851852 0.6848958333333334 0.45092592592592595 0.6802083333333333 0.4527777777777778 0.6739583333333333 0.44907407407407407 0.678125 0.43148148148148147 0.68125 0.4305555555555556
2 0.25364583333333335 0.5796296296296296 0.25625 0.5990740740740741 0.26197916666666665 0.6203703703703703 0.2677083333333333 0.6296296296296297 0.26197916666666665 0.6296296296296297 0.25625 0.6138888888888889 0.25104166666666666 0.6083333333333333 0.24947916666666667 0.6111111111111112 0.25 0.6259259259259259 0.2453125 0.6333333333333333 0.24427083333333333 0.6398148148148148 0.240625 0.6398148148148148 0.2375 0.6287037037037037 0.23177083333333334 0.625 0.22864583333333333 0.6055555555555555 0.23072916666666668 0.5953703703703703 0.23489583333333333 0.5879629629629629 0.24479166666666666 0.5851851851851851 0.25052083333333336 0.5777777777777777 0.253125 0.5796296296296296
1 0.153640625 0.6631481481481482 0.015239583333333334 0.031240740740740743
0 0.11538020833333333 0.5502685185185184 0.03258333333333333 0.10261111111111111
0 0.6904739583333334 0.4731759259259259 0.016619791666666668 0.08173148148148147