3 0.6161458333333333 0.40185185185185185 0.6192708333333333 0.40370370370370373 0.6213541666666667 0.42962962962962964 0.6208333333333333 0.4388888888888889 0.6145833333333334 0.4324074074074074 0.6161458333333333 0.4027777777777778
3 0.46875 0.48055555555555557 0.47239583333333335 0.47962962962962963 0.4744791666666667 0.48518518518518516 0.4739583333333333 0.4981481481481482 0.4765625 0.5148148148148148 0.47708333333333336 0.537962962962963 0.47708333333333336 0.5444444444444444 0.47291666666666665 0.5564814814814815 0.4765625 0.5712962962962963 0.46979166666666666 0.5712962962962963 0.46458333333333335 0.5601851851851852 0.46822916666666664 0.5509259259259259 0.4666666666666667 0.5398148148148149 0.4666666666666667 0.5009259259259259 0.46875 0.48148148148148145
3 0.7276041666666667 0.42962962962962964 0.7291666666666666 0.4324074074074074 0.7286458333333333 0.45740740740740743 0.7322916666666667 0.48055555555555557 0.73125 0.4842592592592593 0.7286458333333333 0.48333333333333334 0.7265625 0.4722222222222222 0.7239583333333334 0.4685185185185185 0.7213541666666666 0.4703703703703704 0.7203125 0.4824074074074074 0.7177083333333333 0.4824074074074074 0.7213541666666666 0.46296296296296297 0.7223958333333333 0.4425925925925926 0.725 0.43148148148148147 0.7270833333333333 0.42962962962962964
3 0.5182291666666666 0.4527777777777778 0.5145833333333333 0.42592592592592593 0.5177083333333333 0.4111111111111111 0.5234375 0.4212962962962963 0.5234375 0.44166666666666665 0.5255208333333333 0.44814814814814813 0.51875 0.4527777777777778
3 0.6052083333333333 0.4101851851851852 0.6067708333333334 0.4203703703703704 0.60625 0.4388888888888889 0.6088541666666667 0.4564814814814815 0.6020833333333333 0.44537037037037036 0.5994791666666667 0.45555555555555555 0.5979166666666667 0.45555555555555555 0.6 0.4388888888888889 0.5994791666666667 0.425 0.6020833333333333 0.4111111111111111 0.6046875 0.4111111111111111
3 0.4119791666666667 0.4361111111111111 0.4140625 0.4388888888888889 0.4125 0.4537037037037037 0.41458333333333336 0.49074074074074076 0.4192708333333333 0.5046296296296297 0.41875 0.5092592592592593 0.41458333333333336 0.5074074074074074 0.4114583333333333 0.4888888888888889 0.40677083333333336 0.49722222222222223 0.40729166666666666 0.5055555555555555 0.4036458333333333 0.5055555555555555 0.40572916666666664 0.487962962962963 0.40520833333333334 0.4546296296296296 0.4088541666666667 0.4388888888888889 0.4114583333333333 0.4361111111111111
3 0.5776041666666667 0.48055555555555557 0.571875 0.4462962962962963 0.5739583333333333 0.43425925925925923 0.5770833333333333 0.4324074074074074 0.58125 0.44537037037037036 0.5817708333333333 0.46111111111111114 0.5848958333333333 0.4740740740740741 0.5848958333333333 0.4824074074074074 0.58125 0.47314814814814815 0.578125 0.48055555555555557
3 0.678125 0.4740740740740741 0.6786458333333333 0.487962962962963 0.6833333333333333 0.4981481481481482 0.6833333333333333 0.5101851851851852 0.6791666666666667 0.5175925925925926 0.6802083333333333 0.5537037037037037 0.6776041666666667 0.5555555555555556 0.675 0.5370370370370371 0.6651041666666667 0.5583333333333333 0.6645833333333333 0.5675925925925925 0.6614583333333334 0.5666666666666667 0.6614583333333334 0.5564814814814815 0.6708333333333333 0.5351851851851852 0.66875 0.5120370370370371 0.6645833333333333 0.5037037037037037 0.6645833333333333 0.49907407407407406 0.6734375 0.48518518518518516 0.6739583333333333 0.4759259259259259 0.6776041666666667 0.4740740740740741
3 0.5645833333333333 0.43333333333333335 0.5640625 0.475 0.5604166666666667 0.4842592592592593 0.5604166666666667 0.49444444444444446 0.5557291666666667 0.49074074074074076 0.5546875 0.48518518518518516 0.5588541666666667 0.4759259259259259 0.5572916666666666 0.4546296296296296 0.559375 0.4388888888888889 0.5640625 0.43333333333333335
3 0.7723958333333333 0.42407407407407405 0.7755208333333333 0.42407407407407405 0.7817708333333333 0.4388888888888889 0.7791666666666667 0.45925925925925926 0.7729166666666667 0.4537037037037037 0.7739583333333333 0.4324074074074074 0.7723958333333333 0.425
2 0.678125 0.4222222222222222 0.6807291666666667 0.43425925925925923 0.6786458333333333 0.45092592592592595 0.6708333333333333 0.44907407407407407 0.671875 0.43148148148148147 0.6755208333333333 0.4212962962962963 0.6776041666666667 0.4222222222222222
1 0.7692447916666667 0.4570740740740741 0.006885416666666667 0.014083333333333335
2 0.25416666666666665 0.5481481481481482 0.25729166666666664 0.5777777777777777 0.265625 0.6 0.2677083333333333 0.6148148148148148 0.26458333333333334 0.6185185185185185 0.25 0.6212962962962963 0.24635416666666668 0.6185185185185185 0.24479166666666666 0.6111111111111112 0.24427083333333333 0.5722222222222222 0.246875 0.562037037037037 0.24583333333333332 0.5509259259259259 0.25 0.5462962962962963 0.25364583333333335 0.5481481481481482
0 0.2820885416666667 0.5088611111111112 0.016578125 0.0955462962962963
0 0.8113333333333334 0.4439722222222222 0.013135416666666667 0.05360185185185185