1 0.38158854166666667 0.6545 0.004515625 0.01163888888888889
3 0.40552083333333333 0.6213796296296297 0.034770833333333334 0.13969444444444445
3 0.3109166666666667 0.5043703703703704 0.0320625 0.0879074074074074
2 0.280546875 0.5814351851851852 0.038609374999999994 0.11520370370370371
0 0.20004166666666665 0.5227962962962963 0.022953125 0.091
3 0.4386875 0.45638888888888884 0.0195625 0.06102777777777778
3 0.475625 0.47487962962962965 0.025343749999999998 0.06912037037037037
3 0.5160208333333334 0.45299074074074075 0.021458333333333336 0.060675925925925925
3 0.5540468749999999 0.5189074074074074 0.03506770833333333 0.09914814814814815
3 0.6069010416666667 0.43787037037037035 0.010854166666666666 0.03443518518518518
3 0.6026406249999999 0.47883333333333333 0.01603125 0.08312037037037037
3 0.6661354166666666 0.45176851851851857 0.020359375000000002 0.05681481481481481
3 0.7201041666666667 0.4898518518518518 0.02461979166666667 0.07996296296296296
0 0.7678072916666667 0.45555555555555555 0.014911458333333332 0.05681481481481481
2 0.6828229166666666 0.4418796296296296 0.014437499999999999 0.02862037037037037