3 0.6447916666666667 0.4527777777777778 0.6494791666666667 0.47685185185185186 0.6453125 0.5083333333333333 0.6552083333333333 0.5185185185185185 0.6541666666666667 0.524074074074074 0.6515625 0.524074074074074 0.6479166666666667 0.5148148148148148 0.6447916666666667 0.5157407407407407 0.6458333333333334 0.5287037037037037 0.6442708333333333 0.5296296296296297 0.640625 0.5287037037037037 0.6390625 0.5101851851851852 0.6416666666666667 0.45555555555555555 0.6442708333333333 0.4527777777777778
3 0.3234375 0.5120370370370371 0.32760416666666664 0.49444444444444446 0.32864583333333336 0.46574074074074073 0.334375 0.45 0.3375 0.4722222222222222 0.33489583333333334 0.48333333333333334 0.33489583333333334 0.4925925925925926 0.32395833333333335 0.5120370370370371
3 0.33697916666666666 0.4666666666666667 0.3416666666666667 0.4666666666666667 0.3453125 0.48148148148148145 0.3453125 0.549074074074074 0.34739583333333335 0.5527777777777778 0.3416666666666667 0.5537037037037037 0.3416666666666667 0.5268518518518519 0.33697916666666666 0.5324074074074074 0.33177083333333335 0.5509259259259259 0.32864583333333336 0.55 0.3359375 0.5222222222222223 0.3333333333333333 0.48518518518518516 0.33645833333333336 0.47685185185185186 0.33697916666666666 0.4675925925925926
3 0.4703125 0.4935185185185185 0.4671875 0.4685185185185185 0.4671875 0.462037037037037 0.46979166666666666 0.45555555555555555 0.47552083333333334 0.45925925925925926 0.47760416666666666 0.48148148148148145 0.475 0.4935185185185185 0.4708333333333333 0.4935185185185185
3 0.6921875 0.47314814814814815 0.6921875 0.4824074074074074 0.6895833333333333 0.48055555555555557 0.6890625 0.475 0.6885416666666667 0.48055555555555557 0.684375 0.48055555555555557 0.6833333333333333 0.4425925925925926 0.6848958333333334 0.43425925925925923 0.6875 0.4324074074074074 0.6911458333333333 0.4388888888888889 0.6890625 0.4601851851851852 0.6916666666666667 0.47314814814814815
3 0.5755208333333334 0.4361111111111111 0.5822916666666667 0.4527777777777778 0.58125 0.48148148148148145 0.5859375 0.49074074074074076 0.5848958333333333 0.49907407407407406 0.5786458333333333 0.48148148148148145 0.5760416666666667 0.48518518518518516 0.5765625 0.49722222222222223 0.5739583333333333 0.4981481481481482 0.5723958333333333 0.4666666666666667 0.5697916666666667 0.4527777777777778 0.575 0.4361111111111111
3 0.4630208333333333 0.5314814814814814 0.4635416666666667 0.5175925925925926 0.4713541666666667 0.49722222222222223 0.4734375 0.48333333333333334 0.47760416666666666 0.4842592592592593 0.4791666666666667 0.49722222222222223 0.48489583333333336 0.5101851851851852 0.48541666666666666 0.5231481481481481 0.4817708333333333 0.5407407407407407 0.48489583333333336 0.5787037037037037 0.48072916666666665 0.5777777777777777 0.4765625 0.5518518518518518 0.4739583333333333 0.5472222222222223 0.46927083333333336 0.5546296296296296 0.4666666666666667 0.5685185185185185 0.4625 0.575 0.4640625 0.5583333333333333 0.4666666666666667 0.55 0.4671875 0.5333333333333333 0.4666666666666667 0.5222222222222223 0.4661458333333333 0.5296296296296297 0.4635416666666667 0.5314814814814814
3 0.5463541666666667 0.43425925925925923 0.5536458333333333 0.44351851851851853 0.5557291666666667 0.4546296296296296 0.5552083333333333 0.47129629629629627 0.5630208333333333 0.49074074074074076 0.5604166666666667 0.4962962962962963 0.559375 0.4898148148148148 0.55 0.475 0.546875 0.49537037037037035 0.5442708333333334 0.49537037037037035 0.5453125 0.4638888888888889 0.5421875 0.44537037037037036 0.5463541666666667 0.4351851851851852
3 0.5744791666666667 0.5175925925925926 0.578125 0.5203703703703704 0.5786458333333333 0.5296296296296297 0.5828125 0.5388888888888889 0.5854166666666667 0.5638888888888889 0.58125 0.5638888888888889 0.5791666666666667 0.5685185185185185 0.5791666666666667 0.5888888888888889 0.5755208333333334 0.612037037037037 0.5765625 0.6222222222222222 0.5729166666666666 0.6268518518518519 0.5739583333333333 0.6361111111111111 0.5708333333333333 0.6370370370370371 0.5661458333333333 0.6277777777777778 0.5713541666666667 0.6018518518518519 0.5713541666666667 0.5888888888888889 0.5671875 0.575925925925926 0.5661458333333333 0.562037037037037 0.5604166666666667 0.5546296296296296 0.5604166666666667 0.549074074074074 0.5635416666666667 0.5425925925925926 0.571875 0.5324074074074074 0.571875 0.5231481481481481 0.5739583333333333 0.5185185185185185
2 0.2520833333333333 0.5444444444444444 0.2546875 0.5462962962962963 0.2578125 0.5694444444444444 0.259375 0.5722222222222222 0.26666666666666666 0.5703703703703704 0.265625 0.5768518518518518 0.25677083333333334 0.5925925925925926 0.26510416666666664 0.6111111111111112 0.26510416666666664 0.6194444444444445 0.2526041666666667 0.6240740740740741 0.24375 0.6240740740740741 0.23958333333333334 0.6157407407407407 0.24010416666666667 0.6083333333333333 0.24322916666666666 0.6037037037037037 0.24427083333333333 0.5712962962962963 0.24739583333333334 0.5611111111111111 0.24635416666666668 0.5518518518518518 0.24791666666666667 0.5462962962962963 0.2515625 0.5444444444444444
3 0.5578229166666666 0.46237962962962964 0.01891666666666667 0.05932407407407407
2 0.67328125 0.4385833333333333 0.017130208333333334 0.03585185185185185
0 0.31614583333333335 0.7106481481481481 0.05520833333333333 0.2175925925925926
0 0.6300520833333334 0.42244444444444446 0.012281249999999999 0.04463888888888889