0 0.7426614583333334 0.43184259259259256 0.00928125 0.043287037037037034
3 0.7361510416666667 0.4353796296296296 0.008557291666666666 0.0447962962962963
3 0.6720208333333333 0.4198425925925926 0.0066302083333333334 0.02786111111111111
3 0.6642447916666666 0.42734259259259255 0.008682291666666668 0.04200925925925926
2 0.67171875 0.44149074074074074 0.014223958333333333 0.024435185185185185
3 0.6343697916666666 0.4279537037037037 0.012692708333333334 0.04722222222222222
3 0.5987604166666666 0.4197592592592592 0.006348958333333333 0.033166666666666664
3 0.5905572916666666 0.42106481481481484 0.014161458333333333 0.03160185185185185
3 0.593734375 0.459 0.016213541666666668 0.06441666666666666
3 0.5486197916666666 0.44285185185185183 0.013119791666666667 0.04889814814814815
3 0.5434427083333334 0.4377407407407407 0.016802083333333332 0.046037037037037036
0 0.3288229166666667 0.48435185185185187 0.018015625 0.07512037037037037
2 0.274671875 0.5541296296296296 0.024911458333333334 0.11110185185185184