1 0.6586614583333333 0.449 0.002432291666666667 0.004185185185185185
3 0.648859375 0.42662037037037037 0.014979166666666667 0.03974074074074074
2 0.6761927083333333 0.4377037037037037 0.010197916666666666 0.029
0 0.7889375 0.44327777777777777 0.008812500000000001 0.048
3 0.7922343749999999 0.45089814814814816 0.010848958333333332 0.048768518518518524
3 0.70215625 0.44389814814814815 0.017005208333333334 0.04902777777777778
3 0.6095729166666667 0.43662962962962965 0.015260416666666667 0.0479537037037037
3 0.6029166666666667 0.45949999999999996 0.030697916666666665 0.07098148148148148
3 0.5716822916666667 0.44862037037037034 0.01756770833333333 0.0580462962962963
3 0.47656770833333334 0.436962962962963 0.010588541666666666 0.05109259259259259
3 0.386078125 0.4823333333333333 0.021135416666666667 0.07691666666666666
3 0.4095260416666667 0.5301851851851852 0.046234375 0.1021574074074074
3 0.448828125 0.5266574074074074 0.035666666666666666 0.0951111111111111
0 0.25628125 0.5119814814814815 0.015854166666666666 0.08807407407407408
2 0.25314583333333335 0.5844907407407407 0.030713541666666667 0.07221296296296296