3 0.5260416666666666 0.42592592592592593 0.5296875 0.43333333333333335 0.5296875 0.4601851851851852 0.5276041666666667 0.47314814814814815 0.5302083333333333 0.48055555555555557 0.5286458333333334 0.48333333333333334 0.5260416666666666 0.475 0.5223958333333333 0.4861111111111111 0.5203125 0.4842592592592593 0.5234375 0.4648148148148148 0.5208333333333334 0.4324074074074074 0.5255208333333333 0.42592592592592593
3 0.5109375 0.4666666666666667 0.5140625 0.5055555555555555 0.5114583333333333 0.5287037037037037 0.5119791666666667 0.5388888888888889 0.5145833333333333 0.5453703703703704 0.5130208333333334 0.5481481481481482 0.5098958333333333 0.5472222222222223 0.5052083333333334 0.5388888888888889 0.5015625 0.5481481481481482 0.5005208333333333 0.5435185185185185 0.5005208333333333 0.5361111111111111 0.5067708333333333 0.5268518518518519 0.5015625 0.5074074074074074 0.503125 0.4842592592592593 0.5067708333333333 0.47685185185185186 0.5067708333333333 0.4685185185185185 0.5104166666666666 0.4666666666666667
3 0.6192708333333333 0.4074074074074074 0.6223958333333334 0.4305555555555556 0.6182291666666667 0.43425925925925923 0.6125 0.43148148148148147 0.6145833333333334 0.4148148148148148 0.6161458333333333 0.40925925925925927 0.61875 0.4083333333333333
3 0.5333333333333333 0.4185185185185185 0.5369791666666667 0.4287037037037037 0.5322916666666667 0.4638888888888889 0.5286458333333334 0.46296296296296297 0.5302083333333333 0.44814814814814813 0.5286458333333334 0.42777777777777776 0.5328125 0.4185185185185185
3 0.5848958333333333 0.40555555555555556 0.5890625 0.4148148148148148 0.5901041666666667 0.44907407407407407 0.5885416666666666 0.45092592592592595 0.5848958333333333 0.4398148148148148 0.58125 0.45 0.5796875 0.44907407407407407 0.584375 0.4064814814814815
3 0.4630208333333333 0.41388888888888886 0.465625 0.4222222222222222 0.465625 0.4462962962962963 0.45989583333333334 0.462037037037037 0.45677083333333335 0.45925925925925926 0.4588541666666667 0.45185185185185184 0.4588541666666667 0.42777777777777776 0.4625 0.4148148148148148
3 0.6473958333333333 0.4083333333333333 0.6505208333333333 0.4111111111111111 0.653125 0.4212962962962963 0.6510416666666666 0.45555555555555555 0.6453125 0.44907407407407407 0.6453125 0.4222222222222222 0.6473958333333333 0.40925925925925927
3 0.6294270833333333 0.4152777777777778 0.005729166666666666 0.030555555555555555
3 0.65625 0.42407407407407405 0.6588541666666666 0.42777777777777776 0.6614583333333334 0.4601851851851852 0.6583333333333333 0.4527777777777778 0.6541666666666667 0.45185185185185184 0.6520833333333333 0.45925925925925926 0.6494791666666667 0.45555555555555555 0.653125 0.42407407407407405 0.6557291666666667 0.42407407407407405
3 0.6619791666666667 0.41388888888888886 0.6666666666666666 0.4305555555555556 0.6666666666666666 0.4398148148148148 0.6619791666666667 0.45092592592592595 0.6614583333333334 0.45925925925925926 0.6572916666666667 0.4351851851851852 0.6614583333333334 0.41388888888888886
2 0.24673958333333335 0.5844351851851852 0.03881770833333333 0.10555555555555556
2 0.6729166666666667 0.425 0.6760416666666667 0.4351851851851852 0.6760416666666667 0.4462962962962963 0.6734375 0.45092592592592595 0.6671875 0.44907407407407407 0.66875 0.42777777777777776 0.6723958333333333 0.425
0 0.595609375 0.5336666666666667 0.024005208333333337 0.1131111111111111
0 0.634671875 0.41776851851851854 0.00690625 0.044259259259259255