1 0.5247291666666667 0.6259166666666667 0.003463541666666667 0.010555555555555556
0 0.44753125 0.6794722222222223 0.038625 0.1941388888888889
2 0.24295833333333333 0.5951203703703704 0.030994791666666667 0.08647222222222223
3 0.2696614583333333 0.5306944444444445 0.04530208333333333 0.08816666666666667
3 0.5398020833333333 0.5836759259259259 0.03910416666666667 0.1263148148148148
3 0.4770989583333333 0.4921203703703704 0.04911458333333333 0.08562037037037037
2 0.6852239583333334 0.42933333333333334 0.018598958333333335 0.04737037037037037
0 0.6095833333333334 0.42489814814814814 0.007770833333333334 0.045398148148148146
3 0.6012552083333333 0.44019444444444444 0.019984375 0.04737037037037037
3 0.6309583333333334 0.438462962962963 0.023875 0.04687962962962963
3 0.5533697916666667 0.4510462962962963 0.020265625 0.04935185185185185
3 0.5278333333333334 0.4458703703703704 0.034145833333333334 0.05774074074074074
3 0.6424791666666666 0.5231018518518519 0.045244791666666666 0.07402777777777778
3 0.70465625 0.4799166666666666 0.029703125 0.06958333333333334
3 0.7487916666666667 0.5073055555555556 0.021927083333333333 0.0690925925925926