3 0.6901041666666666 0.44166666666666665 0.6932291666666667 0.4444444444444444 0.6947916666666667 0.45740740740740743 0.6880208333333333 0.4777777777777778 0.6880208333333333 0.4888888888888889 0.6859375 0.4935185185185185 0.6822916666666666 0.4935185185185185 0.6833333333333333 0.47314814814814815 0.6869791666666667 0.44722222222222224 0.6895833333333333 0.44166666666666665
3 0.6921875 0.42916666666666664 0.007291666666666667 0.032407407407407406
3 0.45729166666666665 0.43333333333333335 0.4588541666666667 0.4361111111111111 0.4578125 0.4648148148148148 0.44947916666666665 0.48148148148148145 0.446875 0.47962962962962963 0.446875 0.4759259259259259 0.45 0.4638888888888889 0.4505208333333333 0.44814814814814813 0.45677083333333335 0.43333333333333335
3 0.38333333333333336 0.45555555555555555 0.3880208333333333 0.4564814814814815 0.3885416666666667 0.46574074074074073 0.39114583333333336 0.4703703703703704 0.3921875 0.5018518518518519 0.39479166666666665 0.5083333333333333 0.39114583333333336 0.5194444444444445 0.390625 0.5361111111111111 0.3880208333333333 0.5296296296296297 0.3890625 0.5111111111111111 0.3875 0.5083333333333333 0.3848958333333333 0.5111111111111111 0.38385416666666666 0.5296296296296297 0.3802083333333333 0.5324074074074074 0.38177083333333334 0.49907407407407406 0.37916666666666665 0.4703703703703704 0.38229166666666664 0.4666666666666667 0.38333333333333336 0.4564814814814815
3 0.5432291666666667 0.49074074074074076 0.5421875 0.4462962962962963 0.5458333333333333 0.4388888888888889 0.55 0.4398148148148148 0.5520833333333334 0.44537037037037036 0.5510416666666667 0.4777777777777778 0.553125 0.49074074074074076 0.5484375 0.4861111111111111 0.546875 0.4759259259259259 0.54375 0.49074074074074076
3 0.6994791666666667 0.4564814814814815 0.703125 0.47129629629629627 0.7036458333333333 0.4842592592592593 0.7026041666666667 0.49074074074074076 0.696875 0.5 0.696875 0.524074074074074 0.6932291666666667 0.5222222222222223 0.6927083333333334 0.512962962962963 0.6911458333333333 0.5212962962962963 0.6890625 0.5222222222222223 0.6875 0.5185185185185185 0.6890625 0.4981481481481482 0.6958333333333333 0.48333333333333334 0.6963541666666667 0.4685185185185185 0.6947916666666667 0.45925925925925926 0.6958333333333333 0.45555555555555555 0.6989583333333333 0.4564814814814815
3 0.6265625 0.4212962962962963 0.6296875 0.4203703703703704 0.6338541666666667 0.4287037037037037 0.634375 0.4546296296296296 0.6401041666666667 0.46574074074074073 0.6338541666666667 0.46944444444444444 0.6302083333333334 0.46574074074074073 0.6260416666666667 0.4351851851851852 0.6265625 0.4222222222222222
3 0.4979166666666667 0.4740740740740741 0.4973958333333333 0.4648148148148148 0.4947916666666667 0.45925925925925926 0.4875 0.4740740740740741 0.4859375 0.47314814814814815 0.4901041666666667 0.45740740740740743 0.49114583333333334 0.4351851851851852 0.49635416666666665 0.42685185185185187 0.4984375 0.42777777777777776 0.5 0.43425925925925923 0.5 0.47314814814814815 0.4984375 0.4740740740740741
3 0.6786458333333333 0.41574074074074074 0.6817708333333333 0.4166666666666667 0.6828125 0.4212962962962963 0.6822916666666666 0.45185185185185184 0.6796875 0.4564814814814815 0.6770833333333334 0.4564814814814815 0.6734375 0.45092592592592595 0.6739583333333333 0.42592592592592593 0.6786458333333333 0.4166666666666667
1 0.5902499999999999 0.47220370370370374 0.005958333333333333 0.00862962962962963
2 0.2296875 0.512962962962963 0.234375 0.5111111111111111 0.2359375 0.5148148148148148 0.2375 0.5370370370370371 0.24739583333333334 0.587037037037037 0.2421875 0.6092592592592593 0.2421875 0.6212962962962963 0.2375 0.6194444444444445 0.234375 0.6129629629629629 0.23229166666666667 0.5990740740740741 0.2328125 0.5842592592592593 0.2296875 0.5703703703703704 0.23072916666666668 0.5601851851851852 0.22239583333333332 0.5398148148148149 0.2234375 0.5342592592592592 0.22916666666666666 0.525 0.2296875 0.5138888888888888
0 0.25257291666666665 0.5005092592592593 0.01756770833333333 0.08248148148148148
0 0.76278125 0.44440740740740736 0.017020833333333332 0.05458333333333334