3 0.4010416666666667 0.4861111111111111 0.40208333333333335 0.49074074074074076 0.39947916666666666 0.5231481481481481 0.4036458333333333 0.55 0.4005208333333333 0.5666666666666667 0.4015625 0.5814814814814815 0.3963541666666667 0.5814814814814815 0.3953125 0.5787037037037037 0.39895833333333336 0.5546296296296296 0.3958333333333333 0.5481481481481482 0.3927083333333333 0.5481481481481482 0.3880208333333333 0.5583333333333333 0.3880208333333333 0.5777777777777777 0.38333333333333336 0.5787037037037037 0.39010416666666664 0.5064814814814815 0.3953125 0.49537037037037035 0.3958333333333333 0.48703703703703705 0.4005208333333333 0.4861111111111111
3 0.6786458333333333 0.4222222222222222 0.6838541666666667 0.4361111111111111 0.6838541666666667 0.4444444444444444 0.6760416666666667 0.47685185185185186 0.6739583333333333 0.47685185185185186 0.6734375 0.4398148148148148 0.675 0.425 0.678125 0.4222222222222222
3 0.5255208333333333 0.42592592592592593 0.5296875 0.42314814814814816 0.5333333333333333 0.43333333333333335 0.5307291666666667 0.44907407407407407 0.5307291666666667 0.48055555555555557 0.5291666666666667 0.4824074074074074 0.5239583333333333 0.45185185185185184 0.5234375 0.43425925925925923 0.5255208333333333 0.42685185185185187
3 0.778125 0.41944444444444445 0.7796875 0.42407407407407405 0.7796875 0.4398148148148148 0.7770833333333333 0.46111111111111114 0.7744791666666667 0.4564814814814815 0.7734375 0.43148148148148147 0.7755208333333333 0.4203703703703704 0.7776041666666667 0.41944444444444445
3 0.5604166666666667 0.425 0.5640625 0.4361111111111111 0.5619791666666667 0.48055555555555557 0.5604166666666667 0.4824074074074074 0.559375 0.4648148148148148 0.5567708333333333 0.46111111111111114 0.5541666666666667 0.4675925925925926 0.553125 0.48055555555555557 0.55 0.48148148148148145 0.5541666666666667 0.4305555555555556 0.5598958333333334 0.42592592592592593
3 0.4317708333333333 0.4787037037037037 0.43333333333333335 0.49166666666666664 0.4390625 0.5 0.4427083333333333 0.5148148148148148 0.4427083333333333 0.525 0.4390625 0.5185185185185185 0.43802083333333336 0.5212962962962963 0.43802083333333336 0.5694444444444444 0.4348958333333333 0.5685185185185185 0.4348958333333333 0.5555555555555556 0.4322916666666667 0.5416666666666666 0.42864583333333334 0.5472222222222223 0.4265625 0.5675925925925925 0.425 0.5685185185185185 0.4239583333333333 0.5648148148148148 0.425 0.5324074074074074 0.421875 0.5212962962962963 0.42291666666666666 0.5037037037037037 0.4276041666666667 0.49166666666666664 0.4276041666666667 0.48055555555555557 0.43125 0.4787037037037037
3 0.6192708333333333 0.4398148148148148 0.61875 0.42685185185185187 0.6229166666666667 0.4111111111111111 0.6260416666666667 0.4064814814814815 0.628125 0.40925925925925927 0.6296875 0.4388888888888889 0.6265625 0.44074074074074077 0.6229166666666667 0.42962962962962964 0.6197916666666666 0.4388888888888889
3 0.5963541666666666 0.41944444444444445 0.5994791666666667 0.425 0.5989583333333334 0.44907407407407407 0.5911458333333334 0.44537037037037036 0.5911458333333334 0.42777777777777776 0.5958333333333333 0.41944444444444445
3 0.38333333333333336 0.4740740740740741 0.014583333333333334 0.07407407407407407
2 0.252453125 0.5873888888888888 0.039885416666666666 0.08737037037037038
1 0.6329999999999999 0.44080555555555556 0.004 0.005027777777777778
0 0.25558854166666667 0.5082222222222222 0.020635416666666666 0.09581481481481482
0 0.8062760416666667 0.44112962962962965 0.013817708333333335 0.05026851851851852
2 0.67409375 0.43871296296296297 0.006114583333333334 0.030342592592592595