2 0.247015625 0.5883055555555555 0.03305729166666667 0.09376851851851851
0 0.3683125 0.4718981481481481 0.01914583333333333 0.07546296296296297
0 0.7684479166666667 0.44274074074074077 0.013291666666666667 0.058222222222222224
2 0.67503125 0.4399074074074074 0.008932291666666667 0.02609259259259259
3 0.701296875 0.4645740740740741 0.017229166666666667 0.07315740740740741
3 0.6674791666666666 0.43300925925925926 0.010421875 0.046314814814814816
3 0.6530729166666667 0.433287037037037 0.009036458333333334 0.04612962962962963
3 0.643234375 0.4252592592592592 0.012546875 0.0595462962962963
3 0.6083333333333333 0.4360833333333334 0.010281249999999999 0.04862037037037037
3 0.5954114583333333 0.43842592592592594 0.01688020833333333 0.06001851851851851
3 0.5722135416666667 0.46114814814814814 0.025557291666666666 0.06924074074074074
3 0.5145989583333334 0.4251759259259259 0.010041666666666667 0.01898148148148148
3 0.5153958333333333 0.44549074074074074 0.014895833333333334 0.04212962962962963
3 0.536859375 0.4415185185185185 0.02694791666666667 0.04574074074074074