3 0.6130208333333333 0.4351851851851852 0.6151041666666667 0.4101851851851852 0.61875 0.4027777777777778 0.6208333333333333 0.40925925925925927 0.6197916666666666 0.4287037037037037 0.6177083333333333 0.4361111111111111 0.6135416666666667 0.4351851851851852
3 0.7046875 0.46296296296296297 0.7083333333333334 0.46296296296296297 0.7083333333333334 0.47314814814814815 0.7119791666666667 0.4842592592592593 0.7067708333333333 0.5148148148148148 0.7109375 0.5342592592592592 0.7083333333333334 0.5361111111111111 0.70625 0.5268518518518519 0.6989583333333333 0.5333333333333333 0.7015625 0.5203703703703704 0.7 0.48333333333333334 0.7046875 0.47314814814814815 0.7046875 0.4638888888888889
3 0.35208333333333336 0.4546296296296296 0.3546875 0.46296296296296297 0.353125 0.49537037037037035 0.35572916666666665 0.4981481481481482 0.35989583333333336 0.49722222222222223 0.36041666666666666 0.5018518518518519 0.35052083333333334 0.5018518518518519 0.3463541666666667 0.5185185185185185 0.34375 0.5157407407407407 0.3453125 0.5120370370370371 0.3463541666666667 0.49074074074074076 0.34427083333333336 0.45925925925925926 0.3515625 0.4546296296296296
3 0.5432291666666667 0.4546296296296296 0.5427083333333333 0.4185185185185185 0.546875 0.40925925925925927 0.5515625 0.4222222222222222 0.5505208333333333 0.4546296296296296 0.5458333333333333 0.4527777777777778 0.5432291666666667 0.45555555555555555
3 0.5145833333333333 0.4759259259259259 0.5140625 0.48703703703703705 0.51875 0.5111111111111111 0.5166666666666667 0.5509259259259259 0.5208333333333334 0.5601851851851852 0.5109375 0.562037037037037 0.5067708333333333 0.5611111111111111 0.5104166666666666 0.5314814814814814 0.5052083333333334 0.5175925925925926 0.5041666666666667 0.4981481481481482 0.509375 0.4861111111111111 0.5098958333333333 0.47685185185185186 0.5140625 0.4759259259259259
3 0.453125 0.4111111111111111 0.45625 0.41388888888888886 0.459375 0.42407407407407405 0.4640625 0.462037037037037 0.4635416666666667 0.4666666666666667 0.45989583333333334 0.4601851851851852 0.45625 0.4675925925925926 0.453125 0.4666666666666667 0.453125 0.46296296296296297 0.45729166666666665 0.4564814814814815 0.45729166666666665 0.4527777777777778 0.45208333333333334 0.44722222222222224 0.4515625 0.42592592592592593 0.453125 0.41203703703703703
3 0.6348958333333333 0.41388888888888886 0.6369791666666667 0.41574074074074074 0.6395833333333333 0.42777777777777776 0.6348958333333333 0.4601851851851852 0.63125 0.45925925925925926 0.6302083333333334 0.42962962962962964 0.6307291666666667 0.4212962962962963 0.634375 0.41388888888888886
3 0.5947916666666667 0.4222222222222222 0.6 0.4324074074074074 0.6005208333333333 0.47962962962962963 0.6020833333333333 0.48518518518518516 0.5973958333333333 0.48333333333333334 0.5953125 0.4722222222222222 0.5932291666666667 0.48333333333333334 0.5916666666666667 0.48333333333333334 0.5927083333333333 0.4537037037037037 0.5901041666666667 0.4305555555555556 0.590625 0.42407407407407405 0.5942708333333333 0.4222222222222222
3 0.5885416666666666 0.425 0.5880208333333333 0.4166666666666667 0.5911458333333334 0.40555555555555556 0.5947916666666667 0.41388888888888886 0.5947916666666667 0.42407407407407405 0.5890625 0.425
2 0.2296875 0.512962962962963 0.23177083333333334 0.5166666666666667 0.23125 0.5287037037037037 0.240625 0.5462962962962963 0.23958333333333334 0.562962962962963 0.24427083333333333 0.5796296296296296 0.24791666666666667 0.6037037037037037 0.2552083333333333 0.6157407407407407 0.2484375 0.6222222222222222 0.24375 0.6138888888888889 0.2375 0.5944444444444444 0.23802083333333332 0.6194444444444445 0.23333333333333334 0.6194444444444445 0.23020833333333332 0.5768518518518518 0.22760416666666666 0.5703703703703704 0.22760416666666666 0.5675925925925925 0.23177083333333334 0.5638888888888889 0.22447916666666667 0.5537037037037037 0.2234375 0.5472222222222223 0.22395833333333334 0.5203703703703704 0.2265625 0.512962962962963 0.22916666666666666 0.512962962962963
2 0.6752604166666667 0.4375 0.009895833333333333 0.028703703703703703
0 0.19678645833333333 0.5059259259259259 0.023276041666666667 0.08552777777777779
0 0.7635989583333332 0.43742592592592594 0.012994791666666667 0.054407407407407404