2 0.3014322916666667 0.5445648148148148 0.02734375 0.11921296296296297
0 0.47761458333333334 0.4539722222222222 0.014453125 0.05963888888888889
0 0.7235885416666666 0.4230740740740741 0.007859375 0.03250925925925926
3 0.7276041666666667 0.43583333333333335 0.011109375 0.05256481481481482
1 0.6165208333333333 0.44463888888888886 0.002223958333333333 0.006379629629629629
3 0.6241249999999999 0.4280833333333333 0.013671875 0.040712962962962965
2 0.6745416666666666 0.4403888888888889 0.009229166666666667 0.030685185185185187
3 0.667703125 0.4326388888888889 0.009229166666666667 0.03585185185185185
3 0.6549739583333333 0.42853703703703705 0.008374999999999999 0.03493518518518518
3 0.6390781249999999 0.4276296296296296 0.010427083333333333 0.037981481481481484
3 0.6467708333333333 0.4375 0.011109375 0.04253703703703703
3 0.6636875 0.4431203703703704 0.011447916666666667 0.0428425925925926
3 0.6603541666666667 0.45694444444444443 0.013671875 0.052861111111111116
3 0.6385677083333333 0.46864814814814815 0.031276041666666664 0.05742592592592593
3 0.6953072916666667 0.4394814814814815 0.009401041666666667 0.05012962962962963