3 0.6796875 0.45185185185185184 0.6848958333333334 0.47685185185185186 0.6822916666666666 0.5092592592592593 0.6875 0.5324074074074074 0.6864583333333333 0.5342592592592592 0.68125 0.5333333333333333 0.6828125 0.5287037037037037 0.6786458333333333 0.5111111111111111 0.6739583333333333 0.5185185185185185 0.6723958333333333 0.5324074074074074 0.6666666666666666 0.5314814814814814 0.6713541666666667 0.5185185185185185 0.6760416666666667 0.49074074074074076 0.6765625 0.46574074074074073 0.675 0.4564814814814815 0.6791666666666667 0.45185185185185184
3 0.5223958333333333 0.42685185185185187 0.525 0.43148148148148147 0.5239583333333333 0.4648148148148148 0.5260416666666666 0.48703703703703705 0.5229166666666667 0.48333333333333334 0.5244791666666667 0.47685185185185186 0.5223958333333333 0.47314814814814815 0.5203125 0.47962962962962963 0.5213541666666667 0.4842592592592593 0.5161458333333333 0.487962962962963 0.515625 0.43425925925925923 0.5182291666666666 0.42685185185185187 0.521875 0.42685185185185187
3 0.6817708333333333 0.43333333333333335 0.009375 0.040740740740740744
3 0.42135416666666664 0.42777777777777776 0.42552083333333335 0.44351851851851853 0.42552083333333335 0.4888888888888889 0.421875 0.4722222222222222 0.41875 0.4861111111111111 0.41458333333333336 0.48703703703703705 0.41770833333333335 0.4648148148148148 0.41875 0.4305555555555556 0.42083333333333334 0.4287037037037037
3 0.5953125 0.4101851851851852 0.5984375 0.41388888888888886 0.5979166666666667 0.44166666666666665 0.5953125 0.45185185185185184 0.5916666666666667 0.4425925925925926 0.5921875 0.42592592592592593 0.5953125 0.4111111111111111
3 0.146875 0.475 0.15 0.5111111111111111 0.14114583333333333 0.5175925925925926 0.1390625 0.49537037037037035 0.14270833333333333 0.4842592592592593 0.14322916666666666 0.4759259259259259 0.14635416666666667 0.475
3 0.55 0.5185185185185185 0.55 0.5018518518518519 0.5463541666666667 0.4685185185185185 0.55 0.44814814814814813 0.553125 0.44537037037037036 0.5578125 0.475 0.5536458333333333 0.5037037037037037 0.5536458333333333 0.5175925925925926 0.5505208333333333 0.5185185185185185
3 0.14375 0.5120370370370371 0.15052083333333333 0.5148148148148148 0.15260416666666668 0.5259259259259259 0.1546875 0.5481481481481482 0.15364583333333334 0.5583333333333333 0.15572916666666667 0.5694444444444444 0.15520833333333334 0.5898148148148148 0.15833333333333333 0.5953703703703703 0.15416666666666667 0.5972222222222222 0.1515625 0.5944444444444444 0.1515625 0.575925925925926 0.14739583333333334 0.5722222222222222 0.14479166666666668 0.5861111111111111 0.14739583333333334 0.5990740740740741 0.14114583333333333 0.6 0.14166666666666666 0.5675925925925925 0.13958333333333334 0.5416666666666666 0.14375 0.512962962962963
3 0.5567708333333333 0.4305555555555556 0.5609375 0.4388888888888889 0.5604166666666667 0.48333333333333334 0.5578125 0.48055555555555557 0.5526041666666667 0.44722222222222224 0.55625 0.43148148148148147
2 0.22395833333333334 0.5055555555555555 0.23541666666666666 0.5398148148148149 0.23541666666666666 0.5851851851851851 0.23125 0.6175925925925926 0.22708333333333333 0.6166666666666667 0.22083333333333333 0.5814814814814815 0.21927083333333333 0.5592592592592592 0.22135416666666666 0.5537037037037037 0.21354166666666666 0.5435185185185185 0.21666666666666667 0.5277777777777778 0.2203125 0.5194444444444445 0.2203125 0.5092592592592593 0.2234375 0.5055555555555555
1 0.18098958333333334 0.5655833333333333 0.008390625 0.015944444444444445
2 0.675 0.4166666666666667 0.6776041666666667 0.4222222222222222 0.678125 0.42962962962962964 0.6770833333333334 0.44907407407407407 0.6739583333333333 0.45092592592592595 0.66875 0.4351851851851852 0.6744791666666666 0.41759259259259257
0 0.10078125 0.5306481481481482 0.022625 0.09963888888888889
0 0.7426875000000001 0.45433333333333337 0.019166666666666665 0.0645