3 0.49583333333333335 0.43703703703703706 0.4984375 0.4398148148148148 0.49947916666666664 0.45925925925925926 0.4984375 0.4925925925925926 0.4953125 0.5148148148148148 0.4895833333333333 0.5120370370370371 0.4921875 0.48703703703703705 0.4890625 0.4601851851851852 0.49166666666666664 0.44166666666666665 0.4953125 0.43703703703703706
3 0.44375 0.46111111111111114 0.44583333333333336 0.462037037037037 0.44427083333333334 0.4898148148148148 0.4473958333333333 0.5120370370370371 0.4473958333333333 0.5259259259259259 0.44947916666666665 0.5324074074074074 0.44479166666666664 0.5324074074074074 0.4427083333333333 0.5101851851851852 0.42552083333333335 0.5287037037037037 0.42604166666666665 0.5222222222222223 0.4359375 0.5083333333333333 0.43645833333333334 0.47962962962962963 0.44114583333333335 0.46296296296296297 0.4432291666666667 0.46111111111111114
3 0.6161458333333333 0.41759259259259257 0.6177083333333333 0.4305555555555556 0.6135416666666667 0.45092592592592595 0.6088541666666667 0.44814814814814813 0.6078125 0.43148148148148147 0.6088541666666667 0.425 0.615625 0.41759259259259257
3 0.7619791666666667 0.4527777777777778 0.765625 0.4583333333333333 0.7666666666666667 0.4925925925925926 0.7697916666666667 0.5083333333333333 0.7666666666666667 0.5083333333333333 0.7661458333333333 0.5009259259259259 0.7619791666666667 0.4935185185185185 0.7598958333333333 0.4981481481481482 0.7619791666666667 0.5083333333333333 0.7609375 0.5111111111111111 0.7583333333333333 0.5101851851851852 0.7572916666666667 0.462037037037037 0.7583333333333333 0.45555555555555555 0.7614583333333333 0.4527777777777778
3 0.33125 0.475 0.3328125 0.4861111111111111 0.3380208333333333 0.49444444444444446 0.3390625 0.5194444444444445 0.33489583333333334 0.5583333333333333 0.32916666666666666 0.575 0.3265625 0.5740740740740741 0.3265625 0.5166666666666667 0.3229166666666667 0.4981481481481482 0.3265625 0.48703703703703705 0.3260416666666667 0.47685185185185186 0.3307291666666667 0.475
3 0.5119791666666667 0.43796296296296294 0.5166666666666667 0.462037037037037 0.5114583333333333 0.4861111111111111 0.5057291666666667 0.4925925925925926 0.5046875 0.5 0.5015625 0.5018518518518519 0.5010416666666667 0.4981481481481482 0.5046875 0.48333333333333334 0.5052083333333334 0.4564814814814815 0.5114583333333333 0.4388888888888889
3 0.290625 0.47314814814814815 0.2947916666666667 0.4898148148148148 0.2953125 0.5009259259259259 0.2942708333333333 0.5518518518518518 0.28958333333333336 0.5564814814814815 0.2864583333333333 0.5564814814814815 0.2864583333333333 0.5444444444444444 0.2833333333333333 0.5287037037037037 0.2838541666666667 0.5083333333333333 0.28125 0.49074074074074076 0.2869791666666667 0.475 0.29010416666666666 0.47314814814814815
3 0.41458333333333336 0.4222222222222222 0.41458333333333336 0.475 0.41302083333333334 0.47685185185185186 0.4078125 0.47685185185185186 0.4078125 0.4361111111111111 0.4114583333333333 0.42314814814814816 0.4140625 0.4222222222222222
3 0.5604166666666667 0.4305555555555556 0.5619791666666667 0.43425925925925923 0.5619791666666667 0.4462962962962963 0.5651041666666666 0.4564814814814815 0.5640625 0.47685185185185186 0.5604166666666667 0.475 0.5619791666666667 0.4648148148148148 0.5604166666666667 0.45740740740740743 0.5515625 0.46944444444444444 0.5505208333333333 0.47685185185185186 0.5489583333333333 0.4740740740740741 0.5541666666666667 0.4564814814814815 0.5557291666666667 0.4388888888888889 0.5598958333333334 0.43148148148148147
2 0.24890104166666666 0.5857685185185185 0.03344270833333333 0.08576851851851851
3 0.5911458333333334 0.4564814814814815 0.5947916666666667 0.4777777777777778 0.5953125 0.4925925925925926 0.59375 0.5083333333333333 0.5953125 0.5259259259259259 0.5916666666666667 0.5277777777777778 0.5885416666666666 0.5259259259259259 0.5838541666666667 0.5037037037037037 0.5859375 0.46296296296296297 0.5885416666666666 0.45555555555555555 0.590625 0.4564814814814815
2 0.6786458333333333 0.42314814814814816 0.6817708333333333 0.42962962962962964 0.684375 0.44351851851851853 0.684375 0.45 0.6828125 0.45185185185185184 0.6734375 0.44907407407407407 0.675 0.42407407407407405 0.678125 0.42314814814814816
1 0.6320937499999999 0.4545 0.004848958333333334 0.00862037037037037
0 0.25115104166666663 0.5067037037037038 0.021536458333333335 0.08707407407407408
0 0.7542187499999999 0.44007407407407406 0.009104166666666667 0.048907407407407406