3 0.7223958333333333 0.43796296296296294 0.7270833333333333 0.43148148148148147 0.7307291666666667 0.43148148148148147 0.7317708333333334 0.4361111111111111 0.7307291666666667 0.45092592592592595 0.7270833333333333 0.44722222222222224 0.7203125 0.4537037037037037 0.7223958333333333 0.4388888888888889
3 0.7375 0.4185185185185185 0.7401041666666667 0.42777777777777776 0.7411458333333333 0.44814814814814813 0.734375 0.46574074074074073 0.7307291666666667 0.4666666666666667 0.7307291666666667 0.4638888888888889 0.7328125 0.4564814814814815 0.7328125 0.43148148148148147 0.7369791666666666 0.41944444444444445
3 0.6229166666666667 0.42685185185185187 0.6265625 0.4287037037037037 0.6291666666666667 0.43703703703703706 0.628125 0.4564814814814815 0.6244791666666667 0.4759259259259259 0.6229166666666667 0.4777777777777778 0.6213541666666667 0.47314814814814815 0.6203125 0.4583333333333333 0.6197916666666666 0.43333333333333335 0.6223958333333334 0.42777777777777776
3 0.7895833333333333 0.42314814814814816 0.7942708333333334 0.43703703703703706 0.7942708333333334 0.47685185185185186 0.7864583333333334 0.47962962962962963 0.7854166666666667 0.4351851851851852 0.7869791666666667 0.425 0.7890625 0.42407407407407405
3 0.684375 0.41759259259259257 0.6869791666666667 0.41759259259259257 0.6901041666666666 0.425 0.6890625 0.45 0.6859375 0.4537037037037037 0.6833333333333333 0.4527777777777778 0.68125 0.43148148148148147 0.684375 0.4185185185185185
3 0.6083333333333333 0.45092592592592595 0.6114583333333333 0.4666666666666667 0.6109375 0.5120370370370371 0.6098958333333333 0.5203703703703704 0.6078125 0.5194444444444445 0.6072916666666667 0.5046296296296297 0.6052083333333333 0.5009259259259259 0.6026041666666667 0.5231481481481481 0.6005208333333333 0.5222222222222223 0.6020833333333333 0.49166666666666664 0.6005208333333333 0.4666666666666667 0.6041666666666666 0.4601851851851852 0.6041666666666666 0.4527777777777778 0.6078125 0.45092592592592595
3 0.5677083333333334 0.4148148148148148 0.5723958333333333 0.42407407407407405 0.5723958333333333 0.4527777777777778 0.5703125 0.4666666666666667 0.5651041666666666 0.4666666666666667 0.5671875 0.45 0.5645833333333333 0.42407407407407405 0.5671875 0.41574074074074074
3 0.6854166666666667 0.41574074074074074 0.6895833333333333 0.41759259259259257 0.6911458333333333 0.425 0.6890625 0.4527777777777778 0.6854166666666667 0.4527777777777778 0.684375 0.45 0.6833333333333333 0.43148148148148147 0.6848958333333334 0.4166666666666667
3 0.6963541666666667 0.42407407407407405 0.7010416666666667 0.4361111111111111 0.6979166666666666 0.46296296296296297 0.6994791666666667 0.47685185185185186 0.69375 0.4703703703703704 0.6911458333333333 0.4527777777777778 0.6921875 0.43333333333333335 0.6958333333333333 0.42407407407407405
3 0.7447916666666666 0.4148148148148148 0.7479166666666667 0.41759259259259257 0.7515625 0.42777777777777776 0.7505208333333333 0.45 0.7479166666666667 0.4583333333333333 0.7442708333333333 0.44907407407407407 0.7442708333333333 0.41574074074074074
2 0.23854166666666668 0.55 0.246875 0.6027777777777777 0.2515625 0.6157407407407407 0.25104166666666666 0.6212962962962963 0.24791666666666667 0.625 0.24114583333333334 0.625 0.2375 0.6203703703703703 0.2296875 0.6240740740740741 0.2265625 0.6185185185185185 0.23125 0.5537037037037037 0.23385416666666667 0.549074074074074 0.23802083333333332 0.55
3 0.6822916666666666 0.41759259259259257 0.6802083333333333 0.43796296296296294 0.68125 0.4564814814814815 0.6796875 0.4583333333333333 0.6770833333333334 0.45555555555555555 0.6739583333333333 0.4398148148148148 0.6739583333333333 0.42685185185185187 0.6760416666666667 0.4212962962962963 0.6817708333333333 0.41759259259259257
0 0.29526041666666664 0.4979444444444444 0.01941666666666667 0.0897962962962963
0 0.77315625 0.43460185185185185 0.012744791666666666 0.04812037037037037