2 0.259234375 0.5570277777777778 0.027109374999999998 0.11027777777777777
0 0.3762135416666667 0.4929907407407407 0.01440625 0.08552777777777779
2 0.6826979166666667 0.4451574074074074 0.014083333333333333 0.02401851851851852
3 0.6793437499999999 0.4366388888888889 0.012359375 0.048546296296296296
3 0.6745052083333333 0.45921296296296293 0.013604166666666667 0.04666666666666667
3 0.6521822916666667 0.42539814814814814 0.00728125 0.010046296296296296
3 0.6551510416666667 0.4398796296296296 0.011307291666666667 0.04207407407407407
3 0.6477291666666667 0.4519722222222222 0.013317708333333334 0.05672222222222222
3 0.6339791666666666 0.45605555555555555 0.013796874999999998 0.06863888888888889
3 0.618984375 0.43237962962962967 0.012744791666666666 0.03866666666666666
3 0.7151354166666667 0.45796296296296296 0.024541666666666666 0.06672222222222222
0 0.739609375 0.43603703703703706 0.013645833333333333 0.04525925925925926
3 0.5575572916666667 0.449 0.011859375 0.05282407407407407
3 0.5318385416666667 0.45575 0.01665625 0.05874074074074074