3 0.49583333333333335 0.4546296296296296 0.5005208333333333 0.46944444444444444 0.496875 0.49907407407407406 0.4979166666666667 0.5157407407407407 0.49635416666666665 0.5185185185185185 0.49114583333333334 0.5175925925925926 0.49322916666666666 0.5064814814814815 0.490625 0.4675925925925926 0.49270833333333336 0.4564814814814815 0.4953125 0.4546296296296296
3 0.6833333333333333 0.42685185185185187 0.6859375 0.42592592592592593 0.6901041666666666 0.43796296296296294 0.6833333333333333 0.47129629629629627 0.6786458333333333 0.475 0.6786458333333333 0.4462962962962963 0.6833333333333333 0.42777777777777776
3 0.51875 0.4351851851851852 0.5229166666666667 0.43333333333333335 0.5255208333333333 0.43796296296296294 0.525 0.4638888888888889 0.5291666666666667 0.47685185185185186 0.5291666666666667 0.4842592592592593 0.5260416666666666 0.48333333333333334 0.5255208333333333 0.47685185185185186 0.5223958333333333 0.4703703703703704 0.5192708333333333 0.4759259259259259 0.51875 0.48333333333333334 0.515625 0.48333333333333334 0.51875 0.4361111111111111
3 0.3848958333333333 0.47314814814814815 0.38645833333333335 0.4675925925925926 0.39010416666666664 0.4666666666666667 0.39739583333333334 0.4861111111111111 0.39791666666666664 0.5305555555555556 0.4046875 0.549074074074074 0.4041666666666667 0.5583333333333333 0.39791666666666664 0.5537037037037037 0.39479166666666665 0.5398148148148149 0.39010416666666664 0.5333333333333333 0.38697916666666665 0.5148148148148148 0.3880208333333333 0.48703703703703705 0.3854166666666667 0.4740740740740741
3 0.42604166666666665 0.4351851851851852 0.43072916666666666 0.44907407407407407 0.428125 0.49722222222222223 0.42239583333333336 0.49537037037037035 0.4197916666666667 0.4648148148148148 0.4197916666666667 0.45092592592592595 0.42552083333333335 0.4351851851851852
3 0.5989583333333334 0.4305555555555556 0.6020833333333333 0.44074074074074077 0.6020833333333333 0.45185185185185184 0.5989583333333334 0.47129629629629627 0.6 0.48518518518518516 0.5958333333333333 0.49537037037037035 0.5942708333333333 0.49444444444444446 0.5927083333333333 0.4666666666666667 0.5932291666666667 0.44166666666666665 0.5953125 0.4324074074074074 0.5984375 0.4305555555555556
3 0.6921875 0.43703703703703706 0.6973958333333333 0.45925925925925926 0.6927083333333334 0.47685185185185186 0.6927083333333334 0.4898148148148148 0.6890625 0.4861111111111111 0.6854166666666667 0.49444444444444446 0.6859375 0.45092592592592595 0.6890625 0.43796296296296294 0.6916666666666667 0.43703703703703706
3 0.5682291666666667 0.4703703703703704 0.5713541666666667 0.47314814814814815 0.5713541666666667 0.4842592592592593 0.575 0.49722222222222223 0.5713541666666667 0.5648148148148148 0.5692708333333333 0.5638888888888889 0.5697916666666667 0.5425925925925926 0.5677083333333334 0.5333333333333333 0.5651041666666666 0.5407407407407407 0.5651041666666666 0.5583333333333333 0.5598958333333334 0.5601851851851852 0.5619791666666667 0.5518518518518518 0.5604166666666667 0.5370370370370371 0.5635416666666667 0.5157407407407407 0.565625 0.47314814814814815 0.5677083333333334 0.4703703703703704
3 0.6265625 0.41944444444444445 0.6317708333333333 0.4287037037037037 0.6296875 0.45092592592592595 0.63125 0.46296296296296297 0.6296875 0.4666666666666667 0.6260416666666667 0.4666666666666667 0.6244791666666667 0.4425925925925926 0.6265625 0.4203703703703704
3 0.39427083333333335 0.5583333333333333 0.39739583333333334 0.5675925925925925 0.40260416666666665 0.6018518518518519 0.40208333333333335 0.6333333333333333 0.4 0.6453703703703704 0.40260416666666665 0.6611111111111111 0.4010416666666667 0.662962962962963 0.39375 0.6564814814814814 0.3885416666666667 0.6574074074074074 0.38645833333333335 0.6546296296296297 0.3859375 0.6222222222222222 0.3796875 0.5768518518518518 0.3796875 0.562037037037037 0.3848958333333333 0.5527777777777778 0.38385416666666666 0.5388888888888889 0.3859375 0.5351851851851852 0.38958333333333334 0.5351851851851852 0.39166666666666666 0.5388888888888889 0.39166666666666666 0.5537037037037037 0.39375 0.5583333333333333
2 0.3109375 0.5027777777777778 0.3145833333333333 0.5074074074074074 0.3145833333333333 0.5194444444444445 0.3177083333333333 0.5296296296296297 0.31875 0.5472222222222223 0.3223958333333333 0.5537037037037037 0.31927083333333334 0.562962962962963 0.32447916666666665 0.5777777777777777 0.3229166666666667 0.6074074074074074 0.3260416666666667 0.6157407407407407 0.3072916666666667 0.612037037037037 0.309375 0.5814814814814815 0.30520833333333336 0.5648148148148148 0.303125 0.5268518518518519 0.30625 0.5185185185185185 0.30625 0.5074074074074074 0.3104166666666667 0.5027777777777778
2 0.6748072916666668 0.43866666666666665 0.008833333333333334 0.039870370370370375
0 0.19117187500000002 0.5209999999999999 0.029890625 0.09725
0 0.7757135416666666 0.4494074074074074 0.011682291666666667 0.058444444444444445