0 0.19884895833333335 0.5067777777777778 0.0219375 0.08185185185185186
2 0.23747395833333332 0.5707777777777778 0.039864583333333335 0.11536111111111111
3 0.4091302083333333 0.5202407407407408 0.04388020833333333 0.10217592592592592
3 0.5814947916666667 0.4265555555555556 0.00765625 0.03687037037037037
3 0.5693697916666667 0.4357685185185185 0.008932291666666667 0.044527777777777784
3 0.5649010416666667 0.49433333333333335 0.03765104166666667 0.08735185185185186
3 0.60303125 0.45788888888888885 0.027760416666666666 0.06891666666666667
3 0.6305468750000001 0.4910740740740741 0.025364583333333336 0.08139814814814815
3 0.6473020833333333 0.43363888888888885 0.014515625 0.04367592592592593
3 0.6674791666666666 0.44286111111111115 0.014036458333333333 0.051898148148148145
2 0.6757760416666667 0.438462962962963 0.010531249999999999 0.0295
0 0.760546875 0.4406666666666667 0.01059375 0.05369444444444445
3 0.4904114583333333 0.4355925925925926 0.009760416666666666 0.05137962962962963
3 0.5399999999999999 0.42438888888888887 0.011020833333333334 0.0402962962962963