0 0.11615104166666666 0.5388611111111111 0.023755208333333333 0.10535185185185185
2 0.24005729166666667 0.5810185185185185 0.027520833333333335 0.07194444444444445
3 0.25600520833333335 0.5372777777777777 0.022500000000000003 0.0869074074074074
3 0.2821458333333334 0.6316666666666667 0.04403125 0.15251851851851853
3 0.2944479166666667 0.5021666666666667 0.029463541666666666 0.07885185185185185
3 0.35790104166666664 0.5210185185185185 0.05341666666666667 0.07856481481481481
1 0.293234375 0.5333888888888888 0.0063124999999999995 0.014101851851851852
3 0.4385052083333333 0.4619537037037037 0.016713541666666668 0.061037037037037035
3 0.472203125 0.4659907407407407 0.03178645833333334 0.07298148148148148
3 0.4874583333333333 0.5115277777777778 0.030697916666666665 0.10462962962962963
3 0.5286041666666667 0.45469444444444446 0.014531249999999999 0.06716666666666667
3 0.5937239583333334 0.47261111111111115 0.027791666666666666 0.07460185185185185
3 0.6465833333333334 0.48439814814814813 0.02742708333333333 0.08266666666666667
2 0.68203125 0.43931481481481477 0.016828125000000003 0.027240740740740742
0 0.7152135416666667 0.46024074074074073 0.018333333333333333 0.07200000000000001