1 0.16458333333333333 0.5666666666666667 0.165625 0.5712962962962963 0.1640625 0.5731481481481482 0.16145833333333334 0.5703703703703704 0.1640625 0.5675925925925925
3 0.4114583333333333 0.49722222222222223 0.415625 0.5009259259259259 0.41354166666666664 0.512962962962963 0.4161458333333333 0.5259259259259259 0.4114583333333333 0.5398148148148149 0.4114583333333333 0.5555555555555556 0.4140625 0.5722222222222222 0.40989583333333335 0.5925925925925926 0.41458333333333336 0.600925925925926 0.4041666666666667 0.5990740740740741 0.4088541666666667 0.5731481481481482 0.40729166666666666 0.5648148148148148 0.40260416666666665 0.5611111111111111 0.39947916666666666 0.5648148148148148 0.3963541666666667 0.5777777777777777 0.3921875 0.6092592592592593 0.39010416666666664 0.6111111111111112 0.3885416666666667 0.6083333333333333 0.390625 0.5833333333333334 0.39427083333333335 0.5694444444444444 0.3953125 0.5398148148148149 0.4 0.5277777777777778 0.40208333333333335 0.5157407407407407 0.40729166666666666 0.5092592592592593 0.4078125 0.5009259259259259 0.4109375 0.4981481481481482
3 0.425 0.5027777777777778 0.4265625 0.5175925925925926 0.42552083333333335 0.5222222222222223 0.4234375 0.5212962962962963 0.42135416666666664 0.5120370370370371 0.4166666666666667 0.5037037037037037 0.41770833333333335 0.4546296296296296 0.42135416666666664 0.4546296296296296 0.42552083333333335 0.4685185185185185 0.4270833333333333 0.49074074074074076 0.4244791666666667 0.5027777777777778
3 0.5083333333333333 0.5361111111111111 0.509375 0.5703703703703704 0.5078125 0.5916666666666667 0.5140625 0.6129629629629629 0.5145833333333333 0.6259259259259259 0.5177083333333333 0.6407407407407407 0.5223958333333333 0.649074074074074 0.5197916666666667 0.6527777777777778 0.5109375 0.65 0.5052083333333334 0.6212962962962963 0.4947916666666667 0.6046296296296296 0.49375 0.5981481481481481 0.49375 0.5601851851851852 0.5015625 0.5509259259259259 0.503125 0.5361111111111111 0.5078125 0.5361111111111111
3 0.3463541666666667 0.462037037037037 0.3494791666666667 0.4703703703703704 0.3494791666666667 0.49444444444444446 0.3567708333333333 0.5083333333333333 0.35885416666666664 0.5185185185185185 0.35572916666666665 0.5185185185185185 0.35520833333333335 0.512962962962963 0.3458333333333333 0.49907407407407406 0.3421875 0.49907407407407406 0.34010416666666665 0.5046296296296297 0.3411458333333333 0.5222222222222223 0.3390625 0.524074074074074 0.3375 0.5231481481481481 0.3385416666666667 0.4722222222222222 0.3416666666666667 0.4638888888888889 0.3458333333333333 0.462037037037037
3 0.28802083333333334 0.5018518518518519 0.2947916666666667 0.5027777777777778 0.2953125 0.5148148148148148 0.3 0.5231481481481481 0.30052083333333335 0.5305555555555556 0.3 0.5472222222222223 0.29270833333333335 0.575925925925926 0.29322916666666665 0.6129629629629629 0.28802083333333334 0.6148148148148148 0.28802083333333334 0.5972222222222222 0.28229166666666666 0.5796296296296296 0.28489583333333335 0.5361111111111111 0.2828125 0.5333333333333333 0.27760416666666665 0.5361111111111111 0.278125 0.5314814814814814 0.2869791666666667 0.5148148148148148 0.28802083333333334 0.5027777777777778
3 0.5541666666666667 0.4638888888888889 0.5588541666666667 0.46574074074074073 0.559375 0.47314814814814815 0.5640625 0.4824074074074074 0.5625 0.49444444444444446 0.5635416666666667 0.5111111111111111 0.5583333333333333 0.5222222222222223 0.5578125 0.537962962962963 0.553125 0.5398148148148149 0.5552083333333333 0.5296296296296297 0.5546875 0.5111111111111111 0.55 0.49166666666666664 0.5463541666666667 0.5027777777777778 0.5458333333333333 0.49722222222222223 0.5473958333333333 0.4824074074074074 0.5536458333333333 0.47129629629629627 0.5541666666666667 0.4648148148148148
3 0.73125 0.48703703703703705 0.7265625 0.4527777777777778 0.7307291666666667 0.4351851851851852 0.7354166666666667 0.4388888888888889 0.7364583333333333 0.44722222222222224 0.7359375 0.47685185185185186 0.734375 0.48703703703703705 0.7317708333333334 0.48703703703703705
3 0.4453125 0.5203703703703704 0.4484375 0.5287037037037037 0.44583333333333336 0.5342592592592592 0.44427083333333334 0.5259259259259259 0.4354166666666667 0.5157407407407407 0.434375 0.5388888888888889 0.4322916666666667 0.5416666666666666 0.42916666666666664 0.5398148148148149 0.4317708333333333 0.5305555555555556 0.43020833333333336 0.47962962962962963 0.43385416666666665 0.46944444444444444 0.4375 0.4666666666666667 0.4390625 0.4666666666666667 0.4432291666666667 0.4824074074074074 0.4421875 0.512962962962963 0.44479166666666664 0.5203703703703704
3 0.5479166666666667 0.5527777777777778 0.5515625 0.5574074074074075 0.553125 0.5685185185185185 0.5604166666666667 0.5722222222222222 0.56875 0.5888888888888889 0.5692708333333333 0.5944444444444444 0.565625 0.6018518518518519 0.5661458333333333 0.6166666666666667 0.5640625 0.6268518518518519 0.5604166666666667 0.637962962962963 0.55625 0.6435185185185185 0.5619791666666667 0.6666666666666666 0.5614583333333333 0.6703703703703704 0.553125 0.6712962962962963 0.5552083333333333 0.6611111111111111 0.5536458333333333 0.6564814814814814 0.5505208333333333 0.6564814814814814 0.5447916666666667 0.674074074074074 0.54375 0.6842592592592592 0.5401041666666667 0.687962962962963 0.5364583333333334 0.687037037037037 0.5359375 0.6824074074074075 0.5427083333333333 0.6703703703703704 0.5489583333333333 0.6166666666666667 0.5473958333333333 0.6092592592592593 0.5385416666666667 0.6092592592592593 0.5458333333333333 0.600925925925926 0.5453125 0.5805555555555556 0.5416666666666666 0.5685185185185185 0.5411458333333333 0.5574074074074075 0.54375 0.5527777777777778 0.5473958333333333 0.5527777777777778
2 0.24947916666666667 0.5694444444444444 0.2526041666666667 0.5824074074074074 0.25833333333333336 0.5861111111111111 0.2625 0.5814814814814815 0.2640625 0.5851851851851851 0.26197916666666665 0.5925925925925926 0.2557291666666667 0.5972222222222222 0.253125 0.6037037037037037 0.2557291666666667 0.6231481481481481 0.2520833333333333 0.6407407407407407 0.24322916666666666 0.6398148148148148 0.240625 0.6342592592592593 0.23802083333333332 0.6175925925925926 0.23854166666666668 0.5981481481481481 0.24270833333333333 0.5861111111111111 0.24322916666666666 0.5731481481481482 0.24583333333333332 0.5685185185185185 0.24895833333333334 0.5694444444444444
3 0.26565625 0.5630462962962963 0.029177083333333336 0.11965740740740739
2 0.6890625 0.43148148148148147 0.69375 0.4398148148148148 0.69375 0.45 0.6921875 0.4527777777777778 0.684375 0.4527777777777778 0.6770833333333334 0.44907407407407407 0.678125 0.4398148148148148 0.6828125 0.44074074074074077 0.6885416666666667 0.4324074074074074
0 0.14424479166666665 0.5421574074074074 0.028546875000000003 0.1030925925925926
0 0.7403177083333333 0.4511111111111111 0.009989583333333333 0.06116666666666667