2 0.6819583333333333 0.443212962962963 0.018442708333333332 0.027240740740740742
3 0.7041302083333334 0.4652777777777778 0.027526041666666667 0.06412962962962963
0 0.762640625 0.46575925925925926 0.01627083333333333 0.06219444444444445
3 0.5459895833333334 0.4488055555555555 0.022197916666666664 0.06196296296296296
3 0.5782135416666667 0.5254814814814814 0.03796875 0.10592592592592594
3 0.41888020833333334 0.5360925925925926 0.037734375 0.12319444444444445
3 0.261640625 0.5326388888888889 0.022411458333333335 0.08863888888888889
3 0.287484375 0.5177962962962963 0.019213541666666667 0.051638888888888894
3 0.30886979166666667 0.578787037037037 0.02218229166666667 0.11587962962962964
3 0.28634375 0.5897592592592593 0.030645833333333334 0.09148148148148148
3 0.32110416666666663 0.6816481481481481 0.07684375 0.19637962962962963
3 0.23785416666666667 0.7627685185185185 0.048484375 0.22525
2 0.2500677083333333 0.6094166666666666 0.029885416666666668 0.08906481481481482
0 0.09866145833333334 0.6051203703703704 0.04702604166666667 0.13203703703703704