0 0.7697864583333334 0.4445925925925926 0.010244791666666668 0.05164814814814815
3 0.734703125 0.45435185185185184 0.013140625 0.057435185185185186
2 0.675671875 0.43851851851851853 0.011635416666666667 0.030444444444444448
3 0.6119635416666667 0.43590740740740735 0.017328125000000003 0.04453703703703704
3 0.5630624999999999 0.47358333333333336 0.03174479166666667 0.07473148148148148
3 0.6080208333333333 0.5092685185185185 0.026593750000000003 0.0753425925925926
3 0.5056406250000001 0.519611111111111 0.028276041666666665 0.08865740740740741
3 0.4411197916666667 0.4606574074074074 0.02519270833333333 0.06032407407407408
3 0.3961354166666667 0.4675092592592593 0.030333333333333334 0.06306481481481481
3 0.41785416666666664 0.4809907407407408 0.031104166666666665 0.08362962962962962
1 0.31940104166666666 0.5022407407407407 0.00334375 0.007314814814814815
3 0.34921875 0.4921851851851851 0.046015625 0.0712962962962963
3 0.29484895833333336 0.4835092592592593 0.021078125 0.06398148148148147
2 0.25365624999999997 0.5785277777777778 0.046593749999999996 0.07768518518518519
0 0.19302604166666668 0.5198796296296296 0.020255208333333333 0.0910648148148148