3 0.5703125 0.4324074074074074 0.5723958333333333 0.4361111111111111 0.5713541666666667 0.4527777777777778 0.5744791666666667 0.4648148148148148 0.575 0.4787037037037037 0.5666666666666667 0.4638888888888889 0.5640625 0.48148148148148145 0.5635416666666667 0.4361111111111111 0.5671875 0.4305555555555556 0.5697916666666667 0.4324074074074074
3 0.6369791666666667 0.4203703703703704 0.6416666666666667 0.425 0.6484375 0.44537037037037036 0.6473958333333333 0.44907407407407407 0.6364583333333333 0.4351851851851852 0.6369791666666667 0.4212962962962963
3 0.7364583333333333 0.44907407407407407 0.734375 0.4212962962962963 0.7375 0.4185185185185185 0.7411458333333333 0.4361111111111111 0.7411458333333333 0.44814814814814813 0.7453125 0.46111111111111114 0.740625 0.46574074074074073 0.7369791666666666 0.45
3 0.7098958333333333 0.41759259259259257 0.7135416666666666 0.4287037037037037 0.7119791666666667 0.44907407407407407 0.7130208333333333 0.4564814814814815 0.7098958333333333 0.4583333333333333 0.7067708333333333 0.4351851851851852 0.709375 0.41759259259259257
3 0.5822916666666667 0.4222222222222222 0.5854166666666667 0.425 0.5859375 0.4324074074074074 0.5854166666666667 0.44814814814814813 0.58125 0.46944444444444444 0.5786458333333333 0.4666666666666667 0.5770833333333333 0.425 0.5817708333333333 0.4222222222222222
3 0.625 0.45925925925925926 0.6317708333333333 0.48055555555555557 0.6307291666666667 0.49444444444444446 0.6255208333333333 0.5083333333333333 0.625 0.5324074074074074 0.6229166666666667 0.537962962962963 0.6213541666666667 0.5361111111111111 0.6197916666666666 0.4888888888888889 0.6177083333333333 0.47685185185185186 0.621875 0.46944444444444444 0.621875 0.46111111111111114 0.6244791666666667 0.45925925925925926
3 0.6822916666666666 0.4212962962962963 0.6854166666666667 0.4212962962962963 0.6880208333333333 0.4324074074074074 0.6864583333333333 0.4527777777777778 0.6921875 0.46296296296296297 0.6880208333333333 0.4648148148148148 0.6854166666666667 0.46111111111111114 0.6822916666666666 0.4666666666666667 0.6802083333333333 0.4398148148148148 0.6822916666666666 0.4222222222222222
3 0.6520833333333333 0.4074074074074074 0.6541666666666667 0.4064814814814815 0.6583333333333333 0.4185185185185185 0.6578125 0.43333333333333335 0.6541666666666667 0.43796296296296294 0.6520833333333333 0.4083333333333333
2 0.2436927083333333 0.5951296296296297 0.03705729166666667 0.08181481481481481
2 0.6703125 0.44907407407407407 0.6708333333333333 0.42592592592592593 0.6744791666666666 0.4222222222222222 0.6791666666666667 0.4351851851851852 0.678125 0.4527777777777778 0.6744791666666666 0.46111111111111114 0.6729166666666667 0.45925925925925926 0.6739583333333333 0.4527777777777778 0.6708333333333333 0.44907407407407407
3 0.6642135416666667 0.43798148148148147 0.013322916666666665 0.043972222222222225
0 0.635390625 0.5385000000000001 0.023489583333333335 0.11126851851851852
0 0.722234375 0.42239814814814813 0.008994791666666667 0.03553703703703704