3 0.228125 0.5324074074074074 0.23645833333333333 0.5185185185185185 0.23541666666666666 0.5111111111111111 0.23802083333333332 0.487962962962963 0.24479166666666666 0.48055555555555557 0.24635416666666668 0.5120370370370371 0.24479166666666666 0.5361111111111111 0.2421875 0.5342592592592592 0.24114583333333334 0.5222222222222223 0.23177083333333334 0.5333333333333333 0.22864583333333333 0.5333333333333333
3 0.37864583333333335 0.44907407407407407 0.38229166666666664 0.46296296296296297 0.3828125 0.47314814814814815 0.38229166666666664 0.48703703703703705 0.37916666666666665 0.4935185185185185 0.3765625 0.5092592592592593 0.3734375 0.5055555555555555 0.37135416666666665 0.4648148148148148 0.37395833333333334 0.44814814814814813 0.3765625 0.44537037037037036 0.378125 0.44907407407407407
3 0.43802083333333336 0.45185185185185184 0.4395833333333333 0.4648148148148148 0.4375 0.47962962962962963 0.43333333333333335 0.49074074074074076 0.434375 0.512962962962963 0.4322916666666667 0.5166666666666667 0.4276041666666667 0.5120370370370371 0.43020833333333336 0.5037037037037037 0.43020833333333336 0.44166666666666665 0.43385416666666665 0.4398148148148148 0.4375 0.45185185185185184
3 0.7234375 0.4388888888888889 0.7270833333333333 0.44166666666666665 0.7296875 0.45925925925925926 0.7291666666666666 0.5009259259259259 0.7197916666666667 0.4981481481481482 0.7223958333333333 0.49074074074074076 0.721875 0.45555555555555555 0.7234375 0.4398148148148148
3 0.3104166666666667 0.4722222222222222 0.3140625 0.4759259259259259 0.3177083333333333 0.49166666666666664 0.31927083333333334 0.5314814814814814 0.3171875 0.5324074074074074 0.31614583333333335 0.5138888888888888 0.31302083333333336 0.5092592592592593 0.309375 0.5120370370370371 0.30520833333333336 0.5324074074074074 0.30364583333333334 0.5351851851851852 0.3026041666666667 0.5333333333333333 0.30572916666666666 0.512962962962963 0.3046875 0.48333333333333334 0.3067708333333333 0.475 0.3098958333333333 0.47314814814814815
3 0.6072916666666667 0.4388888888888889 0.6145833333333334 0.462037037037037 0.6088541666666667 0.4824074074074074 0.6088541666666667 0.5009259259259259 0.6026041666666667 0.5074074074074074 0.6036458333333333 0.47314814814814815 0.6015625 0.45925925925925926 0.6041666666666666 0.44074074074074077 0.6067708333333334 0.4388888888888889
3 0.5291666666666667 0.41944444444444445 0.5338541666666666 0.4305555555555556 0.5307291666666667 0.4638888888888889 0.528125 0.4638888888888889 0.5260416666666666 0.44907407407407407 0.5265625 0.42407407407407405 0.5286458333333334 0.4203703703703704
3 0.49114583333333334 0.4583333333333333 0.4953125 0.45925925925925926 0.49635416666666665 0.46944444444444444 0.503125 0.48055555555555557 0.5010416666666667 0.49074074074074076 0.5 0.5157407407407407 0.5 0.5351851851851852 0.5015625 0.5398148148148149 0.4979166666666667 0.5416666666666666 0.49322916666666666 0.5388888888888889 0.48854166666666665 0.49722222222222223 0.49114583333333334 0.45925925925925926
3 0.39375 0.49074074074074076 0.3958333333333333 0.4962962962962963 0.3958333333333333 0.5046296296296297 0.4015625 0.5148148148148148 0.403125 0.5564814814814815 0.4078125 0.5851851851851851 0.4046875 0.5833333333333334 0.3984375 0.5574074074074075 0.39375 0.5555555555555556 0.39114583333333336 0.5851851851851851 0.3859375 0.587037037037037 0.3880208333333333 0.5592592592592592 0.384375 0.5370370370370371 0.3848958333333333 0.5222222222222223 0.38645833333333335 0.5101851851851852 0.3890625 0.5046296296296297 0.3885416666666667 0.49537037037037035 0.3932291666666667 0.49166666666666664
2 0.6791666666666667 0.4212962962962963 0.6833333333333333 0.4324074074074074 0.6838541666666667 0.44907407407407407 0.6817708333333333 0.45185185185185184 0.6734375 0.45 0.6755208333333333 0.42314814814814816 0.6786458333333333 0.4212962962962963
2 0.24166666666666667 0.5453703703703704 0.24479166666666666 0.55 0.2453125 0.5601851851851852 0.25104166666666666 0.5740740740740741 0.2546875 0.575 0.25833333333333336 0.5703703703703704 0.2609375 0.5740740740740741 0.259375 0.5787037037037037 0.2484375 0.5861111111111111 0.2484375 0.5925925925925926 0.25833333333333336 0.6092592592592593 0.25677083333333334 0.6157407407407407 0.246875 0.6212962962962963 0.240625 0.6203703703703703 0.2375 0.6148148148148148 0.23385416666666667 0.6166666666666667 0.23229166666666667 0.612037037037037 0.2328125 0.5925925925925926 0.23541666666666666 0.5833333333333334 0.23489583333333333 0.575925925925926 0.23072916666666668 0.5703703703703704 0.23541666666666666 0.562962962962963 0.23697916666666666 0.5481481481481482 0.24114583333333334 0.5453703703703704
3 0.375 0.46500925925925923 0.029604166666666668 0.07805555555555556
1 0.32645312499999996 0.521787037037037 0.0061875 0.014555555555555556
0 0.15091666666666667 0.5274907407407408 0.02628125 0.10267592592592592
0 0.7399322916666667 0.4482962962962963 0.012130208333333333 0.06157407407407407