2 0.26543229166666665 0.5515092592592593 0.03866666666666666 0.16273148148148148
0 0.34137500000000004 0.47983333333333333 0.018291666666666664 0.08419444444444445
0 0.7533333333333334 0.44130555555555556 0.015192708333333334 0.056601851851851855
2 0.6788124999999999 0.4393888888888889 0.010619791666666666 0.028453703703703703
3 0.6809895833333334 0.47040740740740744 0.014333333333333333 0.05795370370370371
3 0.6679010416666666 0.44257407407407406 0.009536458333333333 0.05078703703703704
3 0.652890625 0.4442407407407407 0.019776041666666667 0.051555555555555556
3 0.45008333333333334 0.44199074074074074 0.013192708333333332 0.05076851851851852
3 0.46027083333333335 0.45069444444444445 0.013869791666666666 0.04667592592592592
3 0.48938020833333334 0.43476851851851855 0.02103125 0.05382407407407408
3 0.558921875 0.4322314814814815 0.025041666666666667 0.047703703703703706
3 0.5826927083333333 0.4439722222222222 0.018588541666666666 0.062101851851851846
3 0.6193072916666666 0.4270833333333333 0.010984375 0.0555
3 0.6026822916666668 0.43999074074074074 0.023057291666666667 0.05388888888888889