2 0.24878645833333335 0.5837314814814815 0.0360625 0.10498148148148148
0 0.25771875 0.5000648148148149 0.020182291666666668 0.09822222222222222
3 0.32314062499999996 0.5219814814814815 0.028947916666666667 0.10850925925925926
3 0.3700364583333334 0.5319722222222222 0.05591145833333333 0.12733333333333335
3 0.4100260416666667 0.49653703703703705 0.06972395833333334 0.09645370370370371
3 0.432765625 0.44610185185185186 0.018442708333333332 0.05997222222222222
3 0.504640625 0.4796944444444445 0.03588541666666667 0.1056388888888889
3 0.5234479166666667 0.4585648148148148 0.019963541666666664 0.059694444444444446
3 0.534640625 0.4510277777777778 0.02665625 0.05446296296296296
3 0.6141979166666667 0.4265648148148148 0.014770833333333334 0.04123148148148148
3 0.6227343750000001 0.484212962962963 0.026307291666666666 0.07650925925925925
3 0.7437343750000001 0.47887962962962966 0.016723958333333334 0.07730555555555554
2 0.6800208333333334 0.43999074074074074 0.01246875 0.03138888888888889
0 0.7593020833333333 0.4411481481481481 0.018291666666666664 0.05162962962962963