3 0.6625 0.41388888888888886 0.6635416666666667 0.43796296296296294 0.6619791666666667 0.45555555555555555 0.6541666666666667 0.45740740740740743 0.6526041666666667 0.4527777777777778 0.6546875 0.4462962962962963 0.6552083333333333 0.42314814814814816 0.6578125 0.412962962962963 0.6619791666666667 0.41388888888888886
3 0.7625 0.4305555555555556 0.765625 0.43425925925925923 0.7666666666666667 0.44907407407407407 0.7614583333333333 0.48703703703703705 0.7583333333333333 0.48703703703703705 0.7583333333333333 0.47685185185185186 0.7515625 0.48148148148148145 0.7515625 0.4777777777777778 0.7572916666666667 0.4675925925925926 0.7572916666666667 0.4398148148148148 0.7619791666666667 0.4305555555555556
3 0.7723958333333333 0.42777777777777776 0.7755208333333333 0.42685185185185187 0.7807291666666667 0.4351851851851852 0.7833333333333333 0.46574074074074073 0.7828125 0.46944444444444444 0.7807291666666667 0.4675925925925926 0.7744791666666667 0.4546296296296296 0.7723958333333333 0.4462962962962963 0.7723958333333333 0.4287037037037037
3 0.5677083333333334 0.4675925925925926 0.5703125 0.46944444444444444 0.5713541666666667 0.47962962962962963 0.5776041666666667 0.49074074074074076 0.578125 0.5083333333333333 0.5744791666666667 0.5064814814814815 0.5729166666666666 0.5138888888888888 0.571875 0.5472222222222223 0.5671875 0.5444444444444444 0.5651041666666666 0.5555555555555556 0.5640625 0.5574074074074075 0.5625 0.5537037037037037 0.5666666666666667 0.5231481481481481 0.5635416666666667 0.5046296296296297 0.559375 0.4981481481481482 0.559375 0.4925925925925926 0.5609375 0.4861111111111111 0.565625 0.48055555555555557 0.565625 0.46944444444444444 0.5671875 0.4685185185185185
3 0.6296875 0.44074074074074077 0.6333333333333333 0.44351851851851853 0.6395833333333333 0.4666666666666667 0.6369791666666667 0.4703703703703704 0.6380208333333334 0.49907407407407406 0.6369791666666667 0.5027777777777778 0.6354166666666666 0.5018518518518519 0.6260416666666667 0.46296296296296297 0.6296875 0.44166666666666665
3 0.7125 0.42407407407407405 0.7166666666666667 0.44814814814814813 0.7177083333333333 0.4740740740740741 0.709375 0.45555555555555555 0.7072916666666667 0.4425925925925926 0.7088541666666667 0.425 0.7119791666666667 0.42407407407407405
3 0.6973958333333333 0.4305555555555556 0.7015625 0.43796296296296294 0.6984375 0.44814814814814813 0.6984375 0.46296296296296297 0.6927083333333334 0.4824074074074074 0.6895833333333333 0.47685185185185186 0.69375 0.4703703703703704 0.6947916666666667 0.45555555555555555 0.6895833333333333 0.45092592592592595 0.6833333333333333 0.45185185185185184 0.6822916666666666 0.44907407407407407 0.6869791666666667 0.44814814814814813 0.6890625 0.4388888888888889 0.6942708333333333 0.42962962962962964 0.696875 0.4305555555555556
3 0.6994791666666667 0.43703703703703706 0.7067708333333333 0.43796296296296294 0.7104166666666667 0.48333333333333334 0.7083333333333334 0.487962962962963 0.7052083333333333 0.48703703703703705 0.7052083333333333 0.47685185185185186 0.7010416666666667 0.4685185185185185 0.6979166666666666 0.4537037037037037 0.6994791666666667 0.43796296296296294
3 0.5359375 0.42407407407407405 0.5395833333333333 0.425 0.5390625 0.44537037037037036 0.5427083333333333 0.47685185185185186 0.5395833333333333 0.4787037037037037 0.5385416666666667 0.4638888888888889 0.5364583333333334 0.4583333333333333 0.5307291666666667 0.4685185185185185 0.5296875 0.47962962962962963 0.5270833333333333 0.475 0.5317708333333333 0.45740740740740743 0.5328125 0.4324074074074074 0.5359375 0.425
2 0.23854166666666668 0.55 0.24010416666666667 0.5685185185185185 0.24635416666666668 0.6018518518518519 0.25104166666666666 0.6148148148148148 0.25052083333333336 0.6222222222222222 0.24635416666666668 0.6259259259259259 0.24114583333333334 0.6259259259259259 0.2375 0.6212962962962963 0.23072916666666668 0.625 0.22760416666666666 0.6231481481481481 0.22552083333333334 0.6166666666666667 0.228125 0.6055555555555555 0.22916666666666666 0.5740740740740741 0.23177083333333334 0.5611111111111111 0.23072916666666668 0.5537037037037037 0.23385416666666667 0.549074074074074 0.23802083333333332 0.55
2 0.6802083333333333 0.44814814814814813 0.6932291666666667 0.42962962962962964 0.6958333333333333 0.42962962962962964 0.6973958333333333 0.43333333333333335 0.6958333333333333 0.44814814814814813 0.69375 0.45185185185185184 0.6807291666666667 0.4527777777777778 0.6802083333333333 0.44907407407407407
0 0.26099479166666667 0.5103981481481482 0.019010416666666665 0.08902777777777779
0 0.7622291666666666 0.42208333333333337 0.009223958333333334 0.024657407407407406