1 0.7851041666666667 0.4876111111111111 0.002859375 0.005185185185185185
3 0.7898802083333333 0.4593333333333333 0.015505208333333333 0.05787962962962963
3 0.7465364583333333 0.4472777777777778 0.010755208333333332 0.05249074074074074
3 0.7586041666666666 0.47700925925925924 0.025171875 0.06787037037037037
2 0.68371875 0.43012962962962964 0.01728645833333333 0.048296296296296296
0 0.6413697916666667 0.43477777777777776 0.01365625 0.05397222222222222
3 0.6034270833333333 0.48730555555555555 0.015776041666666667 0.0782962962962963
3 0.5631666666666667 0.44932407407407404 0.019390624999999998 0.06310185185185185
3 0.5513385416666666 0.4884722222222222 0.024651041666666665 0.08998148148148148
3 0.4231666666666667 0.4605092592592593 0.020828125 0.06571296296296296
3 0.4538229166666667 0.5460370370370371 0.0393125 0.10848148148148148
3 0.38063020833333333 0.5040555555555556 0.04194791666666667 0.09022222222222222
3 0.32592187499999997 0.5628703703703704 0.024817708333333334 0.12947222222222224
0 0.3202083333333333 0.7158518518518519 0.05845833333333333 0.2066851851851852
2 0.2560364583333333 0.5907314814814815 0.033963541666666666 0.07489814814814814