2 0.27239583333333334 0.562037037037037 0.27708333333333335 0.5675925925925925 0.2791666666666667 0.5777777777777777 0.2828125 0.575925925925926 0.2828125 0.5805555555555556 0.2713541666666667 0.6083333333333333 0.2713541666666667 0.6129629629629629 0.2755208333333333 0.6222222222222222 0.27239583333333334 0.6305555555555555 0.26145833333333335 0.6287037037037037 0.25625 0.6231481481481481 0.24791666666666667 0.6268518518518519 0.24635416666666668 0.6231481481481481 0.24947916666666667 0.6148148148148148 0.2552083333333333 0.6101851851851852 0.2557291666666667 0.5981481481481481 0.2671875 0.575925925925926 0.2682291666666667 0.5638888888888889 0.271875 0.562037037037037
0 0.24788020833333332 0.5205648148148149 0.020515625 0.09637962962962963
1 0.62134375 0.5651666666666667 0.0037500000000000003 0.008824074074074073
3 0.47789062499999996 0.4545 0.010385416666666668 0.05559259259259259
3 0.482296875 0.4814907407407407 0.025739583333333333 0.07707407407407407
3 0.5395885416666667 0.4509814814814815 0.016369791666666668 0.054592592592592595
3 0.573921875 0.5205 0.03419791666666667 0.07621296296296297
3 0.5813072916666666 0.481537037037037 0.03163020833333333 0.07022222222222223
3 0.5930312499999999 0.4532777777777778 0.02328125 0.05765740740740741
3 0.7183177083333334 0.444 0.01738020833333333 0.051805555555555556
2 0.6857239583333333 0.4419537037037037 0.019171875 0.027722222222222224
3 0.662203125 0.4512685185185185 0.013546875000000002 0.05453703703703704
3 0.63025 0.4837592592592593 0.03502083333333333 0.08498148148148148
3 0.6317864583333334 0.5289814814814814 0.028374999999999997 0.09362037037037037
0 0.7666302083333334 0.4453611111111111 0.01278125 0.05725925925925926