2 0.2524375 0.5881851851851851 0.02795833333333333 0.07941666666666666
0 0.504234375 0.632175925925926 0.03085416666666667 0.15711111111111112
3 0.4693645833333333 0.4413518518518519 0.015744791666666667 0.04627777777777777
3 0.46962499999999996 0.47515740740740736 0.017984375 0.07215740740740742
3 0.574109375 0.4415833333333334 0.012578124999999999 0.04409259259259259
3 0.5718072916666667 0.4650462962962963 0.031713541666666664 0.05260185185185185
3 0.5721614583333333 0.508037037037037 0.02958854166666667 0.08314814814814815
3 0.7561875 0.45175 0.010244791666666668 0.052620370370370366
3 0.7407552083333333 0.45962037037037035 0.009484375 0.052620370370370366
3 0.7461354166666666 0.5135833333333333 0.018213541666666666 0.07105555555555555
3 0.7284895833333334 0.4986296296296296 0.0266875 0.07982407407407408
3 0.6129635416666667 0.4258888888888889 0.012317708333333333 0.04181481481481481
0 0.65171875 0.4195185185185185 0.010078125 0.03862962962962963
2 0.675796875 0.43763888888888886 0.015229166666666665 0.03425