3 0.7692708333333333 0.42777777777777776 0.7744791666666667 0.44351851851851853 0.76875 0.45555555555555555 0.7619791666666667 0.45092592592592595 0.7630208333333334 0.4425925925925926 0.76875 0.42777777777777776
3 0.5166666666666667 0.44537037037037036 0.51875 0.44722222222222224 0.5192708333333333 0.4537037037037037 0.5171875 0.4703703703703704 0.5182291666666666 0.4842592592592593 0.5151041666666667 0.49722222222222223 0.5151041666666667 0.5055555555555555 0.5119791666666667 0.5055555555555555 0.5109375 0.5018518518518519 0.5109375 0.4962962962962963 0.5130208333333334 0.49444444444444446 0.5119791666666667 0.487962962962963 0.5072916666666667 0.4962962962962963 0.5052083333333334 0.5064814814814815 0.5036458333333333 0.5046296296296297 0.5036458333333333 0.4981481481481482 0.5083333333333333 0.48518518518518516 0.5109375 0.45185185185185184 0.5161458333333333 0.44537037037037036
3 0.7744791666666667 0.44351851851851853 0.7791666666666667 0.45555555555555555 0.778125 0.4787037037037037 0.78125 0.49074074074074076 0.7807291666666667 0.4935185185185185 0.778125 0.4935185185185185 0.7755208333333333 0.4824074074074074 0.7723958333333333 0.49537037037037035 0.7692708333333333 0.4527777777777778 0.771875 0.4425925925925926 0.7739583333333333 0.44351851851851853
3 0.5479166666666667 0.47314814814814815 0.55 0.46574074074074073 0.55 0.43796296296296294 0.5546875 0.4305555555555556 0.5578125 0.4462962962962963 0.55625 0.4527777777777778 0.5588541666666667 0.46296296296296297 0.5520833333333334 0.4740740740740741 0.5484375 0.4740740740740741
3 0.7416666666666667 0.4287037037037037 0.7442708333333333 0.4462962962962963 0.7411458333333333 0.44351851851851853 0.7401041666666667 0.44537037037037036 0.7369791666666666 0.46944444444444444 0.7338541666666667 0.46944444444444444 0.7333333333333333 0.4444444444444444 0.734375 0.43796296296296294 0.7411458333333333 0.4287037037037037
3 0.6588541666666666 0.4212962962962963 0.6609375 0.4675925925925926 0.6578125 0.4685185185185185 0.6541666666666667 0.4666666666666667 0.6526041666666667 0.4351851851851852 0.6557291666666667 0.4222222222222222 0.6583333333333333 0.4212962962962963
3 0.7411458333333333 0.42962962962962964 0.7453125 0.4425925925925926 0.746875 0.46574074074074073 0.7515625 0.48703703703703705 0.7479166666666667 0.4824074074074074 0.7453125 0.47314814814814815 0.7421875 0.47314814814814815 0.7401041666666667 0.48055555555555557 0.7375 0.48148148148148145 0.7364583333333333 0.4388888888888889 0.740625 0.4305555555555556
3 0.6822916666666666 0.4324074074074074 0.684375 0.4462962962962963 0.6802083333333333 0.475 0.6807291666666667 0.48148148148148145 0.6791666666666667 0.48333333333333334 0.6770833333333334 0.48055555555555557 0.6765625 0.47129629629629627 0.675 0.4703703703703704 0.671875 0.4787037037037037 0.6703125 0.47314814814814815 0.675 0.4638888888888889 0.675 0.4444444444444444 0.6776041666666667 0.4351851851851852 0.6817708333333333 0.4324074074074074
2 0.25833333333333336 0.5092592592592593 0.2604166666666667 0.5185185185185185 0.259375 0.5259259259259259 0.2713541666666667 0.5824074074074074 0.271875 0.600925925925926 0.2755208333333333 0.612037037037037 0.2682291666666667 0.6148148148148148 0.26510416666666664 0.5981481481481481 0.26197916666666665 0.5916666666666667 0.25885416666666666 0.6027777777777777 0.2604166666666667 0.6157407407407407 0.2552083333333333 0.6185185185185185 0.2515625 0.6157407407407407 0.25416666666666665 0.5777777777777777 0.25052083333333336 0.5555555555555556 0.25 0.5324074074074074 0.2520833333333333 0.5111111111111111 0.2578125 0.5092592592592593
3 0.5181302083333333 0.44210185185185186 0.015427083333333334 0.042509259259259254
2 0.6890625 0.41944444444444445 0.6911458333333333 0.4222222222222222 0.6932291666666667 0.44166666666666665 0.6932291666666667 0.45 0.6911458333333333 0.4537037037037037 0.6864583333333333 0.45092592592592595 0.684375 0.4361111111111111 0.684375 0.425 0.6885416666666667 0.41944444444444445
0 0.3379947916666667 0.48817592592592596 0.02109895833333333 0.09274074074074073
0 0.7906302083333333 0.43775925925925924 0.01128125 0.05012962962962963