3 0.5640625 0.4185185185185185 0.5692708333333333 0.42777777777777776 0.5692708333333333 0.4351851851851852 0.565625 0.44166666666666665 0.5645833333333333 0.45092592592592595 0.5625 0.45092592592592595 0.5614583333333333 0.42777777777777776 0.5640625 0.41944444444444445
3 0.65625 0.45 0.6572916666666667 0.41388888888888886 0.659375 0.4083333333333333 0.6630208333333333 0.4148148148148148 0.6630208333333333 0.44074074074074077 0.6609375 0.44907407407407407 0.6567708333333333 0.45
3 0.5848958333333333 0.42777777777777776 0.5875 0.43425925925925923 0.5875 0.4425925925925926 0.5838541666666667 0.4638888888888889 0.5869791666666667 0.475 0.58125 0.4722222222222222 0.578125 0.4777777777777778 0.5796875 0.4666666666666667 0.578125 0.4388888888888889 0.5802083333333333 0.4305555555555556 0.584375 0.42777777777777776
3 0.6088541666666667 0.4703703703703704 0.6078125 0.462037037037037 0.6098958333333333 0.42777777777777776 0.6125 0.42592592592592593 0.6140625 0.42962962962962964 0.6161458333333333 0.44074074074074077 0.6161458333333333 0.45740740740740743 0.6192708333333333 0.4638888888888889 0.6197916666666666 0.4703703703703704 0.6135416666666667 0.46111111111111114 0.6109375 0.46296296296296297 0.609375 0.46944444444444444
3 0.5536458333333333 0.41944444444444445 0.5552083333333333 0.425 0.5552083333333333 0.4462962962962963 0.5536458333333333 0.44722222222222224 0.5515625 0.44166666666666665 0.5484375 0.4425925925925926 0.5463541666666667 0.45092592592592595 0.5432291666666667 0.4537037037037037 0.5484375 0.42407407407407405 0.553125 0.41944444444444445
3 0.6338541666666667 0.4101851851851852 0.6354166666666666 0.41388888888888886 0.6338541666666667 0.45 0.6296875 0.44907407407407407 0.6291666666666667 0.41944444444444445 0.6296875 0.41388888888888886 0.6333333333333333 0.4101851851851852
3 0.6817708333333333 0.41759259259259257 0.6854166666666667 0.41759259259259257 0.6880208333333333 0.4546296296296296 0.6880208333333333 0.4583333333333333 0.6854166666666667 0.45925925925925926 0.6838541666666667 0.44907407407407407 0.6807291666666667 0.44351851851851853 0.6802083333333333 0.42592592592592593 0.6817708333333333 0.4185185185185185
2 0.2760416666666667 0.49907407407407406 0.2786458333333333 0.5046296296296297 0.2791666666666667 0.5148148148148148 0.2864583333333333 0.5296296296296297 0.28489583333333335 0.537962962962963 0.2864583333333333 0.5777777777777777 0.2838541666666667 0.5861111111111111 0.2859375 0.5990740740740741 0.28177083333333336 0.6055555555555555 0.27447916666666666 0.6018518518518519 0.2765625 0.575 0.2703125 0.5305555555555556 0.2703125 0.5185185185185185 0.271875 0.5138888888888888 0.2708333333333333 0.5046296296296297 0.27239583333333334 0.5 0.2755208333333333 0.49907407407407406
3 0.6693697916666667 0.42891666666666667 0.007109375 0.05431481481481481
3 0.6771145833333333 0.4251759259259259 0.004953125 0.0302037037037037
2 0.67515625 0.4414444444444444 0.010604166666666666 0.023425925925925926
3 0.63684375 0.4317037037037037 0.010328124999999999 0.04702777777777778
0 0.37514583333333335 0.4680462962962963 0.015734375000000002 0.07332407407407407
0 0.7652864583333333 0.44125925925925924 0.013807291666666667 0.05386111111111111