0 0.30868749999999995 0.5010277777777777 0.023442708333333333 0.0850925925925926
0 0.7444583333333333 0.4379722222222222 0.012369791666666666 0.048231481481481486
2 0.672296875 0.43646296296296294 0.014859375000000001 0.03387037037037037
2 0.24065625 0.5656944444444445 0.032942708333333334 0.11972222222222223
3 0.497 0.4528055555555555 0.010208333333333335 0.05461111111111111
3 0.5278177083333333 0.43919444444444444 0.009807291666666666 0.0490925925925926
3 0.5780260416666666 0.4431481481481482 0.0284375 0.056046296296296295
3 0.601828125 0.4644814814814815 0.017744791666666666 0.06913888888888889
3 0.6045989583333333 0.4227962962962963 0.009979166666666667 0.03506481481481481
3 0.61878125 0.4301203703703703 0.007286458333333333 0.04576851851851852
3 0.6218697916666667 0.45110185185185186 0.017901041666666666 0.06491666666666666
3 0.648984375 0.4365833333333333 0.01034375 0.04669444444444444
3 0.6589583333333333 0.4487592592592593 0.008609375 0.06068518518518519