3 0.5114583333333333 0.4425925925925926 0.5161458333333333 0.4564814814814815 0.5140625 0.4638888888888889 0.5151041666666667 0.5027777777777778 0.5083333333333333 0.48333333333333334 0.5052083333333334 0.5 0.503125 0.487962962962963 0.503125 0.45185185185185184 0.5052083333333334 0.4444444444444444 0.5083333333333333 0.44074074074074077 0.5109375 0.4425925925925926
3 0.6723958333333333 0.42314814814814816 0.6755208333333333 0.43148148148148147 0.6755208333333333 0.4444444444444444 0.6682291666666667 0.44814814814814813 0.6645833333333333 0.43703703703703706 0.6692708333333334 0.42407407407407405 0.671875 0.42314814814814816
3 0.6713541666666667 0.4462962962962963 0.675 0.45 0.6755208333333333 0.45555555555555555 0.6755208333333333 0.49166666666666664 0.66875 0.4861111111111111 0.6666666666666666 0.47962962962962963 0.6661458333333333 0.4601851851851852 0.6682291666666667 0.44814814814814813 0.6708333333333333 0.44722222222222224
3 0.6630208333333333 0.47685185185185186 0.675 0.49444444444444446 0.675 0.5148148148148148 0.6692708333333334 0.524074074074074 0.6739583333333333 0.5370370370370371 0.6682291666666667 0.5435185185185185 0.6651041666666667 0.5407407407407407 0.6619791666666667 0.5138888888888888 0.6572916666666667 0.5157407407407407 0.6609375 0.5009259259259259 0.6583333333333333 0.48055555555555557 0.659375 0.47685185185185186 0.6625 0.47685185185185186
3 0.5609375 0.42685185185185187 0.5645833333333333 0.4351851851851852 0.5630208333333333 0.4527777777777778 0.5651041666666666 0.4601851851851852 0.5604166666666667 0.4648148148148148 0.5604166666666667 0.4722222222222222 0.5572916666666666 0.4722222222222222 0.55625 0.45925925925925926 0.5567708333333333 0.4324074074074074 0.5604166666666667 0.42685185185185187
3 0.7135416666666666 0.41944444444444445 0.7171875 0.4351851851851852 0.7130208333333333 0.4648148148148148 0.7098958333333333 0.46296296296296297 0.7088541666666667 0.44074074074074077 0.7088541666666667 0.4305555555555556 0.7109375 0.4212962962962963 0.7130208333333333 0.41944444444444445
3 0.6182291666666667 0.45185185185185184 0.6229166666666667 0.462037037037037 0.6239583333333333 0.4703703703703704 0.6197916666666666 0.5055555555555555 0.6177083333333333 0.49722222222222223 0.6130208333333333 0.49074074074074076 0.6140625 0.47685185185185186 0.6119791666666666 0.4638888888888889 0.6130208333333333 0.4527777777777778 0.6151041666666667 0.45 0.6177083333333333 0.45185185185185184
3 0.5114583333333333 0.42592592592592593 0.5119791666666667 0.44722222222222224 0.5083333333333333 0.44351851851851853 0.5057291666666667 0.44814814814814813 0.5052083333333334 0.4666666666666667 0.5020833333333333 0.475 0.4984375 0.4722222222222222 0.5010416666666667 0.4601851851851852 0.5005208333333333 0.4324074074074074 0.5046875 0.42314814814814816 0.5109375 0.42592592592592593
3 0.6140625 0.4222222222222222 0.6177083333333333 0.4287037037037037 0.6182291666666667 0.43703703703703706 0.6171875 0.44814814814814813 0.6125 0.45555555555555555 0.6088541666666667 0.43148148148148147 0.6114583333333333 0.42314814814814816 0.6135416666666667 0.4222222222222222
3 0.5885416666666666 0.4759259259259259 0.5901041666666667 0.48148148148148145 0.5833333333333334 0.5046296296296297 0.58125 0.5444444444444444 0.578125 0.5435185185185185 0.5776041666666667 0.5277777777777778 0.5734375 0.5314814814814814 0.5708333333333333 0.5435185185185185 0.5677083333333334 0.5444444444444444 0.5677083333333334 0.5407407407407407 0.5723958333333333 0.5222222222222223 0.5723958333333333 0.5027777777777778 0.5833333333333334 0.48333333333333334 0.5848958333333333 0.47685185185185186 0.5880208333333333 0.4759259259259259
2 0.26875 0.5537037037037037 0.27447916666666666 0.5601851851851852 0.28020833333333334 0.5731481481481482 0.278125 0.5907407407407408 0.2708333333333333 0.6074074074074074 0.275 0.6222222222222222 0.27395833333333336 0.6296296296296297 0.2630208333333333 0.6296296296296297 0.2552083333333333 0.6240740740740741 0.24739583333333334 0.6259259259259259 0.24791666666666667 0.6203703703703703 0.2546875 0.6111111111111112 0.2557291666666667 0.5962962962962963 0.26458333333333334 0.5787037037037037 0.2682291666666667 0.5546296296296296
2 0.6890625 0.44212962962962965 0.011458333333333333 0.023148148148148147
1 0.6464270833333334 0.5403703703703704 0.005151041666666667 0.007953703703703704
0 0.26634375 0.509 0.018302083333333333 0.08662962962962963
0 0.7711145833333333 0.44105555555555553 0.012729166666666668 0.05325