3 0.5098958333333333 0.42777777777777776 0.5130208333333334 0.4388888888888889 0.5119791666666667 0.46111111111111114 0.5161458333333333 0.47685185185185186 0.5151041666666667 0.4787037037037037 0.5114583333333333 0.4675925925925926 0.5078125 0.4638888888888889 0.5052083333333334 0.4675925925925926 0.5046875 0.4777777777777778 0.503125 0.47962962962962963 0.5015625 0.47962962962962963 0.5026041666666666 0.4361111111111111 0.5046875 0.42962962962962964 0.509375 0.42777777777777776
3 0.5083333333333333 0.4083333333333333 0.5114583333333333 0.40925925925925927 0.5130208333333334 0.41759259259259257 0.5119791666666667 0.43703703703703706 0.5083333333333333 0.4324074074074074 0.5067708333333333 0.4287037037037037 0.5067708333333333 0.412962962962963 0.5083333333333333 0.40925925925925927
3 0.5317708333333333 0.4222222222222222 0.5333333333333333 0.42685185185185187 0.5328125 0.45925925925925926 0.5270833333333333 0.4564814814814815 0.5244791666666667 0.43425925925925923 0.528125 0.4203703703703704 0.5296875 0.4185185185185185 0.53125 0.4222222222222222
3 0.6348958333333333 0.40555555555555556 0.6380208333333334 0.41388888888888886 0.6369791666666667 0.42592592592592593 0.6333333333333333 0.425 0.6317708333333333 0.4212962962962963 0.6317708333333333 0.4083333333333333 0.634375 0.40555555555555556
3 0.5984375 0.4222222222222222 0.6015625 0.42962962962962964 0.6010416666666667 0.46574074074074073 0.596875 0.46574074074074073 0.5953125 0.45185185185185184 0.5963541666666666 0.425 0.5979166666666667 0.42314814814814816
3 0.634375 0.4074074074074074 0.6380208333333334 0.425 0.6380208333333334 0.4351851851851852 0.634375 0.4388888888888889 0.6317708333333333 0.43425925925925923 0.6338541666666667 0.4074074074074074
3 0.6380208333333334 0.43425925925925923 0.6421875 0.47314814814814815 0.6401041666666667 0.47685185185185186 0.6364583333333333 0.46574074074074073 0.6302083333333334 0.4787037037037037 0.6286458333333333 0.4759259259259259 0.6317708333333333 0.46111111111111114 0.63125 0.44814814814814813 0.6333333333333333 0.43703703703703706 0.6364583333333333 0.4324074074074074 0.6375 0.43425925925925923
3 0.6265625 0.44537037037037036 0.6276041666666666 0.45555555555555555 0.6260416666666667 0.475 0.6296875 0.475 0.6302083333333334 0.48055555555555557 0.6265625 0.47685185185185186 0.6229166666666667 0.4824074074074074 0.6229166666666667 0.4898148148148148 0.6192708333333333 0.4787037037037037 0.6192708333333333 0.44074074074074077 0.6229166666666667 0.43796296296296294 0.6260416666666667 0.44537037037037036
3 0.6541666666666667 0.4148148148148148 0.6583333333333333 0.43796296296296294 0.6572916666666667 0.4527777777777778 0.6588541666666666 0.4666666666666667 0.6541666666666667 0.46296296296296297 0.6520833333333333 0.4685185185185185 0.6494791666666667 0.4675925925925926 0.6520833333333333 0.4425925925925926 0.6510416666666666 0.42592592592592593 0.6536458333333334 0.41574074074074074
3 0.6161458333333333 0.4111111111111111 0.6197916666666666 0.412962962962963 0.6234375 0.425 0.6229166666666667 0.43796296296296294 0.6197916666666666 0.4398148148148148 0.6171875 0.43425925925925923 0.6161458333333333 0.41203703703703703
2 0.23645833333333333 0.5101851851851852 0.24270833333333333 0.5111111111111111 0.24479166666666666 0.524074074074074 0.2515625 0.5416666666666666 0.2515625 0.5462962962962963 0.24895833333333334 0.5509259259259259 0.2515625 0.575 0.25052083333333336 0.6064814814814815 0.2546875 0.6157407407407407 0.25364583333333335 0.6194444444444445 0.246875 0.6203703703703703 0.24010416666666667 0.612037037037037 0.2390625 0.5842592592592593 0.23385416666666667 0.5444444444444444 0.23385416666666667 0.5287037037037037 0.2359375 0.524074074074074 0.23645833333333333 0.5111111111111111
2 0.6734375 0.4393518518518518 0.0125 0.026851851851851852
0 0.3307395833333333 0.4936851851851851 0.017291666666666667 0.08317592592592593
0 0.7457499999999999 0.43807407407407406 0.011114583333333334 0.04750925925925926