3 0.7828125 0.4601851851851852 0.7755208333333333 0.44537037037037036 0.7770833333333333 0.4287037037037037 0.7791666666666667 0.42685185185185187 0.7807291666666667 0.42962962962962964 0.7848958333333333 0.4388888888888889 0.7828125 0.45925925925925926
3 0.6057291666666667 0.4083333333333333 0.6083333333333333 0.412962962962963 0.609375 0.42962962962962964 0.60625 0.4425925925925926 0.6015625 0.4425925925925926 0.6015625 0.42777777777777776 0.6057291666666667 0.40925925925925927
3 0.4828125 0.41944444444444445 0.4864583333333333 0.42777777777777776 0.4875 0.44722222222222224 0.4875 0.4601851851851852 0.484375 0.46111111111111114 0.48072916666666665 0.46111111111111114 0.48125 0.45185185185185184 0.4786458333333333 0.43703703703703706 0.4791666666666667 0.42314814814814816 0.48072916666666665 0.41759259259259257 0.4822916666666667 0.41944444444444445
3 0.7515625 0.44814814814814813 0.7546875 0.44907407407407407 0.759375 0.45925925925925926 0.7604166666666666 0.4787037037037037 0.7651041666666667 0.4935185185185185 0.7598958333333333 0.4962962962962963 0.7552083333333334 0.4935185185185185 0.7494791666666667 0.4666666666666667 0.7515625 0.44907407407407407
3 0.5796875 0.4564814814814815 0.5822916666666667 0.45555555555555555 0.5848958333333333 0.45925925925925926 0.5869791666666667 0.4740740740740741 0.5859375 0.5268518518518519 0.5822916666666667 0.5268518518518519 0.58125 0.512962962962963 0.5802083333333333 0.5277777777777778 0.5776041666666667 0.5296296296296297 0.5760416666666667 0.47129629629629627 0.5791666666666667 0.4648148148148148 0.5796875 0.45740740740740743
3 0.5255208333333333 0.43425925925925923 0.5260416666666666 0.4666666666666667 0.5244791666666667 0.49537037037037035 0.5223958333333333 0.49907407407407406 0.5177083333333333 0.46296296296296297 0.5203125 0.43796296296296294 0.525 0.43425925925925923
3 0.7755208333333333 0.44537037037037036 0.7833333333333333 0.4638888888888889 0.7859375 0.48055555555555557 0.78125 0.48055555555555557 0.775 0.4703703703703704 0.7703125 0.45555555555555555 0.7708333333333334 0.45 0.775 0.4462962962962963
3 0.5953125 0.42685185185185187 0.5973958333333333 0.42962962962962964 0.5984375 0.45925925925925926 0.5984375 0.4685185185185185 0.5953125 0.48148148148148145 0.5916666666666667 0.48055555555555557 0.5916666666666667 0.46944444444444444 0.5895833333333333 0.46296296296296297 0.590625 0.44351851851851853 0.5947916666666667 0.42777777777777776
3 0.58125 0.4074074074074074 0.5854166666666667 0.42407407407407405 0.5838541666666667 0.4425925925925926 0.5822916666666667 0.44722222222222224 0.5802083333333333 0.4462962962962963 0.5791666666666667 0.425 0.58125 0.4083333333333333
2 0.240625 0.5574074074074075 0.24322916666666666 0.5611111111111111 0.2526041666666667 0.6074074074074074 0.25885416666666666 0.6194444444444445 0.25677083333333334 0.6268518518518519 0.24791666666666667 0.6296296296296297 0.24114583333333334 0.6296296296296297 0.2390625 0.6194444444444445 0.23385416666666667 0.6157407407407407 0.23125 0.6055555555555555 0.23125 0.5962962962962963 0.23541666666666666 0.5740740740740741 0.23541666666666666 0.5611111111111111 0.24010416666666667 0.5574074074074075
2 0.6755208333333333 0.44907407407407407 0.6854166666666667 0.4324074074074074 0.6890625 0.43148148148148147 0.6916666666666667 0.4388888888888889 0.6895833333333333 0.4527777777777778 0.6760416666666667 0.45
3 0.5948229166666666 0.45711111111111113 0.02071354166666667 0.061287037037037036
0 0.5552760416666668 0.5828611111111112 0.03210416666666667 0.15000925925925926
0 0.6555156249999999 0.41862962962962963 0.011942708333333333 0.0427037037037037