3 0.6265625 0.412962962962963 0.6286458333333333 0.4398148148148148 0.6265625 0.4527777777777778 0.6244791666666667 0.4537037037037037 0.6213541666666667 0.4527777777777778 0.6213541666666667 0.42407407407407405 0.6234375 0.41388888888888886 0.6260416666666667 0.412962962962963
3 0.7078125 0.44537037037037036 0.7166666666666667 0.46296296296296297 0.7166666666666667 0.4666666666666667 0.7125 0.4685185185185185 0.7109375 0.4759259259259259 0.7125 0.48703703703703705 0.70625 0.49722222222222223 0.7046875 0.49537037037037035 0.7046875 0.4703703703703704 0.7005208333333334 0.46296296296296297 0.7005208333333334 0.45925925925925926 0.7046875 0.44722222222222224 0.7072916666666667 0.44537037037037036
3 0.5984375 0.43148148148148147 0.6020833333333333 0.43148148148148147 0.6036458333333333 0.44074074074074077 0.6036458333333333 0.4462962962962963 0.6 0.4537037037037037 0.6 0.47314814814814815 0.6020833333333333 0.4824074074074074 0.5989583333333334 0.4787037037037037 0.5953125 0.4648148148148148 0.5942708333333333 0.45185185185185184 0.5984375 0.4324074074074074
3 0.5796875 0.4462962962962963 0.5817708333333333 0.44907407407407407 0.5802083333333333 0.4666666666666667 0.5854166666666667 0.47314814814814815 0.5802083333333333 0.47685185185185186 0.5828125 0.48703703703703705 0.5817708333333333 0.5138888888888888 0.5744791666666667 0.5064814814814815 0.5708333333333333 0.4842592592592593 0.5723958333333333 0.46296296296296297 0.5765625 0.44722222222222224 0.5791666666666667 0.4462962962962963
3 0.4109375 0.45092592592592595 0.41302083333333334 0.45555555555555555 0.4125 0.487962962962963 0.415625 0.4981481481481482 0.415625 0.5027777777777778 0.4119791666666667 0.5111111111111111 0.4125 0.5194444444444445 0.40572916666666664 0.5194444444444445 0.40729166666666666 0.5046296296296297 0.4041666666666667 0.4935185185185185 0.4036458333333333 0.48148148148148145 0.4041666666666667 0.46944444444444444 0.4078125 0.45925925925925926 0.4078125 0.4527777777777778 0.41041666666666665 0.45185185185185184
3 0.478125 0.48055555555555557 0.47760416666666666 0.4842592592592593 0.4744791666666667 0.4861111111111111 0.4791666666666667 0.5185185185185185 0.478125 0.5212962962962963 0.475 0.5194444444444445 0.4744791666666667 0.5101851851851852 0.4703125 0.5018518518518519 0.4666666666666667 0.5175925925925926 0.46510416666666665 0.5111111111111111 0.4661458333333333 0.49907407407407406 0.4625 0.48055555555555557 0.4625 0.47129629629629627 0.46875 0.4601851851851852 0.4703125 0.45 0.4739583333333333 0.45185185185185184 0.4739583333333333 0.4675925925925926 0.47760416666666666 0.48055555555555557
3 0.7322916666666667 0.4722222222222222 0.7401041666666667 0.48148148148148145 0.740625 0.49444444444444446 0.7307291666666667 0.5296296296296297 0.7276041666666667 0.5351851851851852 0.725 0.5333333333333333 0.728125 0.5222222222222223 0.7265625 0.48703703703703705 0.7291666666666666 0.4740740740740741 0.7317708333333334 0.4722222222222222
3 0.6026041666666667 0.44351851851851853 0.6057291666666667 0.4444444444444444 0.6088541666666667 0.45092592592592595 0.6125 0.48518518518518516 0.6125 0.49074074074074076 0.6109375 0.49074074074074076 0.6015625 0.4842592592592593 0.5989583333333334 0.45555555555555555 0.6026041666666667 0.4444444444444444
3 0.5395833333333333 0.4824074074074074 0.5416666666666666 0.48703703703703705 0.5411458333333333 0.5685185185185185 0.5442708333333334 0.5740740740740741 0.5416666666666666 0.5768518518518518 0.5364583333333334 0.5740740740740741 0.5375 0.5527777777777778 0.534375 0.549074074074074 0.5307291666666667 0.5537037037037037 0.5307291666666667 0.5703703703703704 0.5291666666666667 0.5731481481481482 0.5265625 0.5712962962962963 0.5291666666666667 0.5472222222222223 0.5302083333333333 0.5009259259259259 0.534375 0.49444444444444446 0.5359375 0.48333333333333334 0.5390625 0.48333333333333334
3 0.6401041666666667 0.4388888888888889 0.64375 0.4388888888888889 0.6447916666666667 0.45092592592592595 0.64375 0.48333333333333334 0.640625 0.4861111111111111 0.6395833333333333 0.48055555555555557 0.6364583333333333 0.4777777777777778 0.6333333333333333 0.4861111111111111 0.634375 0.4546296296296296 0.6401041666666667 0.4398148148148148
2 0.6817708333333333 0.42777777777777776 0.6854166666666667 0.43796296296296294 0.6848958333333334 0.45092592592592595 0.6802083333333333 0.4527777777777778 0.6729166666666667 0.44907407407407407 0.6760416666666667 0.4351851851851852 0.68125 0.4287037037037037
2 0.2609375 0.5481481481481482 0.2625 0.5527777777777778 0.26197916666666665 0.5907407407407408 0.26875 0.6055555555555555 0.26875 0.6166666666666667 0.265625 0.6212962962962963 0.2484375 0.6212962962962963 0.2453125 0.6111111111111112 0.25052083333333336 0.5722222222222222 0.25364583333333335 0.562962962962963 0.253125 0.5509259259259259 0.2552083333333333 0.5472222222222223 0.2604166666666667 0.5481481481481482
1 0.7419843749999999 0.5374259259259259 0.011052083333333332 0.021046296296296296
0 0.26887500000000003 0.5166203703703705 0.02168229166666667 0.09585185185185185
0 0.75190625 0.44255555555555554 0.01609375 0.05587962962962963