2 0.25885416666666666 0.5472222222222223 0.26197916666666665 0.5509259259259259 0.26510416666666664 0.587037037037037 0.271875 0.6027777777777777 0.27239583333333334 0.6129629629629629 0.253125 0.6194444444444445 0.2484375 0.6166666666666667 0.24739583333333334 0.5824074074074074 0.25416666666666665 0.562037037037037 0.2546875 0.55 0.25833333333333336 0.5472222222222223
0 0.17375520833333333 0.5252222222222223 0.021619791666666666 0.09958333333333333
0 0.7051093749999999 0.4468611111111111 0.016666666666666666 0.07619444444444445
2 0.675484375 0.4352685185185185 0.012932291666666667 0.033962962962962966
3 0.7225885416666666 0.48842592592592593 0.017859375 0.07562037037037037
3 0.5799895833333333 0.49504629629629626 0.04053125 0.11339814814814815
1 0.5298072916666666 0.46187962962962964 0.0025208333333333333 0.003722222222222222
3 0.5258125 0.44412962962962965 0.02705208333333333 0.053592592592592594
3 0.494671875 0.45855555555555555 0.013802083333333333 0.054175925925925926
3 0.48366145833333335 0.4625833333333333 0.019265625 0.07047222222222223
3 0.4481354166666666 0.49792592592592594 0.03756770833333333 0.11761111111111111
3 0.40059374999999997 0.44946296296296295 0.028255208333333334 0.07742592592592593
3 0.3433333333333334 0.4705925925925926 0.020442708333333334 0.08244444444444445
3 0.358375 0.5580648148148148 0.02559895833333333 0.1255925925925926
3 0.3717552083333333 0.6105092592592593 0.03740104166666667 0.15366666666666667