1 0.2075 0.6346481481481481 0.0029166666666666664 0.006453703703703704
2 0.25004166666666666 0.6138796296296296 0.028604166666666667 0.06663888888888889
3 0.23052604166666668 0.5563425925925927 0.04495833333333333 0.09822222222222222
3 0.30790104166666665 0.5648148148148148 0.057005208333333335 0.09911111111111112
3 0.3021822916666667 0.6146388888888888 0.06824479166666667 0.13791666666666666
0 0.131078125 0.5636851851851852 0.04272916666666667 0.13322222222222221
3 0.42016145833333335 0.53 0.03802083333333333 0.14318518518518517
3 0.45417708333333334 0.5998611111111112 0.06030729166666667 0.14457407407407405
3 0.47211458333333334 0.5055925925925926 0.05102604166666667 0.10165740740740742
3 0.5004635416666666 0.48100000000000004 0.018572916666666665 0.08897222222222223
3 0.5146354166666667 0.494037037037037 0.03870833333333333 0.09210185185185185
3 0.5825677083333333 0.5180092592592593 0.029130208333333334 0.10461111111111111
3 0.5624322916666666 0.5386018518518519 0.04516145833333333 0.11973148148148148
0 0.7009166666666666 0.4711574074074074 0.025354166666666667 0.07222222222222222
2 0.677671875 0.44034259259259256 0.01728645833333333 0.03414814814814815