1 0.807865 0.499750 0.015703 0.034972
3 0.657328 0.577065 0.038656 0.139370
3 0.751563 0.469981 0.007833 0.021898
1 0.230973 0.611842 0.051797 0.178571
0 0.568182 0.513158 0.036998 0.090226
0 0.668605 0.513158 0.022199 0.078947
0 0.708774 0.492481 0.024313 0.056391
0 0.844609 0.484023 0.027484 0.054511
0 0.797569 0.486842 0.020085 0.052632
0 0.778013 0.480263 0.010571 0.039474
0 0.778013 0.505639 0.021142 0.056391
0 0.768499 0.487782 0.014799 0.050752
0 0.752114 0.500000 0.024313 0.063910
0 0.838795 0.548872 0.051797 0.116541
