1 0.816469 0.497324 0.016578 0.027870
3 0.267969 0.744907 0.068229 0.302778
3 0.749641 0.487352 0.014078 0.053667
2 0.642857 0.567524 0.009042 0.012862
0 0.712929 0.488746 0.022604 0.054662
0 0.673146 0.495177 0.020796 0.064309
0 0.766727 0.500804 0.037975 0.075563
0 0.793400 0.512058 0.028029 0.085209
0 0.704340 0.541801 0.052441 0.109325
0 0.655967 0.516881 0.031646 0.065916
0 0.670886 0.583601 0.083183 0.128617
0 0.463834 0.551447 0.059675 0.128617
0 0.871609 0.545016 0.047016 0.122186
1 0.246835 0.640675 0.077758 0.127010
0 0.731013 0.502412 0.020796 0.081994
