2 0.914094 0.537611 0.004870 0.010537
0 0.932927 0.500741 0.023068 0.053426
3 0.188542 0.725926 0.066667 0.296296
3 0.757307 0.488602 0.011240 0.056185
0 0.944846 0.536977 0.048825 0.118971
0 0.898282 0.537781 0.031646 0.104502
0 0.875226 0.532154 0.039783 0.064309
0 0.865280 0.639871 0.063291 0.215434
0 0.763110 0.624598 0.095841 0.188103
0 0.741863 0.496785 0.029837 0.070740
0 0.672242 0.519293 0.047920 0.096463
0 0.582731 0.554662 0.029837 0.115756
0 0.534810 0.549035 0.029837 0.130225
1 0.809675 0.495177 0.022604 0.048232
1 0.254973 0.649518 0.072333 0.144695
