3 0.181302 0.779759 0.097719 0.357583
1 0.243552 0.658287 0.058531 0.159611
0 0.390443 0.509861 0.016172 0.040065
0 0.394833 0.549139 0.031833 0.091898
0 0.450286 0.558759 0.039599 0.118833
0 0.436214 0.570074 0.050422 0.127889
0 0.401583 0.602102 0.072828 0.143509
0 0.563156 0.526954 0.046094 0.097333
0 0.594286 0.501491 0.020755 0.066778
0 0.669094 0.530574 0.028776 0.104574
0 0.963531 0.506750 0.019464 0.098389
0 0.889172 0.503694 0.036385 0.074639
0 0.914490 0.537620 0.045802 0.099065
3 0.706667 0.494306 0.017177 0.065361
1 0.812901 0.493741 0.015901 0.035731
