1 0.215495 0.619796 0.055990 0.200231
2 0.798531 0.528287 0.004063 0.010833
1 0.821260 0.499620 0.013464 0.029352
0 0.680302 0.513389 0.022604 0.099333
0 0.751417 0.508426 0.035302 0.074046
0 0.774146 0.496231 0.011682 0.053278
0 0.832943 0.536417 0.030734 0.093019
0 0.826344 0.491037 0.022604 0.041991
0 0.874667 0.515537 0.017964 0.071370
0 0.862010 0.492389 0.013380 0.061509
0 0.848625 0.484028 0.014344 0.052935
0 0.837536 0.482102 0.012417 0.046509
0 0.836521 0.503611 0.027406 0.039296
3 0.625286 0.585954 0.041141 0.163981
3 0.775344 0.470861 0.008245 0.021991
