1 0.209672 0.619722 0.044766 0.189343
3 0.409823 0.558889 0.047849 0.106111
0 0.614938 0.528667 0.029943 0.101093
2 0.793703 0.549546 0.004599 0.008176
3 0.720516 0.477398 0.009740 0.019722
0 0.709693 0.485574 0.022188 0.045694
0 0.719839 0.534639 0.048974 0.101491
0 0.751229 0.507944 0.022458 0.071185
0 0.777745 0.494954 0.021917 0.065417
0 0.798443 0.512750 0.027599 0.064454
1 0.815078 0.501926 0.017047 0.033185
0 0.880964 0.516361 0.026516 0.066861
0 0.917760 0.504574 0.030302 0.076963
0 0.867993 0.501608 0.018083 0.086817
0 0.864376 0.511254 0.025316 0.080386
