3 0.039062 0.852074 0.064734 0.295852
0 0.232552 0.559009 0.042672 0.127583
1 0.228422 0.670593 0.054104 0.117722
0 0.599271 0.772056 0.116573 0.339556
0 0.783057 0.560491 0.024250 0.064935
0 0.755531 0.536528 0.021229 0.061426
0 0.756052 0.645500 0.047245 0.237926
0 0.649177 0.550870 0.048286 0.111194
0 0.693146 0.512472 0.033198 0.083250
3 0.724625 0.491204 0.016859 0.062907
0 0.740339 0.507111 0.024146 0.068083
0 0.892484 0.560944 0.049120 0.138019
0 0.828589 0.534306 0.041208 0.115074
1 0.813865 0.495639 0.019875 0.045139
