1 0.298682 0.611491 0.041677 0.174713
1 0.803776 0.502130 0.010172 0.026519
0 0.703917 0.498509 0.016953 0.013861
0 0.707562 0.481787 0.011359 0.029843
0 0.664672 0.489324 0.013734 0.050935
0 0.692984 0.521269 0.021193 0.087102
0 0.736385 0.496102 0.015766 0.065704
0 0.786651 0.487065 0.010849 0.054250
0 0.797417 0.501380 0.011698 0.066611
0 0.820219 0.512074 0.011870 0.086204
0 0.793943 0.469583 0.005427 0.015676
0 0.622354 0.505889 0.015833 0.077157
3 0.716849 0.566398 0.034135 0.143046
3 0.729776 0.473972 0.010240 0.036843
