1 0.244172 0.656528 0.067214 0.156083
3 0.493552 0.725306 0.070438 0.335981
0 0.640854 0.530167 0.067068 0.107972
3 0.763307 0.486074 0.014021 0.055389
0 0.735307 0.492269 0.016563 0.072148
0 0.749656 0.490296 0.012792 0.069083
1 0.819057 0.497509 0.010411 0.037167
0 0.779005 0.494667 0.013443 0.046352
0 0.783062 0.566009 0.043698 0.131898
2 0.941703 0.546556 0.003854 0.008454
0 0.827047 0.505889 0.014427 0.061796
0 0.874271 0.555083 0.032792 0.129278
0 0.898865 0.505241 0.019349 0.069815
0 0.945677 0.493722 0.006396 0.026093
0 0.941417 0.515731 0.026401 0.077102
