2 0.605932 0.614657 0.004823 0.011880
3 0.179156 0.558324 0.028495 0.090537
1 0.207047 0.627843 0.045469 0.173528
0 0.533531 0.543769 0.040016 0.134731
0 0.575667 0.581491 0.066083 0.149824
0 0.726932 0.676880 0.088516 0.230657
0 0.603932 0.500139 0.016146 0.066306
3 0.709344 0.476685 0.012281 0.041241
0 0.701500 0.512269 0.025698 0.089759
0 0.716849 0.496296 0.013646 0.068333
0 0.730385 0.488213 0.017969 0.037602
0 0.730156 0.537537 0.036161 0.082074
0 0.921651 0.507935 0.025385 0.073991
0 0.868380 0.500722 0.022474 0.075102
1 0.809693 0.497204 0.017479 0.036991
