0 0.067141 0.667917 0.069990 0.220630
1 0.234719 0.637898 0.043474 0.096472
0 0.225005 0.600630 0.052724 0.117306
0 0.262854 0.632417 0.042703 0.171019
3 0.152370 0.818185 0.089490 0.363630
0 0.303646 0.575380 0.039557 0.078315
0 0.323339 0.599000 0.048156 0.162722
0 0.357448 0.613083 0.060854 0.169315
0 0.439818 0.544222 0.054568 0.103389
0 0.543344 0.572083 0.052073 0.167407
0 0.695234 0.502296 0.015771 0.062778
0 0.701646 0.552361 0.025135 0.131796
3 0.655036 0.499491 0.019031 0.066935
1 0.818182 0.495301 0.019027 0.039474
