1 0.815646 0.495222 0.013365 0.038935
2 0.599068 0.519472 0.002599 0.008907
3 0.165104 0.800926 0.086458 0.338889
3 0.734214 0.484046 0.011990 0.054083
0 0.599085 0.494580 0.021341 0.073171
0 0.645579 0.502710 0.028963 0.073171
0 0.628049 0.532520 0.048780 0.105691
0 0.800305 0.476965 0.015244 0.027100
0 0.804116 0.525745 0.032012 0.086721
0 0.437500 0.552846 0.027439 0.124661
0 0.458079 0.559621 0.025915 0.127371
0 0.527439 0.589431 0.045732 0.149051
0 0.561738 0.601626 0.041159 0.184282
1 0.237043 0.647696 0.053354 0.130081
0 0.956555 0.525745 0.028963 0.102981
