0 0.112104 0.697972 0.102182 0.254852
1 0.219495 0.652556 0.052083 0.158731
3 0.317958 0.748676 0.078375 0.342148
0 0.412448 0.586204 0.074901 0.192685
0 0.598500 0.530343 0.041036 0.098296
0 0.572745 0.602259 0.039938 0.147380
0 0.674656 0.506148 0.011557 0.073741
0 0.662464 0.546111 0.028453 0.140120
0 0.701505 0.568435 0.058979 0.149380
3 0.724750 0.493148 0.018771 0.070537
0 0.780958 0.536611 0.053036 0.104731
2 0.876214 0.556620 0.007000 0.012713
0 0.862177 0.522991 0.034781 0.086852
0 0.843146 0.560593 0.054370 0.135046
1 0.817677 0.496509 0.016833 0.035481
