2 0.220615 0.635194 0.005646 0.014259
0 0.211552 0.577083 0.017234 0.108287
3 0.205167 0.593194 0.040708 0.138398
1 0.231313 0.608250 0.028823 0.152657
0 0.343031 0.557546 0.023474 0.105120
0 0.336198 0.623574 0.043677 0.166389
0 0.419693 0.563093 0.054375 0.128889
0 0.420286 0.589769 0.060318 0.155824
0 0.503630 0.516870 0.032682 0.077648
0 0.612391 0.525528 0.032672 0.105565
3 0.695792 0.480787 0.018380 0.040926
0 0.693943 0.497546 0.032495 0.065019
1 0.809885 0.496157 0.013531 0.037176
0 0.812271 0.508454 0.027833 0.078731
0 0.908068 0.518435 0.022297 0.094861
