2 0.167495 0.892287 0.009240 0.017926
0 0.139417 0.656713 0.041240 0.240361
1 0.216391 0.666500 0.030698 0.117472
0 0.183703 0.776065 0.073578 0.338250
0 0.270635 0.725657 0.095604 0.214111
0 0.246797 0.599481 0.032135 0.117630
0 0.278979 0.627037 0.059229 0.109861
0 0.311682 0.584861 0.042687 0.136056
0 0.372193 0.582583 0.041068 0.150759
0 0.487885 0.536333 0.038245 0.110037
0 0.620990 0.614167 0.070453 0.230815
0 0.892615 0.543426 0.050203 0.138565
3 0.700901 0.496898 0.022969 0.084343
1 0.807396 0.494889 0.021339 0.045519
