1 0.204563 0.625981 0.048318 0.174259
3 0.254266 0.575620 0.029547 0.143981
2 0.810698 0.680231 0.005182 0.009917
1 0.809792 0.498574 0.016391 0.042185
3 0.723932 0.463787 0.007094 0.021306
0 0.563302 0.515083 0.031156 0.077963
0 0.629250 0.521593 0.044849 0.085815
0 0.726734 0.514296 0.038859 0.083991
0 0.748901 0.493750 0.016776 0.063602
0 0.833823 0.548231 0.050479 0.083213
0 0.828542 0.653472 0.058281 0.200694
0 0.867240 0.504120 0.021120 0.071278
0 0.889120 0.506435 0.026932 0.072093
0 0.915823 0.535407 0.050958 0.081620
