1 0.217016 0.653000 0.041292 0.127926
1 0.826818 0.497833 0.013990 0.036426
2 0.912531 0.540926 0.002833 0.006250
0 0.912365 0.509194 0.022896 0.084231
0 0.887625 0.507880 0.017964 0.070722
0 0.867792 0.536898 0.025984 0.098306
3 0.751062 0.486028 0.016052 0.053472
0 0.688120 0.527731 0.041245 0.120917
0 0.486839 0.545000 0.046172 0.109417
0 0.538536 0.546676 0.026099 0.120787
3 0.523224 0.619731 0.049688 0.194843
0 0.815522 0.500000 0.010178 0.063348
0 0.809160 0.501131 0.010178 0.065611
0 0.795802 0.503394 0.019084 0.083710
0 0.828880 0.559955 0.036896 0.128959
