2 0.153578 0.598963 0.002880 0.006574
0 0.157776 0.568111 0.025062 0.088194
0 0.172781 0.590046 0.022672 0.122519
1 0.195115 0.611370 0.043984 0.138963
3 0.218938 0.595917 0.042021 0.146537
0 0.249021 0.590880 0.021500 0.155907
0 0.263521 0.600657 0.043677 0.160306
0 0.331130 0.634250 0.074646 0.195343
0 0.387260 0.540787 0.031167 0.108806
0 0.511505 0.542713 0.057995 0.142602
0 0.643750 0.507065 0.034687 0.100204
0 0.759734 0.516935 0.021573 0.090778
0 0.743620 0.562176 0.033448 0.141620
3 0.682781 0.492806 0.018422 0.059750
1 0.812734 0.500269 0.020927 0.038491
