1 0.220115 0.644843 0.060766 0.156528
3 0.574776 0.645944 0.076635 0.240741
3 0.739672 0.488741 0.020573 0.057435
1 0.815750 0.497343 0.020620 0.037231
0 0.781234 0.494620 0.014901 0.066157
0 0.759724 0.499852 0.021188 0.084343
0 0.815672 0.561491 0.048109 0.126102
0 0.695099 0.495713 0.022130 0.059537
0 0.710260 0.502565 0.033292 0.086231
0 0.604271 0.543009 0.048495 0.084685
0 0.633323 0.509407 0.018745 0.073102
0 0.662339 0.521204 0.020865 0.080204
0 0.654854 0.551389 0.030365 0.118833
0 0.618321 0.529412 0.027990 0.076923
