1 0.235937 0.644907 0.053125 0.160185
1 0.816589 0.498824 0.020760 0.044046
3 0.725818 0.480815 0.013339 0.045824
3 0.406661 0.690000 0.080521 0.292361
2 0.467990 0.554185 0.002656 0.007417
0 0.447281 0.521074 0.019495 0.069583
0 0.463667 0.538676 0.016307 0.084556
0 0.593781 0.562593 0.063365 0.136509
0 0.638135 0.528139 0.047714 0.110000
0 0.680536 0.496944 0.031714 0.063639
0 0.694094 0.513287 0.029479 0.072491
0 0.727396 0.538944 0.053583 0.103167
0 0.757104 0.509093 0.021042 0.078852
0 0.768271 0.493907 0.016188 0.061444
0 0.854531 0.548537 0.035802 0.128167
