2 0.682505 0.584176 0.006698 0.014556
3 0.072057 0.778889 0.092672 0.346500
1 0.244375 0.667204 0.063318 0.133676
0 0.287740 0.602120 0.061010 0.165333
0 0.392083 0.587231 0.061536 0.139491
0 0.511036 0.517389 0.031797 0.071778
0 0.613745 0.524611 0.023104 0.089870
0 0.592813 0.555111 0.030651 0.114278
0 0.593328 0.646509 0.054328 0.161648
0 0.663958 0.510250 0.037135 0.082056
0 0.687036 0.607991 0.059422 0.162463
0 0.919620 0.529963 0.040286 0.112157
0 0.867307 0.568972 0.049969 0.156296
1 0.809214 0.494157 0.014365 0.031648
3 0.753620 0.490824 0.022484 0.061630
