3 0.140995 0.819000 0.098958 0.361991
1 0.245286 0.641537 0.064979 0.120815
1 0.814609 0.499556 0.026536 0.043213
3 0.652031 0.489861 0.021328 0.066139
0 0.311385 0.557537 0.037948 0.130074
0 0.357885 0.548278 0.028276 0.116843
0 0.391615 0.620815 0.045141 0.179898
0 0.449651 0.576722 0.054068 0.141093
0 0.520583 0.656083 0.064979 0.188713
0 0.511781 0.518519 0.028026 0.070546
0 0.539682 0.517417 0.039682 0.077157
0 0.683781 0.553574 0.040177 0.126546
0 0.715370 0.510213 0.028490 0.081593
0 0.824047 0.583602 0.051172 0.131769
