1 0.224609 0.381370 0.029948 0.093750
3 0.181599 0.268491 0.031844 0.088222
3 0.754453 0.256981 0.016948 0.060259
1 0.690803 0.236842 0.017970 0.048872
0 0.643763 0.226504 0.025370 0.065789
0 0.541226 0.197368 0.014799 0.056391
0 0.569767 0.220865 0.023256 0.054511
0 0.673890 0.312030 0.041226 0.093985
0 0.512685 0.238722 0.031712 0.067669
0 0.504757 0.303571 0.028541 0.118421
0 0.437104 0.222744 0.026427 0.073308
0 0.396406 0.212406 0.025370 0.071429
0 0.342495 0.282895 0.038055 0.095865
0 0.412791 0.292293 0.036998 0.114662
