3 0.459177 0.219037 0.020052 0.072769
2 0.757104 0.307333 0.004198 0.005083
3 0.811547 0.280380 0.012396 0.058991
0 0.750047 0.286315 0.025172 0.066111
1 0.699698 0.243426 0.019073 0.037296
0 0.712859 0.250880 0.009536 0.049500
0 0.723443 0.267157 0.025745 0.045426
0 0.677099 0.227148 0.012016 0.046111
0 0.652786 0.221556 0.014495 0.033565
0 0.641724 0.226639 0.016781 0.051870
0 0.605969 0.224778 0.018115 0.063056
0 0.661271 0.257833 0.031849 0.055944
0 0.673286 0.312417 0.027271 0.076963
0 0.561344 0.233426 0.022693 0.076278
1 0.240506 0.356913 0.043400 0.135048
