2 0.508568 0.291296 0.003177 0.004444
3 0.230370 0.733574 0.069375 0.259454
1 0.241495 0.371731 0.035339 0.108204
0 0.247385 0.443870 0.048432 0.166380
0 0.286979 0.349046 0.046469 0.132639
0 0.295818 0.237935 0.028797 0.077954
0 0.349156 0.244917 0.024214 0.084935
0 0.376969 0.311815 0.040578 0.107037
0 0.410344 0.260620 0.032724 0.090750
0 0.456484 0.312972 0.046469 0.095407
3 0.505266 0.209917 0.017443 0.055713
0 0.496380 0.273954 0.033922 0.079259
0 0.521094 0.244380 0.027135 0.066046
0 0.571651 0.279981 0.030693 0.074093
1 0.693609 0.240352 0.014859 0.033889
