0 0.215495 0.641787 0.045573 0.248843
2 0.356932 0.822546 0.009578 0.020426
3 0.556823 0.673417 0.073484 0.222306
0 0.654469 0.420435 0.030042 0.075787
0 0.611635 0.484306 0.045068 0.134250
0 0.652031 0.505963 0.034917 0.102491
0 0.512776 0.430176 0.045474 0.137139
0 0.691411 0.303509 0.018677 0.070009
0 0.477625 0.250824 0.030255 0.050556
0 0.479740 0.293676 0.036911 0.087491
0 0.313995 0.282139 0.020427 0.084370
0 0.342234 0.316130 0.032042 0.101815
3 0.577943 0.223463 0.014547 0.059435
1 0.693281 0.239583 0.012943 0.032750
1 0.235201 0.410714 0.053911 0.084586
