0 0.379891 0.228787 0.010042 0.069537
0 0.391167 0.235167 0.028167 0.069769
3 0.525026 0.413583 0.029104 0.143648
3 0.633630 0.202185 0.012187 0.038796
0 0.651427 0.218787 0.010026 0.039843
1 0.693297 0.238926 0.010807 0.032963
0 0.688214 0.257926 0.020891 0.056981
0 0.702875 0.274963 0.015880 0.059009
0 0.727917 0.303454 0.009589 0.024926
0 0.574156 0.198019 0.017328 0.044685
0 0.553453 0.200639 0.015135 0.048231
0 0.621521 0.260046 0.015328 0.068546
0 0.543740 0.290833 0.033354 0.099546
1 0.246829 0.373120 0.058140 0.088346
