2 0.209651 0.314361 0.003714 0.005083
3 0.095677 0.323269 0.031979 0.101519
3 0.760484 0.270398 0.015042 0.057787
1 0.688255 0.229037 0.017979 0.057833
1 0.224828 0.388389 0.033625 0.093120
0 0.196917 0.286074 0.039448 0.083926
0 0.268479 0.265000 0.039448 0.068593
0 0.320536 0.479407 0.071135 0.178583
0 0.450917 0.273102 0.039760 0.092102
0 0.452573 0.328259 0.042469 0.114593
0 0.495349 0.284343 0.028615 0.099602
0 0.743677 0.353722 0.026365 0.101241
0 0.710630 0.254981 0.013005 0.045000
0 0.703776 0.294667 0.021797 0.074370
0 0.655089 0.232481 0.025661 0.056250
