2 0.585255 0.300685 0.007141 0.008130
3 0.070896 0.305380 0.027766 0.101880
3 0.726516 0.295759 0.016531 0.055074
1 0.690803 0.242481 0.015856 0.037594
1 0.232030 0.390038 0.049683 0.080827
0 0.596195 0.277256 0.027484 0.084586
0 0.268499 0.243421 0.029598 0.062030
0 0.273784 0.317669 0.025370 0.135338
0 0.311311 0.328947 0.034884 0.105263
0 0.350423 0.386278 0.051797 0.148496
0 0.492072 0.310150 0.034884 0.101504
0 0.491543 0.343985 0.052854 0.139098
0 0.386892 0.273496 0.050740 0.103383
0 0.420190 0.347744 0.043340 0.135338
0 0.528541 0.486842 0.082452 0.157895
