1 0.225964 0.391676 0.034766 0.100889
1 0.680750 0.232787 0.017365 0.066685
0 0.522026 0.280944 0.018062 0.091389
0 0.470422 0.456852 0.055031 0.186157
0 0.418865 0.299667 0.036328 0.116824
0 0.348875 0.350954 0.045948 0.133926
2 0.336802 0.364556 0.005823 0.015231
0 0.316672 0.380694 0.029635 0.121824
0 0.255469 0.312426 0.022630 0.095713
0 0.279469 0.339556 0.022630 0.132898
0 0.297818 0.254815 0.027089 0.075593
0 0.134271 0.373824 0.045120 0.140185
3 0.750000 0.315789 0.026427 0.093985
3 0.067125 0.367481 0.039112 0.122180
