0 0.349990 0.244185 0.025359 0.061046
0 0.375615 0.246769 0.058641 0.071852
0 0.345370 0.302417 0.045698 0.105185
0 0.469385 0.353833 0.034865 0.119750
3 0.445349 0.525472 0.048073 0.200046
0 0.522281 0.210639 0.014604 0.051917
0 0.486974 0.214093 0.019406 0.056194
0 0.529302 0.227565 0.018302 0.074593
3 0.549547 0.198972 0.012937 0.054222
0 0.576531 0.268315 0.024401 0.077222
0 0.769510 0.297407 0.019208 0.073824
1 0.687281 0.231880 0.012807 0.037722
0 0.683620 0.260176 0.035490 0.050083
1 0.228752 0.375402 0.052441 0.085209
