0 0.232099 0.302083 0.051432 0.099537
1 0.225911 0.363426 0.044271 0.143519
0 0.135745 0.285880 0.027995 0.087963
0 0.150068 0.347222 0.031901 0.134259
3 0.091474 0.324657 0.039714 0.126157
0 0.307271 0.224241 0.030000 0.075676
0 0.331266 0.242528 0.021427 0.080759
0 0.359266 0.254213 0.024286 0.083806
0 0.397120 0.322269 0.030286 0.121389
0 0.508687 0.292806 0.032854 0.101074
0 0.575193 0.244065 0.021859 0.066824
0 0.646594 0.261500 0.017161 0.064648
1 0.692255 0.232620 0.016141 0.057019
3 0.760531 0.291870 0.017750 0.069417
