2 0.591276 0.476361 0.006604 0.012639
0 0.616932 0.425343 0.052828 0.147194
3 0.242604 0.281065 0.016901 0.091231
1 0.244599 0.357546 0.031344 0.122917
0 0.318812 0.257028 0.022432 0.087954
0 0.486625 0.225176 0.029641 0.065731
0 0.603661 0.217296 0.018641 0.056500
0 0.619859 0.240389 0.025974 0.071167
0 0.645375 0.320241 0.038500 0.100500
0 0.678833 0.230065 0.010693 0.047259
1 0.695026 0.241741 0.012526 0.043463
0 0.693651 0.239574 0.011000 0.043463
0 0.671500 0.261843 0.014974 0.066278
3 0.810839 0.290398 0.014911 0.059528
