3 0.538328 0.227750 0.015849 0.068565
0 0.770469 0.269611 0.015854 0.039954
3 0.812542 0.265426 0.010104 0.029111
0 0.815766 0.288037 0.009932 0.034685
0 0.808880 0.314676 0.012542 0.067519
0 0.773776 0.302593 0.022125 0.070611
1 0.701479 0.250870 0.024911 0.029731
0 0.647297 0.214481 0.016203 0.037472
0 0.676568 0.227796 0.009932 0.043667
0 0.666547 0.218815 0.007318 0.021991
0 0.653219 0.229657 0.016901 0.036241
0 0.660714 0.242667 0.016203 0.057917
0 0.683620 0.249167 0.013938 0.058537
1 0.239602 0.352894 0.041591 0.136656
