1 0.245120 0.359954 0.033203 0.131944
1 0.690010 0.236889 0.011292 0.037806
3 0.796036 0.284065 0.013458 0.056000
3 0.361573 0.237444 0.020146 0.076296
0 0.410328 0.263917 0.032990 0.092907
2 0.519516 0.290130 0.004380 0.008306
0 0.496599 0.200602 0.011677 0.047231
0 0.487109 0.242120 0.017807 0.058648
0 0.513531 0.256648 0.014016 0.075259
0 0.740729 0.366556 0.027672 0.091185
0 0.636958 0.208778 0.014510 0.043194
0 0.697870 0.249574 0.018224 0.050398
0 0.625318 0.218370 0.013500 0.045593
0 0.616880 0.236370 0.013500 0.064796
0 0.612661 0.275972 0.028682 0.086389
