0 0.728000 0.395944 0.004839 0.061278
2 0.646375 0.410806 0.002932 0.011213
3 0.219271 0.661111 0.063542 0.251852
3 0.535250 0.209167 0.010964 0.057111
1 0.694846 0.237138 0.022604 0.049839
1 0.226040 0.391479 0.037975 0.088424
0 0.228752 0.310289 0.041591 0.109325
0 0.463382 0.236334 0.020796 0.064309
0 0.475588 0.279743 0.032550 0.099678
0 0.448011 0.318328 0.037071 0.106109
0 0.590416 0.230707 0.023508 0.072347
0 0.693038 0.300643 0.031646 0.070740
0 0.650542 0.366559 0.033454 0.090032
0 0.622061 0.361736 0.032550 0.090032
0 0.538427 0.399518 0.055154 0.130225
