1 0.245917 0.355241 0.032563 0.137583
1 0.691026 0.241713 0.014380 0.041352
0 0.483167 0.242093 0.028333 0.082704
0 0.517214 0.197352 0.014380 0.042852
0 0.530531 0.271037 0.025797 0.078944
0 0.522073 0.230435 0.014802 0.054880
0 0.580646 0.365389 0.043135 0.151870
0 0.616385 0.224852 0.014063 0.051944
0 0.665448 0.226102 0.010937 0.040556
0 0.668417 0.266935 0.014375 0.065556
0 0.711073 0.254852 0.011562 0.054722
0 0.721307 0.290130 0.016406 0.057500
3 0.331047 0.248833 0.019146 0.081528
3 0.808427 0.288167 0.011604 0.059935
