1 0.234625 0.371694 0.049604 0.104935
3 0.460813 0.495148 0.049604 0.201056
0 0.356026 0.287481 0.043901 0.140213
0 0.450469 0.327231 0.043422 0.123954
0 0.471349 0.219676 0.015219 0.048231
0 0.462500 0.223130 0.021339 0.054259
0 0.501292 0.202324 0.017536 0.064694
0 0.558318 0.214454 0.010005 0.059843
0 0.547443 0.219889 0.016542 0.067194
0 0.559271 0.273926 0.032255 0.088519
0 0.636557 0.245111 0.027542 0.066750
1 0.686141 0.236870 0.013068 0.042056
0 0.729844 0.282694 0.019172 0.066454
3 0.557875 0.184231 0.008521 0.031926
