3 0.073896 0.355907 0.038411 0.123843
1 0.225260 0.371528 0.046875 0.148148
0 0.191734 0.298037 0.038411 0.091435
2 0.435547 0.516787 0.015625 0.019676
0 0.465172 0.483796 0.087891 0.182870
0 0.376703 0.251250 0.024005 0.081648
0 0.376911 0.294861 0.059495 0.099833
0 0.455823 0.204491 0.021083 0.050472
0 0.504995 0.208889 0.027698 0.056657
0 0.519292 0.268722 0.034849 0.081009
0 0.604776 0.381769 0.024125 0.109074
0 0.638578 0.217630 0.013104 0.046593
1 0.690406 0.230333 0.013703 0.054009
0 0.677297 0.257333 0.028594 0.070954
3 0.753901 0.288981 0.017313 0.074694
