3 0.054057 0.328157 0.042266 0.107611
2 0.111583 0.394620 0.004031 0.008843
0 0.098599 0.375528 0.024005 0.131611
1 0.216146 0.385333 0.027380 0.071657
0 0.190432 0.351028 0.036573 0.094287
0 0.243016 0.381028 0.043542 0.145657
0 0.264625 0.557769 0.076651 0.212509
0 0.499135 0.471250 0.051708 0.175741
0 0.302948 0.331472 0.019469 0.117880
0 0.300391 0.268444 0.017505 0.021611
0 0.405964 0.240167 0.021901 0.079250
0 0.482911 0.340093 0.032370 0.116463
0 0.563984 0.264204 0.035599 0.099333
1 0.691542 0.241463 0.012911 0.040546
3 0.715682 0.298343 0.021234 0.057722
