3 0.171313 0.296343 0.040026 0.086009
0 0.277969 0.259204 0.025510 0.085231
0 0.309854 0.283833 0.047943 0.104778
0 0.466141 0.241185 0.021865 0.070093
0 0.504734 0.262981 0.026172 0.083046
0 0.482042 0.289185 0.045057 0.081278
0 0.438807 0.275935 0.022859 0.086583
0 0.419755 0.320694 0.038432 0.096000
0 0.438974 0.417287 0.086802 0.149009
0 0.602370 0.233148 0.019885 0.062898
0 0.624156 0.257324 0.024271 0.064463
3 0.757938 0.283833 0.019885 0.066537
1 0.699016 0.244065 0.016083 0.040028
1 0.237342 0.368971 0.049729 0.098071
