1 0.217422 0.350880 0.038708 0.147546
1 0.689219 0.235528 0.013677 0.067750
0 0.140802 0.266185 0.021302 0.096898
0 0.164531 0.318398 0.016448 0.121120
0 0.340344 0.264278 0.042521 0.122157
0 0.369937 0.237065 0.020068 0.095556
0 0.425557 0.241296 0.016328 0.097972
0 0.469781 0.293000 0.037417 0.137278
0 0.563667 0.273046 0.021771 0.088898
0 0.574385 0.228593 0.013266 0.064102
0 0.658156 0.259389 0.017214 0.079870
3 0.072135 0.330556 0.033854 0.094444
3 0.759906 0.292222 0.013729 0.070037
0 0.396474 0.215434 0.029837 0.073955
