3 0.534833 0.683824 0.090484 0.279222
1 0.231281 0.408074 0.020865 0.072861
0 0.242698 0.379704 0.050813 0.153648
0 0.209323 0.344713 0.032214 0.111435
0 0.322115 0.249361 0.009922 0.037296
0 0.314063 0.287509 0.020969 0.097759
0 0.339344 0.312574 0.023724 0.125120
0 0.297734 0.324444 0.034609 0.121787
0 0.373057 0.236731 0.020115 0.084056
0 0.451010 0.353222 0.043469 0.144722
0 0.485724 0.342398 0.030792 0.143472
0 0.499109 0.197676 0.016505 0.045083
0 0.550375 0.258500 0.026667 0.095889
1 0.670427 0.228000 0.020427 0.063861
3 0.569146 0.234620 0.023344 0.074954
