2 0.755339 0.272630 0.003214 0.005000
3 0.809844 0.276287 0.010208 0.056472
0 0.784094 0.284352 0.022688 0.050824
0 0.749724 0.254509 0.018375 0.050824
0 0.731458 0.242611 0.014068 0.047194
0 0.703781 0.236963 0.012250 0.043963
1 0.694818 0.241000 0.017922 0.031056
0 0.688125 0.235352 0.011797 0.053648
0 0.663734 0.224056 0.012026 0.045574
0 0.630042 0.222648 0.021781 0.050824
0 0.577974 0.228491 0.028813 0.064935
0 0.712063 0.281731 0.018833 0.070583
0 0.733047 0.285769 0.016333 0.055259
3 0.519896 0.225667 0.017922 0.071389
1 0.240506 0.348875 0.043400 0.147910
