1 0.693942 0.234727 0.020796 0.057878
1 0.247740 0.407556 0.028933 0.069132
3 0.535262 0.226688 0.021700 0.080386
3 0.523508 0.713826 0.077758 0.241158
0 0.204340 0.352894 0.018083 0.101286
0 0.223779 0.409968 0.033454 0.180064
0 0.253617 0.303859 0.053345 0.106109
0 0.293400 0.332797 0.033454 0.176849
0 0.320072 0.357717 0.025316 0.133441
0 0.349910 0.348875 0.030741 0.135048
0 0.387884 0.259646 0.036166 0.094855
0 0.485533 0.450161 0.063291 0.176849
0 0.518083 0.387460 0.037975 0.147910
0 0.591320 0.272508 0.021700 0.085209
