2 0.151896 0.325796 0.003859 0.007889
3 0.070359 0.340306 0.029849 0.107815
0 0.142146 0.279231 0.027479 0.074972
0 0.135036 0.392111 0.037906 0.135620
0 0.254812 0.350213 0.040854 0.118176
0 0.285104 0.299435 0.038427 0.094167
0 0.307437 0.329593 0.036698 0.107713
0 0.346557 0.368370 0.051240 0.117556
0 0.400568 0.294509 0.029776 0.095398
0 0.404719 0.338519 0.032542 0.110787
0 0.555573 0.305917 0.036229 0.092759
3 0.748391 0.321444 0.015958 0.076861
1 0.680615 0.235065 0.010911 0.052074
1 0.218816 0.395677 0.050740 0.088346
