2 0.231465 0.712219 0.014467 0.025723
1 0.239602 0.410772 0.054250 0.098071
1 0.692586 0.237942 0.014467 0.048232
3 0.565552 0.227492 0.024412 0.085209
3 0.553345 0.716238 0.065099 0.245981
0 0.534358 0.599678 0.066908 0.176849
0 0.175407 0.627814 0.065099 0.220257
0 0.432640 0.546624 0.091320 0.205788
0 0.449819 0.290997 0.017179 0.102894
0 0.420886 0.299839 0.051537 0.120579
0 0.324141 0.302251 0.031646 0.106109
0 0.292948 0.323955 0.056058 0.152733
0 0.363020 0.399518 0.042495 0.123794
0 0.687613 0.303055 0.020796 0.072347
0 0.597197 0.459003 0.056962 0.162379
