1 0.227865 0.387157 0.039062 0.091435
2 0.718229 0.468546 0.003969 0.009278
3 0.263844 0.660083 0.067771 0.228611
3 0.543328 0.206472 0.015063 0.056639
1 0.695094 0.236843 0.017375 0.037074
0 0.251969 0.312537 0.031281 0.114306
0 0.466578 0.302750 0.024906 0.098861
0 0.501917 0.232731 0.023750 0.063843
0 0.513786 0.269287 0.030120 0.087528
0 0.590828 0.231185 0.018536 0.066935
0 0.572005 0.410880 0.051552 0.135926
0 0.655703 0.365056 0.033594 0.108130
0 0.628187 0.375352 0.034177 0.101944
0 0.703203 0.300694 0.026646 0.076204
0 0.739984 0.361963 0.022589 0.095769
