0 0.162109 0.322343 0.031250 0.116898
0 0.575969 0.229574 0.021714 0.064000
0 0.651250 0.295093 0.032854 0.083296
0 0.578542 0.333185 0.024000 0.055870
0 0.586255 0.387537 0.039427 0.123926
0 0.613969 0.420806 0.075427 0.145769
0 0.350609 0.254343 0.020672 0.075833
0 0.355370 0.298380 0.032813 0.091583
0 0.336828 0.375676 0.054141 0.133000
0 0.389823 0.427593 0.082687 0.162167
1 0.235182 0.399231 0.042937 0.100028
1 0.694187 0.233833 0.018260 0.046500
3 0.513547 0.209269 0.019250 0.064056
3 0.152510 0.659833 0.080943 0.257963
