3 0.211693 0.533630 0.023776 0.102111
3 0.750484 0.439731 0.012214 0.052963
1 0.260296 0.567288 0.041952 0.099685
1 0.679212 0.439252 0.008685 0.029049
2 0.436357 0.479178 0.007653 0.015310
0 0.426313 0.461316 0.026784 0.054434
0 0.447358 0.477902 0.042090 0.062089
0 0.512645 0.440904 0.015784 0.051032
0 0.545647 0.434525 0.015784 0.050182
0 0.551147 0.501292 0.037307 0.088456
0 0.564521 0.450136 0.012853 0.053493
0 0.577511 0.445029 0.012032 0.050089
0 0.576827 0.474694 0.021057 0.068568
0 0.600072 0.449649 0.015587 0.054465
0 0.672388 0.434878 0.016134 0.047657
