2 0.164698 0.548241 0.003302 0.006926
0 0.159109 0.511176 0.029328 0.083787
0 0.137833 0.553972 0.019667 0.097657
1 0.227521 0.559398 0.022719 0.112722
3 0.101615 0.536509 0.021266 0.093778
3 0.736062 0.459296 0.014073 0.061435
1 0.680813 0.439065 0.009932 0.032741
0 0.659776 0.427898 0.012625 0.030833
0 0.660276 0.437741 0.011260 0.046657
0 0.433219 0.457491 0.021062 0.062833
0 0.502333 0.459213 0.024693 0.070583
0 0.565276 0.427583 0.009682 0.041750
0 0.557406 0.453185 0.015734 0.059389
0 0.544333 0.476648 0.017188 0.073593
0 0.655677 0.492231 0.021458 0.083556
