1 0.676156 0.437694 0.009984 0.030685
0 0.634734 0.425417 0.024042 0.035065
0 0.612698 0.429333 0.014276 0.043167
0 0.768719 0.438667 0.014932 0.046083
3 0.811214 0.441880 0.006401 0.044333
0 0.688901 0.456463 0.020672 0.056000
0 0.538000 0.454889 0.019672 0.069324
0 0.397573 0.472759 0.029255 0.077352
0 0.438458 0.519769 0.036005 0.100685
0 0.481776 0.545102 0.052135 0.103352
3 0.255047 0.512759 0.015005 0.084019
1 0.254484 0.585444 0.031130 0.076019
0 0.509479 0.429775 0.012638 0.050562
0 0.504344 0.457865 0.032385 0.053371
