3 0.611568 0.417593 0.008026 0.041417
0 0.559906 0.426611 0.008583 0.043194
0 0.567932 0.430176 0.006797 0.043593
0 0.579021 0.438102 0.013823 0.051120
0 0.615911 0.465546 0.015604 0.068361
1 0.674203 0.441833 0.010177 0.023472
0 0.667516 0.439370 0.013958 0.046944
0 0.698984 0.445037 0.021594 0.055667
0 0.409500 0.464167 0.013964 0.058306
0 0.419729 0.468491 0.025656 0.068704
0 0.482646 0.468926 0.017375 0.077074
0 0.430526 0.526944 0.031984 0.101315
3 0.540875 0.572343 0.036135 0.148509
1 0.247458 0.577704 0.029911 0.099102
