1 0.265229 0.552611 0.034490 0.113102
3 0.281401 0.512843 0.022328 0.089861
0 0.488589 0.441426 0.015240 0.052222
0 0.506833 0.460861 0.019849 0.072370
0 0.536427 0.434981 0.015281 0.053861
0 0.584828 0.422694 0.016333 0.029333
0 0.593229 0.416259 0.011844 0.040028
0 0.614073 0.418472 0.012078 0.044454
0 0.599406 0.456917 0.012078 0.062667
0 0.629328 0.438139 0.025339 0.053380
0 0.751729 0.444000 0.014839 0.060167
0 0.702740 0.446241 0.024646 0.065565
1 0.677620 0.436750 0.013453 0.040111
3 0.759505 0.430019 0.011938 0.041565
