3 0.361068 0.670944 0.045406 0.186120
3 0.679339 0.440194 0.009208 0.049852
0 0.796844 0.462550 0.014141 0.048074
0 0.767106 0.455154 0.014557 0.059907
0 0.749638 0.488066 0.027034 0.084314
1 0.683925 0.427419 0.018716 0.048813
1 0.261845 0.593934 0.054707 0.097285
0 0.336909 0.517011 0.044529 0.101810
0 0.385891 0.500043 0.040712 0.104072
0 0.467690 0.457499 0.034790 0.071989
0 0.565417 0.457499 0.026567 0.065240
0 0.526516 0.535675 0.042380 0.106859
0 0.585026 0.485620 0.024037 0.094486
0 0.639108 0.522177 0.046175 0.109109
