1 0.252677 0.592204 0.034516 0.099065
3 0.365724 0.660324 0.050995 0.194852
3 0.604349 0.422843 0.009932 0.046870
0 0.783674 0.461329 0.022480 0.066342
1 0.681559 0.430284 0.021045 0.050182
0 0.695190 0.449847 0.026306 0.051883
0 0.658840 0.440065 0.024393 0.044228
0 0.640426 0.470685 0.024871 0.069744
0 0.554333 0.446870 0.030611 0.056135
0 0.591879 0.464306 0.033002 0.072296
0 0.475791 0.441452 0.019610 0.048481
0 0.447094 0.468244 0.035872 0.071445
0 0.449485 0.520552 0.036828 0.097812
0 0.422146 0.538208 0.054707 0.113122
