2 0.529052 0.698843 0.022464 0.026222
1 0.688240 0.441370 0.029438 0.043435
3 0.170458 0.535704 0.022964 0.119046
3 0.749474 0.448648 0.015432 0.057380
1 0.258883 0.600759 0.056759 0.078694
0 0.378654 0.475021 0.023088 0.076983
0 0.344502 0.539173 0.035595 0.116330
0 0.371920 0.546016 0.046177 0.112908
0 0.434932 0.540028 0.064455 0.131726
0 0.449843 0.594772 0.036557 0.128305
0 0.525361 0.639251 0.045215 0.159098
0 0.474374 0.475876 0.027898 0.075272
0 0.496982 0.471599 0.026936 0.080404
0 0.602803 0.472454 0.034633 0.078694
0 0.728346 0.450215 0.024050 0.065008
