3 0.173755 0.525222 0.021620 0.099583
3 0.705109 0.446861 0.016667 0.076194
1 0.675484 0.435269 0.012932 0.033963
0 0.722589 0.488426 0.017859 0.075620
0 0.579990 0.495046 0.040531 0.113398
2 0.529807 0.461880 0.002521 0.003722
0 0.525813 0.444130 0.027052 0.053593
0 0.494672 0.458556 0.013802 0.054176
0 0.483661 0.462583 0.019266 0.070472
0 0.448135 0.497926 0.037568 0.117611
0 0.400594 0.449463 0.028255 0.077426
0 0.343333 0.470593 0.020443 0.082444
0 0.358375 0.558065 0.025599 0.125593
0 0.371755 0.610509 0.037401 0.153667
1 0.258590 0.581994 0.039783 0.080386
