2 0.326453 0.521787 0.006188 0.014556
3 0.150917 0.527491 0.026281 0.102676
3 0.739932 0.448296 0.012130 0.061574
1 0.239822 0.589367 0.054707 0.088235
1 0.680025 0.436652 0.024173 0.040724
0 0.247226 0.505780 0.041229 0.071387
0 0.314675 0.502886 0.033634 0.070744
0 0.377242 0.468157 0.024231 0.066885
0 0.371094 0.483592 0.025678 0.063027
0 0.397133 0.540187 0.030741 0.102900
0 0.426789 0.476839 0.032911 0.084250
0 0.492875 0.502604 0.026952 0.093899
0 0.526427 0.442939 0.022551 0.056731
0 0.601232 0.474239 0.031352 0.078249
0 0.723899 0.474688 0.029152 0.072381
