1 0.246740 0.584435 0.038818 0.105556
3 0.595609 0.533667 0.024005 0.113111
3 0.634672 0.417769 0.006906 0.044259
1 0.672379 0.440321 0.011321 0.031318
0 0.619051 0.428840 0.010692 0.026844
0 0.614806 0.421011 0.016039 0.026844
0 0.643424 0.426044 0.021070 0.039147
0 0.661821 0.433594 0.009435 0.044180
0 0.648770 0.440584 0.029876 0.044739
0 0.589332 0.428840 0.025473 0.050332
0 0.533536 0.438040 0.016636 0.051450
0 0.525941 0.457012 0.014466 0.071387
0 0.515807 0.510697 0.037016 0.101325
0 0.460907 0.438956 0.017052 0.052511
