1 0.243693 0.595130 0.037057 0.081815
0 0.664214 0.437981 0.013323 0.043972
3 0.635391 0.538500 0.023490 0.111269
3 0.722234 0.422398 0.008995 0.035537
0 0.741862 0.444501 0.019498 0.055365
0 0.711828 0.438629 0.012894 0.045858
1 0.674247 0.437790 0.010063 0.031877
0 0.686984 0.442544 0.025473 0.045858
0 0.655693 0.423530 0.010692 0.039147
0 0.638553 0.435553 0.024844 0.031877
0 0.573455 0.434435 0.013523 0.036351
0 0.588236 0.448695 0.024215 0.057043
0 0.569996 0.453169 0.018555 0.058161
0 0.620942 0.491477 0.024215 0.085564
