2 0.285932 0.591213 0.009026 0.020204
3 0.117521 0.528250 0.021109 0.095704
3 0.756125 0.448991 0.009937 0.059704
0 0.175288 0.521494 0.041253 0.093899
0 0.268794 0.549860 0.044553 0.105637
1 0.229466 0.567466 0.036302 0.121286
0 0.448105 0.459384 0.031352 0.077271
1 0.680399 0.438982 0.014973 0.034021
0 0.695995 0.438242 0.008734 0.047334
0 0.704729 0.458951 0.018716 0.062126
0 0.659395 0.435284 0.014557 0.050293
0 0.738625 0.496301 0.025786 0.085054
0 0.531296 0.438982 0.014557 0.063605
0 0.548349 0.457102 0.020379 0.064345
0 0.577878 0.498150 0.026202 0.085793
