1 0.239932 0.581843 0.031792 0.078704
2 0.313323 0.512639 0.006833 0.013204
3 0.106672 0.551213 0.021880 0.109065
3 0.723604 0.452398 0.016661 0.058806
0 0.227054 0.536088 0.027620 0.063219
0 0.300069 0.492078 0.026526 0.070513
0 0.348384 0.470646 0.019132 0.067303
0 0.353320 0.555412 0.044336 0.123470
0 0.384271 0.503347 0.022586 0.093718
0 0.409535 0.476868 0.024393 0.075698
0 0.485494 0.454352 0.024202 0.061621
0 0.528122 0.470491 0.025852 0.076293
0 0.539673 0.482229 0.026952 0.086074
0 0.604302 0.435768 0.014301 0.053796
1 0.677875 0.439012 0.014030 0.034675
