3 0.132432 0.521685 0.028120 0.089269
3 0.684729 0.461944 0.014375 0.065620
2 0.431771 0.472759 0.002875 0.006713
1 0.673362 0.436090 0.016913 0.041353
1 0.255285 0.584586 0.034884 0.063910
0 0.257928 0.605263 0.054968 0.139098
0 0.261099 0.485902 0.027484 0.073308
0 0.288584 0.487782 0.038055 0.084586
0 0.312368 0.511278 0.030655 0.090226
0 0.342495 0.558271 0.044397 0.116541
0 0.350951 0.473684 0.025370 0.078947
0 0.386364 0.501880 0.036998 0.105263
0 0.442918 0.452068 0.021142 0.065789
0 0.511628 0.490602 0.044397 0.097744
0 0.644292 0.477444 0.028541 0.082707
