3 0.194250 0.506769 0.026094 0.085731
1 0.233078 0.567824 0.022755 0.115787
0 0.310073 0.493944 0.034271 0.078176
0 0.415703 0.454083 0.014854 0.064000
0 0.500125 0.523667 0.031714 0.096509
0 0.696016 0.429306 0.010453 0.041574
2 0.621073 0.446000 0.001948 0.005667
0 0.616380 0.425213 0.013464 0.041574
0 0.592813 0.426157 0.013464 0.047880
0 0.649422 0.439231 0.018250 0.056380
0 0.535187 0.428222 0.010786 0.043000
0 0.592385 0.458435 0.030396 0.070889
0 0.742073 0.502306 0.028432 0.088898
1 0.675156 0.438361 0.012865 0.029935
3 0.782401 0.444491 0.012078 0.052083
