2 0.200073 0.638407 0.010823 0.020880
3 0.123104 0.553463 0.029443 0.106296
3 0.696432 0.467296 0.022880 0.079778
1 0.682692 0.441595 0.019231 0.028490
1 0.242788 0.609687 0.027244 0.062678
0 0.199519 0.574074 0.040064 0.128205
0 0.286859 0.576923 0.054487 0.116809
0 0.262821 0.613960 0.041667 0.139601
0 0.504808 0.468661 0.032051 0.088319
0 0.467147 0.504274 0.043269 0.096866
0 0.417468 0.527066 0.049679 0.125356
0 0.407853 0.601140 0.072115 0.142450
0 0.524038 0.494302 0.025641 0.111111
0 0.545673 0.512821 0.036859 0.096866
0 0.572115 0.537037 0.032051 0.122507
