1 0.681958 0.443213 0.018443 0.027241
0 0.704130 0.465278 0.027526 0.064130
3 0.762641 0.465759 0.016271 0.062194
0 0.545990 0.448806 0.022198 0.061963
0 0.578214 0.525481 0.037969 0.105926
0 0.418880 0.536093 0.037734 0.123194
0 0.261641 0.532639 0.022411 0.088639
0 0.287484 0.517796 0.019214 0.051639
0 0.308870 0.578787 0.022182 0.115880
0 0.286344 0.589759 0.030646 0.091481
0 0.321104 0.681648 0.076844 0.196380
0 0.237854 0.762769 0.048484 0.225250
1 0.250068 0.609417 0.029885 0.089065
3 0.098661 0.605120 0.047026 0.132037
