2 0.772000 0.494889 0.006646 0.010213
3 0.581099 0.575778 0.032875 0.139370
3 0.651620 0.420074 0.013031 0.045787
1 0.674599 0.436616 0.015305 0.034872
1 0.250976 0.588792 0.049784 0.104269
0 0.766302 0.451605 0.013725 0.045115
0 0.718264 0.446428 0.014973 0.055470
0 0.707035 0.473054 0.020795 0.062866
0 0.741763 0.490064 0.030361 0.070262
0 0.590166 0.434225 0.014973 0.048813
0 0.605554 0.449387 0.028282 0.053991
0 0.612417 0.504856 0.032857 0.085054
0 0.503619 0.441139 0.013027 0.046699
0 0.492660 0.453825 0.017576 0.056627
