1 0.235167 0.592685 0.053651 0.083870
2 0.139552 0.567639 0.004385 0.010759
0 0.314495 0.471324 0.016073 0.062352
3 0.091719 0.528000 0.016057 0.083176
3 0.730802 0.446444 0.012479 0.056722
1 0.675336 0.436267 0.019168 0.033443
0 0.671719 0.485788 0.032911 0.075889
0 0.527365 0.659222 0.052911 0.186470
0 0.489365 0.453079 0.025012 0.065008
0 0.407594 0.497558 0.030784 0.092380
0 0.298547 0.515190 0.038679 0.092450
0 0.353238 0.563633 0.040759 0.112419
0 0.180881 0.526420 0.044086 0.083574
0 0.152184 0.533446 0.033272 0.088752
0 0.180881 0.560811 0.041591 0.102064
