2 0.560839 0.485324 0.004083 0.005935
3 0.343568 0.480565 0.018062 0.087667
3 0.755703 0.440306 0.008078 0.055870
0 0.462276 0.440517 0.019168 0.066242
1 0.264413 0.559567 0.045802 0.122172
1 0.677135 0.438995 0.008891 0.026107
0 0.478616 0.445826 0.034279 0.044180
0 0.496857 0.435201 0.015410 0.041943
0 0.559282 0.435201 0.022643 0.047536
0 0.621078 0.429608 0.016039 0.048654
0 0.600479 0.432125 0.020756 0.052569
0 0.594032 0.441912 0.017926 0.059839
0 0.672582 0.440097 0.008477 0.049602
0 0.683794 0.468303 0.014494 0.061273
0 0.659729 0.445933 0.018869 0.050575
