1 0.235255 0.562574 0.026495 0.110981
3 0.307417 0.489065 0.015458 0.077435
3 0.757396 0.438972 0.011349 0.049056
1 0.675135 0.435991 0.011865 0.037593
0 0.684286 0.446769 0.012635 0.049972
0 0.627943 0.432556 0.015990 0.042639
0 0.638125 0.438287 0.013667 0.043093
0 0.644448 0.451583 0.011865 0.059602
0 0.577016 0.417056 0.006344 0.027046
0 0.573578 0.427111 0.010474 0.039824
0 0.622734 0.451167 0.024849 0.058306
0 0.525396 0.439741 0.009792 0.044259
0 0.514417 0.438657 0.009219 0.047565
0 0.441979 0.481815 0.019057 0.081074
