1 0.248786 0.583731 0.036062 0.104981
3 0.257719 0.500065 0.020182 0.098222
0 0.323141 0.521981 0.028948 0.108509
0 0.370036 0.531972 0.055911 0.127333
0 0.410026 0.496537 0.069724 0.096454
0 0.432766 0.446102 0.018443 0.059972
0 0.504641 0.479694 0.035885 0.105639
0 0.523448 0.458565 0.019964 0.059694
0 0.534641 0.451028 0.026656 0.054463
0 0.614198 0.426565 0.014771 0.041231
0 0.622734 0.484213 0.026307 0.076509
0 0.743734 0.478880 0.016724 0.077306
1 0.680021 0.439991 0.012469 0.031389
3 0.759302 0.441148 0.018292 0.051630
