3 0.441443 0.462046 0.015094 0.072222
3 0.741083 0.434083 0.011714 0.043176
1 0.297710 0.549774 0.038168 0.113122
1 0.672879 0.439468 0.012853 0.031609
0 0.546684 0.439802 0.023101 0.057709
0 0.580499 0.431133 0.020510 0.033554
0 0.586516 0.443776 0.019416 0.044253
0 0.590618 0.426756 0.010118 0.032582
0 0.643436 0.430906 0.015694 0.041018
0 0.646646 0.430695 0.017359 0.038058
0 0.663648 0.443169 0.021877 0.044401
0 0.661270 0.448244 0.018548 0.057933
0 0.683148 0.434500 0.009512 0.048207
0 0.692303 0.427312 0.008798 0.048207
