1 0.247016 0.588306 0.033057 0.093769
3 0.368312 0.471898 0.019146 0.075463
3 0.768448 0.442741 0.013292 0.058222
1 0.675031 0.439907 0.008932 0.026093
0 0.701297 0.464574 0.017229 0.073157
0 0.667479 0.433009 0.010422 0.046315
0 0.653073 0.433287 0.009036 0.046130
0 0.643234 0.425259 0.012547 0.059546
0 0.608333 0.436083 0.010281 0.048620
0 0.595411 0.438426 0.016880 0.060019
0 0.572214 0.461148 0.025557 0.069241
0 0.514599 0.425176 0.010042 0.018981
0 0.515396 0.445491 0.014896 0.042130
0 0.536859 0.441519 0.026948 0.045741
