2 0.614010 0.580648 0.005422 0.016065
1 0.685766 0.441194 0.020245 0.027639
3 0.238552 0.515963 0.025401 0.095519
3 0.765917 0.445861 0.010687 0.053546
0 0.717722 0.446451 0.018151 0.057709
0 0.658594 0.454765 0.022001 0.060643
0 0.588189 0.454276 0.023101 0.059665
0 0.614316 0.490466 0.041253 0.089009
0 0.622841 0.545730 0.026402 0.105637
0 0.529610 0.451830 0.020351 0.066512
0 0.561237 0.479707 0.025302 0.065534
0 0.565088 0.536437 0.037402 0.090965
0 0.466906 0.451341 0.017051 0.053796
0 0.474057 0.493400 0.028052 0.089009
1 0.267841 0.599906 0.050053 0.085096
