3 0.116151 0.538861 0.023755 0.105352
1 0.240057 0.581019 0.027521 0.071944
0 0.256005 0.537278 0.022500 0.086907
0 0.282146 0.631667 0.044031 0.152519
0 0.294448 0.502167 0.029464 0.078852
0 0.357901 0.521019 0.053417 0.078565
2 0.293234 0.533389 0.006312 0.014102
0 0.438505 0.461954 0.016714 0.061037
0 0.472203 0.465991 0.031786 0.072981
0 0.487458 0.511528 0.030698 0.104630
0 0.528604 0.454694 0.014531 0.067167
0 0.593724 0.472611 0.027792 0.074602
0 0.646583 0.484398 0.027427 0.082667
1 0.682031 0.439315 0.016828 0.027241
3 0.715214 0.460241 0.018333 0.072000
