0 0.675781 0.441204 0.007812 0.043519
3 0.170427 0.523120 0.028104 0.104065
3 0.772135 0.444037 0.013406 0.056296
1 0.683282 0.437510 0.009274 0.030446
0 0.695767 0.445333 0.010463 0.050321
0 0.691724 0.467957 0.019024 0.060047
0 0.706824 0.482545 0.019737 0.068927
0 0.539837 0.428811 0.013201 0.056731
0 0.570914 0.451308 0.028052 0.060643
0 0.621793 0.496790 0.035202 0.085096
0 0.491984 0.455709 0.034102 0.065534
2 0.426682 0.561705 0.009088 0.013609
0 0.416159 0.539165 0.041611 0.114822
0 0.262110 0.512936 0.041826 0.088360
1 0.231570 0.571136 0.027866 0.116856
