3 0.201620 0.518620 0.024771 0.095056
1 0.234073 0.571148 0.031245 0.127593
0 0.308391 0.510139 0.045755 0.097611
0 0.481187 0.507426 0.032870 0.090685
0 0.522917 0.456241 0.031229 0.062333
0 0.559042 0.429296 0.023010 0.046102
0 0.573562 0.489787 0.025260 0.077046
0 0.580620 0.436167 0.020635 0.044694
1 0.678578 0.438407 0.005927 0.025898
0 0.685307 0.434019 0.007776 0.026778
0 0.682078 0.462704 0.024281 0.063361
0 0.707552 0.447407 0.017943 0.056194
0 0.742245 0.478435 0.026094 0.075213
3 0.768651 0.442472 0.017411 0.060806
