0 0.691406 0.478241 0.014063 0.065741
2 0.413005 0.572333 0.006536 0.012148
3 0.172516 0.555556 0.022271 0.110796
3 0.769672 0.454556 0.013130 0.056917
1 0.367610 0.578458 0.030252 0.074337
1 0.682457 0.442164 0.016955 0.027233
0 0.336344 0.595319 0.039052 0.132046
0 0.380347 0.568421 0.033552 0.127155
0 0.430400 0.490171 0.030252 0.082162
0 0.721746 0.484598 0.029654 0.077399
0 0.622261 0.446749 0.017218 0.054434
0 0.554822 0.455680 0.028697 0.062089
0 0.537126 0.506712 0.023915 0.080801
0 0.615087 0.465886 0.034437 0.065491
0 0.621544 0.517344 0.045438 0.091858
