1 0.246776 0.585593 0.030078 0.086417
3 0.349536 0.474528 0.024406 0.074880
2 0.531714 0.456250 0.001714 0.005935
0 0.474755 0.459343 0.016948 0.062861
0 0.520646 0.440009 0.026432 0.052241
0 0.550068 0.429778 0.018630 0.047398
0 0.565255 0.441352 0.032792 0.056009
0 0.586896 0.421278 0.013453 0.042370
0 0.626479 0.420972 0.011891 0.040676
0 0.621542 0.425222 0.008464 0.033417
0 0.611036 0.434630 0.015672 0.051157
0 0.669187 0.431667 0.006609 0.044074
0 0.660974 0.445241 0.014099 0.052546
1 0.675021 0.441787 0.009526 0.022815
3 0.758146 0.434065 0.014557 0.061944
