1 0.689063 0.442130 0.011458 0.023148
2 0.646427 0.540370 0.005151 0.007954
3 0.266344 0.509000 0.018302 0.086630
3 0.771115 0.441056 0.012729 0.053250
0 0.712123 0.441418 0.018151 0.057709
0 0.669495 0.434571 0.015401 0.034234
0 0.670870 0.475652 0.018151 0.059665
0 0.661520 0.510864 0.034652 0.077271
0 0.612016 0.437994 0.015951 0.044993
0 0.618892 0.477608 0.025302 0.067490
0 0.560588 0.448754 0.018701 0.058687
0 0.508060 0.450221 0.021451 0.057709
0 0.506410 0.475163 0.026952 0.074337
0 0.584515 0.511842 0.045653 0.081184
1 0.267252 0.602576 0.048101 0.102644
