3 0.092354 0.594833 0.040547 0.125065
3 0.754333 0.465102 0.014432 0.061185
1 0.284695 0.577214 0.050317 0.106256
0 0.271801 0.584764 0.034593 0.119118
0 0.269600 0.517935 0.018240 0.068227
0 0.299318 0.510944 0.033021 0.065431
0 0.312369 0.561835 0.030190 0.105697
0 0.296555 0.650733 0.029097 0.184473
0 0.344312 0.672105 0.106899 0.175474
0 0.433406 0.517519 0.044373 0.107365
0 0.562160 0.532395 0.038553 0.108659
0 0.538587 0.451627 0.031151 0.055818
0 0.694022 0.467302 0.028987 0.065650
1 0.681852 0.440799 0.017228 0.030150
