1 0.252677 0.569222 0.024193 0.125102
3 0.324589 0.493769 0.021990 0.085231
0 0.466010 0.467148 0.033750 0.069231
0 0.511547 0.440759 0.018667 0.051704
0 0.514224 0.452204 0.025755 0.056593
0 0.744573 0.442130 0.016094 0.046787
0 0.715229 0.447685 0.021776 0.053852
1 0.687911 0.445361 0.012594 0.019102
0 0.677646 0.438630 0.014797 0.043222
0 0.639245 0.442389 0.013568 0.054806
0 0.663203 0.451546 0.024839 0.064046
0 0.745932 0.476213 0.029599 0.053278
0 0.770115 0.480000 0.012427 0.063889
3 0.781260 0.440046 0.012547 0.044176
