2 0.466380 0.520833 0.003073 0.007963
3 0.243422 0.499593 0.017448 0.074667
3 0.769849 0.446028 0.012594 0.057889
1 0.246085 0.570474 0.036350 0.125029
1 0.681289 0.440310 0.016982 0.028521
0 0.366001 0.475067 0.030252 0.084118
0 0.471058 0.494630 0.033552 0.080206
0 0.492656 0.444251 0.024538 0.054730
0 0.523433 0.458673 0.026202 0.056949
0 0.528424 0.491955 0.031193 0.076178
0 0.568027 0.444786 0.025678 0.055309
0 0.627701 0.439319 0.017721 0.046948
0 0.616670 0.441570 0.020976 0.050164
0 0.699607 0.469292 0.028618 0.069905
0 0.716589 0.496136 0.026102 0.081090
