2 0.547052 0.599546 0.010016 0.013852
1 0.243755 0.589157 0.031167 0.078157
3 0.430464 0.676722 0.046193 0.189954
0 0.271687 0.523046 0.047802 0.089861
0 0.336932 0.523296 0.038182 0.098167
0 0.453823 0.496676 0.018130 0.096694
0 0.489948 0.501074 0.049172 0.082046
0 0.533047 0.466296 0.018437 0.063315
0 0.552240 0.476620 0.031573 0.070491
0 0.581286 0.544426 0.041672 0.095639
3 0.603135 0.427907 0.010104 0.047593
1 0.681052 0.430602 0.012375 0.048491
0 0.653521 0.446315 0.028542 0.050287
0 0.647964 0.466074 0.015911 0.064657
0 0.632432 0.481565 0.017177 0.069593
