1 0.249723 0.609922 0.029540 0.063122
0 0.500788 0.471777 0.016521 0.060855
0 0.306325 0.573363 0.033425 0.133455
1 0.680534 0.442524 0.011088 0.024811
0 0.454393 0.623166 0.038116 0.143730
3 0.105457 0.564980 0.026246 0.119881
2 0.319178 0.966223 0.016354 0.030793
0 0.296570 0.865289 0.101974 0.236081
0 0.312444 0.682241 0.083695 0.136859
0 0.372713 0.511369 0.026952 0.079227
0 0.364462 0.544625 0.037952 0.114440
0 0.363087 0.590107 0.035202 0.142805
0 0.500327 0.596489 0.065468 0.137117
0 0.399942 0.505293 0.037826 0.086668
3 0.735517 0.461019 0.016003 0.065972
