1 0.237744 0.392179 0.033220 0.093363
0 0.622775 0.329652 0.024474 0.095668
0 0.309545 0.244779 0.017708 0.068429
1 0.689958 0.242178 0.012793 0.035968
0 0.346874 0.359573 0.044515 0.129651
0 0.322785 0.308466 0.018557 0.090117
3 0.145585 0.278270 0.025773 0.097331
0 0.301820 0.348890 0.037098 0.120301
0 0.406859 0.261219 0.040154 0.084793
0 0.549488 0.350475 0.042663 0.129421
0 0.500551 0.214360 0.020077 0.062479
0 0.613902 0.255269 0.017567 0.072892
0 0.591674 0.273834 0.028052 0.077271
3 0.748405 0.305828 0.017458 0.077614
