1 0.229474 0.400707 0.027219 0.075804
1 0.690151 0.241221 0.012314 0.034403
0 0.476409 0.391451 0.027959 0.143028
0 0.411743 0.368178 0.033333 0.114489
0 0.536898 0.309729 0.022681 0.091579
0 0.391249 0.288423 0.024096 0.090108
0 0.362722 0.264877 0.022499 0.080139
0 0.305370 0.368772 0.031568 0.120461
3 0.719474 0.299810 0.017856 0.053722
0 0.617473 0.414761 0.025888 0.127247
2 0.449109 0.618778 0.017812 0.033937
0 0.490458 0.538462 0.097964 0.185520
0 0.525577 0.478900 0.062740 0.133883
0 0.631399 0.275843 0.036808 0.084793
3 0.067769 0.326541 0.036896 0.101810
