1 0.244610 0.353546 0.020392 0.117260
0 0.605604 0.216139 0.012168 0.058600
0 0.753187 0.349916 0.025101 0.077404
0 0.470886 0.219731 0.019288 0.055799
0 0.520648 0.205337 0.014351 0.053961
0 0.384739 0.260033 0.022709 0.088596
3 0.360779 0.240579 0.019609 0.079366
0 0.691780 0.244156 0.013486 0.050732
0 0.588929 0.239795 0.013097 0.066941
0 0.483236 0.218510 0.023474 0.056334
3 0.787957 0.281779 0.016275 0.057238
1 0.686495 0.233935 0.010692 0.042502
0 0.664765 0.256927 0.038263 0.060388
0 0.626502 0.202917 0.016262 0.044228
2 0.474347 0.252824 0.009571 0.014589
