0 0.193321 0.574384 0.039712 0.088560
0 0.236819 0.619146 0.042391 0.137452
1 0.675205 0.438829 0.013308 0.034366
0 0.645538 0.497783 0.016591 0.084624
0 0.264576 0.536864 0.032341 0.106787
0 0.466709 0.463438 0.009554 0.058790
0 0.323638 0.479220 0.013839 0.070367
0 0.219786 0.533524 0.017968 0.068620
0 0.542621 0.705882 0.069975 0.171946
3 0.716921 0.449095 0.016539 0.065611
1 0.228872 0.596568 0.027263 0.051032
2 0.126222 0.658933 0.012018 0.025871
0 0.135393 0.605503 0.049338 0.130481
3 0.093646 0.523953 0.036687 0.100110
0 0.374810 0.521141 0.028464 0.089987
