1 0.228806 0.642379 0.050783 0.153250
3 0.628235 0.680899 0.070453 0.269388
0 0.916414 0.520988 0.024038 0.085197
0 0.819556 0.513161 0.018195 0.083537
0 0.589892 0.540526 0.027176 0.112860
0 0.560266 0.604872 0.053659 0.174130
0 0.654525 0.499071 0.022680 0.066044
2 0.942427 0.538738 0.007974 0.014180
0 0.951417 0.510099 0.017824 0.069232
0 0.837409 0.496260 0.008565 0.060444
0 0.832991 0.502426 0.012236 0.066005
0 0.859027 0.499162 0.020530 0.065763
0 0.856234 0.525553 0.049689 0.100663
3 0.732799 0.482771 0.020441 0.050891
