1 0.237311 0.584666 0.025017 0.079867
0 0.744588 0.473904 0.011261 0.055647
0 0.597487 0.443762 0.011279 0.046989
0 0.559043 0.461397 0.019654 0.062971
0 0.387904 0.469147 0.016349 0.065338
0 0.603350 0.434259 0.011803 0.055341
3 0.220676 0.525356 0.020131 0.070815
3 0.756279 0.447946 0.016003 0.047862
2 0.602309 0.519294 0.009088 0.014459
0 0.613070 0.493778 0.037307 0.073997
0 0.650574 0.447462 0.011212 0.045226
0 0.656863 0.452811 0.009571 0.055924
0 0.644010 0.479557 0.018869 0.061760
0 0.685577 0.441626 0.014494 0.054952
1 0.678740 0.439195 0.011212 0.027719
