1 0.680846 0.235995 0.012645 0.054716
0 0.271227 0.342181 0.022709 0.128671
0 0.644432 0.376114 0.018727 0.093912
0 0.399997 0.391952 0.027096 0.138714
1 0.225493 0.389488 0.039317 0.086280
0 0.245988 0.461636 0.065250 0.165123
3 0.059657 0.341735 0.038481 0.109487
3 0.758361 0.318634 0.021506 0.085487
2 0.573660 0.498045 0.013916 0.028121
0 0.590106 0.435054 0.044278 0.145104
0 0.507243 0.372063 0.040483 0.145104
0 0.314668 0.249804 0.033002 0.067490
0 0.316593 0.313381 0.046753 0.094877
0 0.324294 0.341258 0.044553 0.117374
