0 0.893854 0.499292 0.013932 0.062215
3 0.719880 0.495830 0.016245 0.062134
0 0.699851 0.521474 0.025799 0.088031
1 0.250288 0.613317 0.043695 0.185673
0 0.847485 0.499592 0.011701 0.061082
3 0.643355 0.530121 0.022363 0.095075
2 0.801168 0.547441 0.009298 0.016048
0 0.763704 0.493948 0.022971 0.060787
0 0.783530 0.498811 0.024338 0.067595
0 0.787495 0.521181 0.038832 0.076349
0 0.831249 0.508294 0.019689 0.065164
0 0.857502 0.513400 0.016955 0.071486
1 0.812380 0.498325 0.015314 0.032582
0 0.709795 0.497333 0.013126 0.063705
