1 0.243548 0.643702 0.038818 0.111904
0 0.361457 0.551446 0.027118 0.103590
1 0.812093 0.493390 0.018205 0.041049
0 0.492696 0.604430 0.058144 0.159417
0 0.329650 0.545788 0.030417 0.072035
0 0.422354 0.558814 0.041792 0.110175
3 0.207040 0.769398 0.087456 0.302888
0 0.580818 0.536255 0.025979 0.104783
3 0.726458 0.490103 0.016731 0.059504
0 0.496592 0.522442 0.025460 0.046568
0 0.582064 0.501099 0.023277 0.060797
0 0.773162 0.497395 0.020795 0.059168
0 0.761101 0.534375 0.037432 0.087272
0 0.930128 0.547767 0.046175 0.119232
