0 0.526420 0.452386 0.012334 0.061446
0 0.419355 0.458928 0.014931 0.062725
0 0.559363 0.485315 0.013012 0.065275
1 0.228626 0.565114 0.027613 0.118429
0 0.683674 0.447613 0.014121 0.050658
3 0.750557 0.448800 0.013138 0.054042
0 0.140504 0.521185 0.014374 0.087192
3 0.106185 0.531774 0.022459 0.096887
0 0.183695 0.553526 0.049465 0.097017
0 0.693829 0.497709 0.025370 0.084314
0 0.690592 0.437222 0.011414 0.044824
1 0.679297 0.438068 0.010225 0.025372
0 0.622107 0.434473 0.012365 0.046938
0 0.542051 0.454176 0.020264 0.064349
