3 0.656198 0.580611 0.040162 0.166232
0 0.588452 0.515530 0.040092 0.085807
1 0.239480 0.614092 0.049577 0.178481
0 0.684968 0.511782 0.017272 0.076467
0 0.843382 0.493824 0.013564 0.050506
0 0.855567 0.539888 0.023741 0.105600
0 0.820229 0.490339 0.017517 0.057086
0 0.774105 0.495664 0.014382 0.061238
0 0.853874 0.493728 0.009889 0.026859
0 0.866461 0.496445 0.022116 0.043166
1 0.824656 0.503800 0.030567 0.023981
3 0.756087 0.481502 0.012365 0.041441
0 0.786433 0.498412 0.032911 0.062383
0 0.732908 0.491981 0.030741 0.058525
