1 0.690224 0.241623 0.013456 0.035121
0 0.576862 0.514445 0.041717 0.156816
0 0.341117 0.366522 0.049865 0.147787
0 0.203836 0.460231 0.040215 0.160297
0 0.402000 0.250248 0.013615 0.079232
0 0.124813 0.431114 0.029643 0.142212
3 0.719592 0.299186 0.018004 0.053127
1 0.233420 0.415864 0.042190 0.073733
3 0.054194 0.340116 0.041367 0.099222
0 0.270647 0.373476 0.056759 0.121462
0 0.255255 0.618966 0.085619 0.222395
0 0.593415 0.285253 0.045802 0.090498
0 0.518987 0.351995 0.054707 0.115385
0 0.330109 0.301737 0.054375 0.099669
