1 0.225271 0.665680 0.064697 0.139633
0 0.782733 0.502220 0.017973 0.065597
0 0.515748 0.528051 0.035915 0.093373
0 0.760558 0.509889 0.016955 0.068234
0 0.700165 0.511203 0.022176 0.078810
0 0.801557 0.494283 0.014352 0.055240
1 0.819633 0.497022 0.018684 0.039031
0 0.415781 0.617851 0.062504 0.192420
3 0.083867 0.822740 0.125954 0.354520
0 0.436669 0.583986 0.028730 0.136361
2 0.755147 0.902307 0.023233 0.066890
0 0.665535 0.574744 0.060847 0.171159
0 0.679364 0.712458 0.126120 0.249852
0 0.715873 0.792136 0.121695 0.326579
3 0.716516 0.483418 0.014301 0.050862
