1 0.254837 0.565236 0.030349 0.115269
0 0.765161 0.455118 0.010522 0.051617
0 0.513992 0.448034 0.011433 0.060036
0 0.753532 0.458339 0.010316 0.054622
1 0.686551 0.441642 0.013554 0.020720
0 0.682985 0.450734 0.014981 0.046515
0 0.672997 0.459614 0.023542 0.053281
0 0.663842 0.436145 0.014268 0.047784
0 0.699036 0.457077 0.015694 0.050744
0 0.618478 0.467127 0.034243 0.061739
0 0.637621 0.442812 0.018786 0.052858
0 0.543091 0.477980 0.033480 0.068043
3 0.354082 0.490414 0.029097 0.086612
3 0.790591 0.440044 0.012651 0.044993
