1 0.236147 0.621386 0.050910 0.180684
0 0.745182 0.490838 0.013615 0.048058
0 0.786171 0.512671 0.016875 0.081433
0 0.917173 0.516240 0.018798 0.080210
0 0.635614 0.515577 0.022238 0.079272
0 0.763532 0.514608 0.017275 0.091554
3 0.643666 0.641767 0.051714 0.215643
0 0.867682 0.494834 0.013727 0.060618
0 0.749878 0.579803 0.028771 0.133660
0 0.657925 0.489786 0.014551 0.057563
0 0.881986 0.491885 0.016163 0.058436
1 0.807405 0.499610 0.020976 0.036015
3 0.764729 0.479030 0.014466 0.041160
2 0.687545 0.507890 0.008271 0.014341
0 0.681166 0.562732 0.037016 0.122033
