1 0.254388 0.590163 0.029772 0.070543
0 0.580513 0.465425 0.018118 0.062963
0 0.653377 0.475024 0.011548 0.066352
0 0.392673 0.494466 0.014080 0.072001
0 0.609039 0.444254 0.010694 0.051358
0 0.759301 0.451922 0.013866 0.051020
0 0.567828 0.438498 0.010442 0.039294
0 0.411380 0.528454 0.018344 0.090089
3 0.433460 0.632824 0.032800 0.166319
1 0.682432 0.430958 0.013548 0.044605
0 0.412691 0.463166 0.029945 0.059168
0 0.466135 0.442088 0.018716 0.049553
0 0.514258 0.443272 0.024752 0.045971
3 0.605334 0.417750 0.010522 0.029769
