0 0.303596 0.544621 0.058504 0.196359
1 0.693768 0.239400 0.013660 0.036332
0 0.607294 0.306501 0.020506 0.087738
0 0.249159 0.315852 0.024622 0.105218
0 0.278815 0.367792 0.030199 0.113407
0 0.539091 0.382490 0.030111 0.138652
0 0.499223 0.237384 0.014975 0.068866
0 0.312587 0.295839 0.021154 0.090146
0 0.157357 0.499401 0.038043 0.176920
2 0.153446 0.405587 0.011950 0.017896
0 0.132629 0.364644 0.050603 0.119330
1 0.231910 0.415506 0.040153 0.070424
0 0.206379 0.583520 0.064885 0.210407
3 0.158077 0.867916 0.104584 0.269078
3 0.505424 0.221223 0.017502 0.064191
