1 0.242668 0.353328 0.021280 0.120687
0 0.460871 0.221078 0.021252 0.065441
0 0.649806 0.258488 0.019779 0.059455
0 0.280932 0.261819 0.029775 0.092148
0 0.609284 0.288212 0.032491 0.084569
0 0.569489 0.375259 0.023579 0.116443
1 0.693683 0.237155 0.012776 0.049595
3 0.206107 0.291855 0.025445 0.099548
0 0.471387 0.200539 0.008806 0.055365
3 0.805146 0.291738 0.018976 0.067490
0 0.664406 0.227623 0.012018 0.047243
0 0.685280 0.242808 0.014548 0.064116
0 0.613170 0.241683 0.020874 0.061866
0 0.607793 0.218062 0.022771 0.057367
