3 0.509755 0.629373 0.032976 0.166031
1 0.252100 0.589653 0.026620 0.086897
0 0.726388 0.497342 0.018262 0.079790
0 0.566945 0.510519 0.018142 0.082578
0 0.744876 0.507761 0.022112 0.079259
0 0.756669 0.455683 0.012697 0.050828
0 0.742344 0.455909 0.010143 0.050518
3 0.653017 0.422694 0.011211 0.042446
1 0.675620 0.439415 0.013020 0.037301
0 0.613234 0.427196 0.011935 0.042446
0 0.572424 0.464570 0.035352 0.054730
0 0.574377 0.442061 0.011890 0.046515
0 0.472677 0.443595 0.017163 0.044493
0 0.471333 0.474115 0.016542 0.065820
