0 0.848259 0.527566 0.019786 0.087218
1 0.215947 0.617701 0.034566 0.179545
0 0.747068 0.502549 0.018976 0.066745
0 0.757098 0.503807 0.016302 0.073337
3 0.624096 0.594772 0.041402 0.165157
0 0.808095 0.484523 0.014983 0.053890
0 0.783352 0.539340 0.026984 0.102018
0 0.821431 0.492637 0.017577 0.060980
0 0.677137 0.521456 0.044762 0.088813
1 0.817698 0.498339 0.014030 0.031292
3 0.758963 0.487133 0.018310 0.053704
2 0.754920 0.546546 0.007847 0.015223
0 0.777511 0.512505 0.026871 0.067236
0 0.788085 0.492694 0.014681 0.068026
