1 0.810427 0.494992 0.017133 0.036245
1 0.210721 0.666803 0.036800 0.096729
0 0.569883 0.582065 0.063047 0.170459
0 0.889677 0.547709 0.033765 0.127274
3 0.699446 0.504474 0.025110 0.088989
0 0.495905 0.526654 0.024208 0.077782
2 0.038061 0.765826 0.011551 0.022497
0 0.060063 0.690511 0.058854 0.182908
0 0.101040 0.682686 0.078105 0.161389
0 0.217841 0.590692 0.052404 0.127211
0 0.340742 0.568134 0.038679 0.116117
0 0.298319 0.584035 0.032857 0.118335
0 0.299983 0.625823 0.044502 0.150138
0 0.268790 0.654667 0.068624 0.164930
