1 0.248640 0.357552 0.027022 0.136244
0 0.784603 0.292692 0.014129 0.054503
0 0.634061 0.290472 0.018836 0.082075
3 0.476454 0.231238 0.018800 0.069100
0 0.687282 0.257661 0.014172 0.053441
0 0.663877 0.236196 0.013020 0.048869
1 0.704851 0.251635 0.020901 0.038147
0 0.678999 0.229627 0.013201 0.050862
0 0.748139 0.263164 0.017052 0.048074
0 0.751674 0.289790 0.024954 0.049553
3 0.808861 0.280545 0.014557 0.056209
0 0.588965 0.278282 0.033996 0.073960
0 0.545024 0.226189 0.030018 0.055952
0 0.547555 0.243875 0.024954 0.077175
