3 0.501946 0.677612 0.066342 0.261341
1 0.228547 0.620036 0.061372 0.195635
0 0.680005 0.515221 0.022908 0.092383
0 0.550093 0.517991 0.018294 0.082436
0 0.868691 0.543570 0.043179 0.118334
1 0.804630 0.499210 0.015728 0.040371
0 0.564914 0.572987 0.046112 0.131254
0 0.785618 0.486147 0.018300 0.059907
2 0.696614 0.512402 0.009150 0.014792
0 0.691831 0.492433 0.024538 0.060647
3 0.757752 0.479860 0.015804 0.050293
0 0.772933 0.504267 0.032025 0.060647
0 0.637140 0.496501 0.034936 0.059907
0 0.639011 0.512402 0.024538 0.084314
0 0.572172 0.551045 0.039311 0.121355
