1 0.262219 0.562358 0.025984 0.108856
0 0.417949 0.452402 0.013667 0.048439
0 0.572310 0.436190 0.009804 0.045204
3 0.755787 0.435447 0.012814 0.050818
3 0.335242 0.490950 0.024173 0.085973
0 0.435999 0.448047 0.020976 0.061097
0 0.473973 0.442259 0.011573 0.055952
0 0.686093 0.481248 0.022784 0.069458
1 0.679945 0.440731 0.016275 0.027011
0 0.649746 0.441696 0.022423 0.049521
0 0.667829 0.442661 0.018083 0.045019
0 0.623888 0.429798 0.012658 0.045019
0 0.620995 0.447484 0.016998 0.055952
0 0.584106 0.450378 0.026401 0.059168
