1 0.226094 0.377399 0.029199 0.084224
0 0.202686 0.282139 0.026776 0.086343
0 0.680990 0.244754 0.012914 0.046007
0 0.401756 0.334918 0.043072 0.134846
0 0.493271 0.305528 0.024660 0.105675
3 0.094784 0.305430 0.039440 0.095023
3 0.750713 0.268726 0.015058 0.063967
1 0.688626 0.240905 0.010126 0.043090
0 0.640164 0.225149 0.017360 0.059168
0 0.642696 0.263415 0.033996 0.063670
0 0.648844 0.327406 0.039059 0.093897
0 0.454744 0.207824 0.013309 0.051032
0 0.438316 0.206714 0.021211 0.048813
0 0.316846 0.233966 0.043645 0.075364
