1 0.272446 0.554371 0.030716 0.108539
0 0.520963 0.455575 0.012924 0.051813
0 0.627656 0.461733 0.015969 0.064891
0 0.541224 0.445334 0.009206 0.045165
3 0.298982 0.493213 0.033079 0.090498
3 0.669382 0.416256 0.009024 0.023829
1 0.681961 0.443975 0.017228 0.029664
0 0.668015 0.434978 0.008477 0.039876
0 0.669519 0.438383 0.010939 0.043767
0 0.635062 0.425739 0.009845 0.038904
0 0.646958 0.426225 0.009024 0.040849
0 0.653384 0.443489 0.015861 0.048143
0 0.609767 0.429386 0.009024 0.033554
0 0.604161 0.432304 0.012032 0.036472
