1 0.226209 0.393270 0.029251 0.094052
0 0.406067 0.511542 0.090687 0.207365
0 0.671791 0.241994 0.014268 0.045739
0 0.689980 0.267956 0.011961 0.061769
0 0.569385 0.291227 0.024213 0.089354
0 0.530710 0.268790 0.016218 0.080126
0 0.361891 0.252967 0.033071 0.081573
0 0.310857 0.341015 0.044910 0.115858
0 0.185614 0.322456 0.032260 0.103485
3 0.080680 0.335050 0.040712 0.122172
3 0.749891 0.268308 0.020356 0.061086
1 0.689065 0.229361 0.013309 0.051032
0 0.618361 0.226773 0.019132 0.063605
0 0.749164 0.343999 0.019548 0.088012
