1 0.270760 0.607748 0.054340 0.183186
0 0.723939 0.498085 0.013991 0.063054
0 0.631042 0.498727 0.017617 0.073493
0 0.695267 0.499749 0.014497 0.042863
3 0.696863 0.554620 0.029426 0.127824
0 0.715173 0.491172 0.018869 0.029640
0 0.667214 0.486978 0.013523 0.052569
3 0.736861 0.476649 0.010701 0.046515
0 0.741260 0.483415 0.017597 0.043132
0 0.783350 0.488278 0.009036 0.048630
0 0.772055 0.498638 0.022591 0.063430
1 0.800115 0.499061 0.010701 0.028755
0 0.795716 0.503290 0.017121 0.077808
0 0.813194 0.493564 0.020213 0.058356
