1 0.204638 0.618675 0.039396 0.175147
3 0.130764 0.607962 0.038592 0.154792
1 0.808223 0.496125 0.016903 0.041641
0 0.878102 0.504496 0.017857 0.075581
0 0.593759 0.636395 0.082561 0.206815
0 0.318509 0.595888 0.080952 0.135710
0 0.850783 0.500377 0.017187 0.073344
0 0.428973 0.534109 0.027120 0.095759
0 0.709817 0.523294 0.028433 0.071380
0 0.729622 0.533106 0.021871 0.104636
0 0.533228 0.512209 0.021102 0.066333
2 0.350281 0.636824 0.013385 0.023801
0 0.735250 0.495716 0.017297 0.066550
3 0.709776 0.484811 0.014152 0.050332
0 0.645221 0.512575 0.035768 0.087272
