1 0.237914 0.392936 0.035523 0.075280
0 0.542690 0.327726 0.018482 0.083633
0 0.374851 0.274236 0.024125 0.101311
1 0.688890 0.240636 0.013608 0.036968
3 0.069946 0.305135 0.030836 0.097682
0 0.254129 0.266144 0.023190 0.080874
0 0.296944 0.336038 0.022058 0.110853
0 0.592938 0.266751 0.016637 0.074124
0 0.340217 0.296513 0.027589 0.086697
3 0.718931 0.299350 0.016849 0.054225
0 0.444317 0.309653 0.036302 0.091943
0 0.454768 0.336552 0.041803 0.126177
0 0.479520 0.313566 0.026402 0.111505
0 0.509772 0.337041 0.037402 0.095855
