1 0.246580 0.574392 0.024865 0.094942
0 0.602228 0.455598 0.012109 0.054790
3 0.460524 0.623035 0.035673 0.163048
0 0.403181 0.468615 0.017183 0.052682
0 0.630117 0.451900 0.015027 0.043672
1 0.678020 0.433394 0.010320 0.037920
0 0.430561 0.490479 0.013889 0.083410
0 0.354150 0.464182 0.012705 0.059454
0 0.504899 0.525778 0.063286 0.084081
0 0.428880 0.454910 0.031193 0.054730
0 0.510605 0.439379 0.019132 0.041417
0 0.353524 0.533807 0.032260 0.098985
0 0.257694 0.493875 0.032892 0.068615
3 0.605103 0.422949 0.013916 0.034870
