1 0.810341 0.494317 0.017316 0.036102
1 0.245320 0.662986 0.053673 0.123804
0 0.764757 0.625115 0.076485 0.198362
3 0.181488 0.722867 0.057901 0.270560
0 0.676975 0.520542 0.033232 0.088078
0 0.583821 0.553794 0.043794 0.122848
0 0.521279 0.550834 0.044107 0.136711
0 0.941541 0.514196 0.021095 0.080201
0 0.908807 0.533600 0.041463 0.087962
0 0.905533 0.554943 0.045100 0.081494
0 0.929175 0.554297 0.029824 0.116420
0 0.881633 0.632009 0.041367 0.196734
0 0.756337 0.499024 0.020088 0.057836
3 0.757055 0.479036 0.011001 0.039975
