0 0.741558 0.480334 0.012558 0.069545
0 0.618492 0.446323 0.012057 0.051605
0 0.558908 0.525941 0.017964 0.090322
1 0.250065 0.570908 0.023953 0.121767
0 0.353226 0.644901 0.033657 0.140549
3 0.216687 0.856349 0.083948 0.247795
0 0.373292 0.536477 0.016859 0.108626
1 0.682358 0.429056 0.015145 0.049679
2 0.428934 0.828730 0.013094 0.021991
0 0.441300 0.789923 0.080016 0.213437
0 0.217071 0.640928 0.064741 0.199208
0 0.475321 0.567622 0.063493 0.136859
0 0.581873 0.435043 0.019251 0.050862
3 0.603049 0.432109 0.016501 0.054775
3 0.706181 0.460963 0.032452 0.067490
