0 0.700604 0.456405 0.016297 0.056065
1 0.253588 0.586024 0.030963 0.071213
0 0.614170 0.429049 0.011090 0.046687
0 0.545843 0.535913 0.048738 0.106517
0 0.440964 0.523758 0.016863 0.089509
0 0.399982 0.470596 0.016780 0.075332
3 0.258678 0.513051 0.020743 0.081584
0 0.630821 0.422348 0.011213 0.033330
0 0.524989 0.456503 0.017521 0.050003
1 0.675813 0.437052 0.011957 0.033171
0 0.536391 0.457040 0.016262 0.066342
3 0.810301 0.441724 0.011950 0.049213
0 0.768003 0.439487 0.019813 0.049213
0 0.521035 0.432605 0.010225 0.034252
