1 0.234575 0.572799 0.026775 0.107486
0 0.495407 0.452103 0.016241 0.050647
0 0.539149 0.461995 0.013588 0.063493
0 0.450985 0.460000 0.012891 0.055075
0 0.384835 0.497134 0.014070 0.075962
3 0.249733 0.499806 0.026187 0.084081
3 0.766608 0.448539 0.015814 0.055117
1 0.680998 0.440216 0.009749 0.031877
0 0.678482 0.437979 0.011007 0.047536
0 0.634612 0.443851 0.015095 0.038028
0 0.639643 0.446088 0.020127 0.053687
0 0.690118 0.438538 0.009749 0.043062
0 0.687445 0.465102 0.020127 0.064872
0 0.702226 0.490547 0.016353 0.082208
2 0.553633 0.472212 0.008223 0.015748
