1 0.303753 0.545799 0.027513 0.108380
0 0.645550 0.466440 0.016537 0.055255
0 0.668472 0.444029 0.013851 0.048980
0 0.661208 0.455750 0.012626 0.055752
0 0.728733 0.435507 0.011347 0.049646
0 0.672228 0.430256 0.010524 0.043469
0 0.480870 0.455398 0.013577 0.057675
0 0.695511 0.436673 0.013045 0.046644
1 0.674705 0.439143 0.009719 0.025372
1 0.631134 0.428807 0.014385 0.036702
1 0.641454 0.435480 0.010319 0.038926
1 0.648333 0.434924 0.014385 0.038370
1 0.655838 0.437426 0.010945 0.039482
1 0.660138 0.431170 0.008912 0.034755
