1 0.277168 0.551891 0.025448 0.111770
0 0.567006 0.450677 0.010866 0.059293
0 0.599136 0.440892 0.012648 0.047442
0 0.705667 0.445014 0.009671 0.040736
0 0.580199 0.431283 0.010975 0.046600
0 0.633309 0.428632 0.008997 0.043427
0 0.622889 0.429553 0.010314 0.039635
3 0.361342 0.474466 0.028369 0.078907
3 0.765784 0.442413 0.017601 0.051840
1 0.673775 0.438170 0.011414 0.032138
0 0.686259 0.440707 0.011176 0.049898
0 0.666998 0.429713 0.010225 0.035521
0 0.654276 0.432673 0.014743 0.052435
0 0.562246 0.437828 0.014781 0.045858
