0 0.743933 0.498196 0.012598 0.078679
0 0.532371 0.442445 0.010193 0.054255
0 0.706013 0.459150 0.010406 0.059720
1 0.228604 0.567896 0.029434 0.109445
0 0.278300 0.547677 0.052274 0.106412
1 0.680221 0.439048 0.011038 0.034053
3 0.122630 0.530262 0.026578 0.095970
3 0.757204 0.444451 0.012928 0.049926
0 0.174147 0.518272 0.018725 0.093948
0 0.449938 0.462935 0.028697 0.073960
0 0.584162 0.498847 0.027502 0.088031
0 0.551985 0.459234 0.020351 0.061621
0 0.697146 0.438842 0.010850 0.044376
0 0.657183 0.435305 0.020614 0.048878
