3 0.114942 0.820801 0.117095 0.358398
0 0.322523 0.673867 0.075197 0.208069
0 0.418381 0.565773 0.025023 0.127314
0 0.561429 0.518775 0.035024 0.108836
0 0.316069 0.546244 0.027250 0.089773
0 0.219334 0.573578 0.035063 0.105689
0 0.639799 0.503831 0.022860 0.077899
0 0.394259 0.570957 0.028975 0.111589
0 0.803843 0.506851 0.017041 0.074304
3 0.704435 0.495482 0.021694 0.074286
1 0.310936 0.625804 0.050920 0.103485
0 0.771560 0.585386 0.042663 0.144297
0 0.765286 0.555634 0.048519 0.123470
1 0.815478 0.502825 0.020077 0.044628
