0 0.353338 0.497391 0.026942 0.087373
0 0.554380 0.439600 0.008724 0.051998
1 0.244733 0.594670 0.032522 0.079235
0 0.515056 0.464119 0.013017 0.067490
0 0.702193 0.442702 0.010208 0.044255
0 0.578441 0.554616 0.046555 0.120301
3 0.531522 0.597950 0.042918 0.134530
3 0.652000 0.420368 0.015410 0.044180
0 0.594921 0.437704 0.023901 0.050891
0 0.625898 0.483003 0.021699 0.077735
0 0.799216 0.448865 0.009749 0.052009
0 0.806292 0.449144 0.008177 0.048095
0 0.687260 0.437960 0.009120 0.044739
1 0.689147 0.442713 0.026731 0.026284
