0 0.668453 0.311122 0.025501 0.084707
1 0.230061 0.410061 0.027023 0.076183
1 0.693481 0.238422 0.013078 0.037243
0 0.537912 0.231691 0.016490 0.068387
0 0.389238 0.345657 0.022596 0.109650
0 0.499371 0.285913 0.026763 0.095177
3 0.232376 0.849768 0.109992 0.248391
0 0.333732 0.364483 0.021613 0.119644
2 0.130407 0.609729 0.013995 0.024887
0 0.154580 0.539593 0.075064 0.165158
0 0.167303 0.463801 0.080153 0.149321
0 0.393766 0.476244 0.049618 0.169683
0 0.408397 0.278281 0.030534 0.090498
0 0.685751 0.334842 0.022901 0.058824
3 0.527354 0.213801 0.019084 0.074661
