0 0.325017 0.553345 0.027898 0.101834
1 0.675940 0.438033 0.012091 0.031533
0 0.291160 0.528796 0.028404 0.083071
0 0.489088 0.497678 0.023513 0.081747
0 0.459616 0.451402 0.012053 0.049999
0 0.643697 0.486312 0.015121 0.068312
3 0.129405 0.525086 0.017121 0.089356
3 0.704198 0.455882 0.024173 0.061086
0 0.396705 0.500665 0.053102 0.098311
0 0.349422 0.473500 0.037098 0.064678
0 0.292877 0.491946 0.044481 0.051032
0 0.284029 0.483016 0.019132 0.060388
1 0.238116 0.581572 0.042190 0.084081
0 0.269395 0.610677 0.050920 0.113833
