1 0.251112 0.392404 0.024617 0.080547
3 0.533861 0.597580 0.057154 0.225342
0 0.613932 0.259024 0.017805 0.064558
0 0.583439 0.420743 0.028926 0.134569
0 0.534061 0.347687 0.028216 0.098179
0 0.425438 0.277325 0.021855 0.085081
1 0.688319 0.237640 0.012717 0.037807
0 0.300555 0.318164 0.047441 0.112483
0 0.340405 0.337286 0.028464 0.119232
0 0.622299 0.432004 0.049503 0.134002
0 0.652001 0.298002 0.025302 0.083140
0 0.670427 0.324900 0.032452 0.080206
0 0.601948 0.253986 0.017601 0.067490
3 0.621033 0.212079 0.014301 0.056731
