1 0.247698 0.373345 0.031219 0.077901
3 0.540437 0.453782 0.037933 0.166934
1 0.693126 0.240060 0.014523 0.035742
0 0.634202 0.243028 0.013376 0.059440
0 0.436485 0.227176 0.019737 0.071295
0 0.704937 0.245304 0.011724 0.042861
0 0.803906 0.316134 0.016731 0.071146
3 0.670061 0.211356 0.013821 0.045275
0 0.541671 0.280561 0.050920 0.087962
0 0.498026 0.226232 0.024732 0.067265
0 0.593472 0.204907 0.015508 0.050376
0 0.608153 0.203436 0.016336 0.045964
0 0.662380 0.260841 0.015190 0.064313
0 0.708332 0.234263 0.009694 0.038926
