0 0.508203 0.226329 0.016245 0.054773
0 0.315037 0.367084 0.032990 0.133525
1 0.239444 0.370357 0.032793 0.079860
3 0.331283 0.616511 0.075052 0.251673
0 0.535851 0.253901 0.024151 0.072254
0 0.492104 0.219146 0.013569 0.059112
0 0.577859 0.245316 0.014933 0.065509
0 0.611066 0.289633 0.029639 0.080981
1 0.686794 0.234596 0.013374 0.041447
0 0.312854 0.302317 0.037952 0.106615
0 0.455699 0.291225 0.049264 0.086755
0 0.426961 0.214798 0.009925 0.054421
0 0.432337 0.217004 0.038047 0.065452
3 0.528422 0.200776 0.012579 0.053493
