3 0.427593 0.707737 0.078264 0.292658
1 0.225258 0.622281 0.053625 0.185016
0 0.654853 0.499737 0.017138 0.067478
0 0.498255 0.555030 0.046536 0.138953
0 0.532823 0.527479 0.021487 0.091888
0 0.695222 0.491938 0.021256 0.063190
0 0.671917 0.532881 0.023601 0.082672
1 0.804145 0.501430 0.017440 0.044855
0 0.782833 0.486501 0.015679 0.057202
0 0.553987 0.505943 0.015464 0.066655
2 0.710764 0.528833 0.009403 0.016721
0 0.736261 0.508575 0.050994 0.050807
3 0.750004 0.481242 0.015551 0.051450
0 0.891299 0.558683 0.048519 0.121983
0 0.587087 0.590590 0.096806 0.139871
