0 0.767919 0.500221 0.019783 0.056474
0 0.525576 0.608568 0.033201 0.167853
1 0.240290 0.638898 0.046312 0.149929
0 0.735132 0.511094 0.016012 0.063271
3 0.423559 0.702161 0.072514 0.271870
0 0.474663 0.536255 0.032022 0.108233
0 0.803045 0.519901 0.028529 0.084192
0 0.716474 0.550856 0.034508 0.124763
1 0.813797 0.501289 0.017697 0.033171
3 0.712638 0.488956 0.012436 0.051032
0 0.698767 0.496186 0.015305 0.068893
0 0.688963 0.502140 0.017697 0.065491
0 0.674853 0.522978 0.035394 0.085054
0 0.429141 0.538214 0.045100 0.104778
