1 0.226987 0.651418 0.055933 0.147445
3 0.325047 0.753309 0.076802 0.322470
0 0.696727 0.500741 0.017897 0.069850
0 0.464534 0.573611 0.035192 0.152037
0 0.732124 0.487103 0.013372 0.053017
0 0.513592 0.541717 0.046642 0.116230
0 0.738110 0.550425 0.027446 0.105436
1 0.808761 0.494757 0.014378 0.043596
0 0.794967 0.491104 0.015808 0.060395
2 0.786930 0.676501 0.022126 0.035925
0 0.804728 0.611493 0.086581 0.165941
0 0.720551 0.633732 0.095239 0.169362
0 0.499769 0.510560 0.023088 0.073561
0 0.746970 0.501932 0.014220 0.061273
3 0.740681 0.480049 0.008204 0.043767
