1 0.254683 0.594889 0.034120 0.069489
3 0.778749 0.445075 0.010085 0.048561
2 0.707140 0.514440 0.008223 0.017997
3 0.316385 0.505256 0.028369 0.095723
0 0.562555 0.444802 0.014466 0.050807
0 0.558396 0.455735 0.020614 0.054666
0 0.611205 0.495367 0.033964 0.071583
0 0.615091 0.443113 0.016740 0.045929
0 0.652427 0.447353 0.022875 0.060647
0 0.731017 0.458173 0.016998 0.045019
1 0.685254 0.442538 0.017163 0.021327
0 0.690320 0.440884 0.011993 0.045228
0 0.710687 0.438310 0.012200 0.049641
0 0.700659 0.465153 0.019024 0.056260
0 0.722531 0.491872 0.039052 0.066512
