1 0.676923 0.437533 0.010983 0.033683
0 0.373652 0.553326 0.022091 0.102814
1 0.236955 0.580988 0.025081 0.075959
0 0.315790 0.482691 0.016886 0.060774
0 0.495957 0.449593 0.015060 0.065484
0 0.392854 0.494849 0.014148 0.070547
0 0.536759 0.466886 0.013729 0.064650
0 0.551484 0.480915 0.017531 0.065707
0 0.412988 0.475424 0.012971 0.049140
3 0.107956 0.549373 0.017911 0.103706
0 0.610686 0.434910 0.009649 0.048401
0 0.348491 0.474194 0.014163 0.061345
0 0.235681 0.525496 0.034915 0.065491
3 0.724295 0.453675 0.018913 0.062091
