0 0.721620 0.561447 0.033061 0.123685
3 0.578599 0.624729 0.051797 0.209159
1 0.229419 0.641497 0.047560 0.129996
0 0.744925 0.490077 0.013172 0.053242
0 0.803170 0.503119 0.016430 0.062345
1 0.823670 0.495901 0.015095 0.045299
0 0.785932 0.534769 0.025788 0.090597
3 0.759672 0.481920 0.023586 0.045299
2 0.905681 0.533271 0.007862 0.014540
0 0.889013 0.494404 0.010378 0.050891
0 0.893730 0.509783 0.033021 0.060398
0 0.852018 0.493474 0.019442 0.053674
0 0.854533 0.496134 0.014956 0.059960
0 0.667362 0.519695 0.044845 0.087465
0 0.700092 0.490433 0.027124 0.045662
