1 0.693713 0.239059 0.013502 0.036330
0 0.506656 0.232427 0.014572 0.070001
0 0.185253 0.590242 0.072740 0.189030
0 0.569818 0.385129 0.055146 0.135146
0 0.321782 0.307740 0.021775 0.099431
1 0.238433 0.413085 0.035979 0.067349
0 0.305853 0.283458 0.015438 0.072986
0 0.288058 0.640713 0.059386 0.198560
0 0.152679 0.555072 0.070269 0.191900
0 0.195761 0.340859 0.034298 0.126445
0 0.301582 0.372098 0.033461 0.132396
3 0.152496 0.863232 0.122901 0.270588
3 0.513173 0.216384 0.014548 0.070865
0 0.636632 0.308687 0.026936 0.090669
