3 0.319766 0.711449 0.050491 0.198969
0 0.763179 0.478032 0.013333 0.066705
1 0.254481 0.591541 0.028085 0.074235
0 0.439380 0.463840 0.016209 0.064428
0 0.328828 0.572780 0.024073 0.125320
0 0.790831 0.463532 0.021627 0.056209
0 0.737387 0.444672 0.021211 0.051032
1 0.683943 0.429880 0.018300 0.045115
3 0.629251 0.432839 0.013725 0.048074
0 0.621349 0.474626 0.026202 0.069522
0 0.561251 0.442823 0.012477 0.044376
0 0.568945 0.481652 0.032025 0.085054
0 0.407503 0.483159 0.038742 0.068893
0 0.421373 0.558856 0.045438 0.104616
