1 0.242823 0.376982 0.029054 0.088072
0 0.487013 0.276262 0.027454 0.068366
1 0.699346 0.242861 0.013742 0.038166
0 0.603873 0.248042 0.014002 0.045264
0 0.459694 0.274685 0.027243 0.084084
0 0.638372 0.247027 0.014809 0.054307
0 0.425309 0.427203 0.033484 0.152146
0 0.407871 0.312360 0.031194 0.099827
3 0.191523 0.284184 0.022252 0.097152
0 0.524974 0.273928 0.022247 0.083624
0 0.313088 0.282758 0.023035 0.111059
0 0.270356 0.273756 0.029262 0.099548
0 0.475591 0.253798 0.022550 0.069852
3 0.768015 0.286784 0.019640 0.065972
