1 0.233919 0.568188 0.020181 0.115020
3 0.229424 0.507797 0.030994 0.076489
3 0.768646 0.442712 0.014851 0.058687
2 0.457149 0.511922 0.010522 0.021263
0 0.344511 0.507244 0.035872 0.090157
0 0.469345 0.488107 0.030132 0.077399
0 0.525881 0.452092 0.022784 0.061097
0 0.523168 0.480068 0.028209 0.072030
0 0.761793 0.479889 0.019891 0.065599
0 0.719841 0.467348 0.032187 0.059811
0 0.710076 0.441945 0.015551 0.043733
0 0.691451 0.441302 0.015190 0.048878
0 0.614418 0.431655 0.015913 0.041160
0 0.632501 0.433263 0.013743 0.044376
1 0.678612 0.438729 0.011935 0.033443
