1 0.251043 0.560362 0.027687 0.113472
1 0.677235 0.436760 0.010292 0.034804
0 0.713918 0.447813 0.012043 0.055177
0 0.471785 0.447459 0.011415 0.053487
0 0.544330 0.432729 0.010826 0.041199
0 0.597003 0.454409 0.011167 0.055624
0 0.504867 0.462622 0.013831 0.066438
0 0.772134 0.444767 0.009942 0.046642
3 0.299857 0.497606 0.018419 0.089668
3 0.758949 0.429389 0.011645 0.036980
0 0.598866 0.420064 0.015724 0.032436
0 0.606886 0.420623 0.008491 0.034673
0 0.634718 0.420064 0.008806 0.038028
0 0.645253 0.436002 0.021699 0.050891
