1 0.812265 0.495704 0.018568 0.038295
1 0.240716 0.642489 0.042648 0.142336
0 0.899161 0.504911 0.018049 0.071853
3 0.198002 0.784695 0.078939 0.329613
0 0.579830 0.525110 0.045629 0.097686
0 0.673787 0.534227 0.023234 0.093657
0 0.930041 0.534044 0.024350 0.091333
0 0.596904 0.512700 0.014441 0.076554
0 0.432008 0.603132 0.064767 0.140464
0 0.960810 0.513539 0.026402 0.112483
3 0.709169 0.494465 0.021451 0.064556
0 0.464857 0.560238 0.026401 0.102257
0 0.446232 0.579853 0.073778 0.123481
0 0.410428 0.538371 0.031103 0.082963
0 0.403918 0.550591 0.042676 0.081677
