1 0.238023 0.583647 0.026250 0.078181
0 0.719626 0.462193 0.012065 0.061550
0 0.428389 0.474835 0.014275 0.060272
3 0.773550 0.444237 0.011634 0.049474
3 0.311705 0.498869 0.038168 0.079186
1 0.675428 0.443196 0.015305 0.025516
0 0.474189 0.436684 0.014557 0.054730
0 0.525138 0.445190 0.021627 0.051032
0 0.588564 0.452586 0.027034 0.053991
0 0.626626 0.441060 0.014743 0.049475
0 0.633046 0.442752 0.009987 0.051167
0 0.643747 0.434717 0.010939 0.046092
0 0.649454 0.436832 0.013792 0.046092
0 0.699042 0.449511 0.019168 0.052093
