1 0.251617 0.575271 0.029604 0.082360
0 0.606975 0.427410 0.010419 0.046856
0 0.519731 0.435140 0.010432 0.033502
0 0.563112 0.503173 0.016632 0.085246
0 0.527778 0.434597 0.012166 0.036636
0 0.304169 0.486007 0.035872 0.073852
3 0.240228 0.504705 0.020567 0.080801
0 0.462120 0.510966 0.035422 0.095611
3 0.744031 0.428291 0.016446 0.052867
1 0.669708 0.426603 0.013283 0.029246
0 0.647348 0.416336 0.011890 0.031292
0 0.649488 0.446571 0.017597 0.046938
0 0.560071 0.417636 0.016134 0.038417
0 0.546048 0.439631 0.028167 0.041822
