1 0.254572 0.581223 0.039813 0.078359
1 0.676083 0.437553 0.011665 0.032761
0 0.641754 0.486918 0.013031 0.071759
0 0.504610 0.482152 0.011640 0.070240
0 0.505969 0.582386 0.035354 0.110212
3 0.161024 0.520396 0.023178 0.090433
2 0.363358 0.491374 0.009566 0.015310
0 0.352357 0.470111 0.029654 0.056135
0 0.338965 0.487547 0.047829 0.065491
0 0.418817 0.455388 0.013523 0.054246
0 0.410011 0.472724 0.017297 0.072142
0 0.413313 0.492298 0.025788 0.062076
0 0.410640 0.529208 0.050632 0.082208
0 0.547392 0.446860 0.023901 0.053687
3 0.718084 0.448832 0.017458 0.065972
