1 0.250124 0.607527 0.026976 0.059676
0 0.460582 0.591892 0.036627 0.114755
0 0.421505 0.531360 0.033960 0.124736
0 0.500944 0.479033 0.015517 0.067040
1 0.680827 0.443327 0.011993 0.026319
3 0.125679 0.560021 0.024721 0.115023
0 0.227161 0.543270 0.021886 0.078527
3 0.700818 0.475655 0.017091 0.060887
0 0.298053 0.614293 0.069105 0.133237
0 0.307509 0.567725 0.061831 0.102191
2 0.207104 0.636241 0.007930 0.016534
0 0.519682 0.495258 0.041253 0.089009
0 0.472654 0.508951 0.053903 0.090965
0 0.579636 0.525090 0.028052 0.091943
0 0.561760 0.543185 0.040703 0.120308
