1 0.819258 0.494847 0.016795 0.036414
1 0.232276 0.646444 0.055839 0.137862
0 0.689256 0.508481 0.024011 0.080427
0 0.774881 0.580702 0.040273 0.117951
0 0.623800 0.522042 0.024433 0.078442
0 0.615031 0.562422 0.038125 0.138189
0 0.674938 0.509125 0.022896 0.071100
0 0.597845 0.507011 0.014840 0.063066
0 0.742617 0.509020 0.036144 0.079215
3 0.737252 0.493526 0.015563 0.059477
3 0.523721 0.674540 0.098929 0.217318
0 0.550959 0.543824 0.064811 0.078780
0 0.535098 0.540663 0.042387 0.072458
0 0.772296 0.495277 0.018548 0.062161
