1 0.244021 0.591528 0.032183 0.077492
0 0.639340 0.449997 0.010879 0.043361
3 0.447291 0.629002 0.041394 0.172912
2 0.567972 0.577593 0.010911 0.023284
0 0.535602 0.577593 0.049465 0.095723
0 0.450148 0.488887 0.049356 0.081818
0 0.264438 0.517895 0.042663 0.080330
0 0.584907 0.470507 0.026402 0.061621
0 0.587657 0.516968 0.051703 0.080206
0 0.613509 0.461704 0.033002 0.061621
0 0.626549 0.442245 0.018817 0.049641
3 0.601736 0.424411 0.008064 0.043390
0 0.659014 0.440774 0.022125 0.045964
0 0.670490 0.449231 0.017369 0.054789
1 0.684758 0.430662 0.016542 0.050009
