0 0.777541 0.501437 0.020577 0.057527
3 0.555942 0.609294 0.045535 0.193433
1 0.226314 0.643854 0.052283 0.133104
0 0.743679 0.489590 0.017739 0.059893
0 0.678189 0.581137 0.032718 0.135366
0 0.682932 0.489822 0.013273 0.060850
0 0.591590 0.518913 0.023940 0.089716
0 0.847393 0.491535 0.017590 0.059666
0 0.697198 0.530675 0.022316 0.087233
2 0.832081 0.523340 0.009643 0.015169
0 0.801416 0.492142 0.016133 0.048144
0 0.810966 0.501870 0.012980 0.060345
0 0.819959 0.493626 0.010941 0.049133
3 0.748197 0.481095 0.009457 0.043857
