1 0.689272 0.235055 0.012059 0.050417
0 0.656032 0.253434 0.013973 0.058471
0 0.405541 0.227121 0.016557 0.070879
0 0.583229 0.230227 0.016172 0.058999
0 0.446417 0.246096 0.017200 0.080883
0 0.481295 0.233304 0.019337 0.069271
0 0.602091 0.255114 0.014191 0.067566
0 0.186438 0.319650 0.022021 0.097667
3 0.761726 0.290389 0.014692 0.067349
0 0.167310 0.275189 0.021451 0.085096
3 0.075487 0.328841 0.027642 0.103485
1 0.211515 0.348891 0.039281 0.125475
0 0.440203 0.204959 0.017051 0.061621
0 0.538668 0.288268 0.035971 0.104132
