0 0.407014 0.560627 0.108555 0.209393
0 0.587289 0.369917 0.034641 0.128301
1 0.693541 0.238949 0.013617 0.037098
0 0.536363 0.269084 0.024106 0.077876
3 0.352733 0.819693 0.083420 0.275563
0 0.571230 0.233504 0.016727 0.067892
1 0.230583 0.408424 0.024653 0.072267
0 0.594337 0.269375 0.015236 0.069363
0 0.430537 0.326182 0.020744 0.104960
3 0.550455 0.216724 0.013671 0.053317
0 0.275445 0.366516 0.049618 0.144796
0 0.723919 0.312217 0.017812 0.067873
0 0.518448 0.547511 0.100509 0.199095
2 0.185751 0.725113 0.015267 0.029412
0 0.754453 0.345023 0.035623 0.101810
