1 0.208595 0.654311 0.042404 0.127841
1 0.809791 0.496920 0.016457 0.038010
0 0.438778 0.562482 0.062358 0.128498
0 0.317602 0.612558 0.042522 0.161943
0 0.266574 0.622642 0.040728 0.160757
0 0.337472 0.610709 0.041520 0.176230
0 0.573108 0.534149 0.037284 0.099710
3 0.687381 0.493515 0.016558 0.068126
0 0.155164 0.674960 0.058007 0.212824
2 0.100799 0.684390 0.010451 0.017606
0 0.082098 0.638907 0.051153 0.155521
0 0.708337 0.495651 0.016220 0.055470
0 0.709585 0.527824 0.027034 0.084314
0 0.706881 0.540027 0.036600 0.096887
