1 0.677374 0.438465 0.010820 0.030641
1 0.247622 0.584889 0.026678 0.081594
0 0.639288 0.469049 0.014137 0.063738
0 0.472297 0.476958 0.012465 0.070543
0 0.501185 0.491563 0.015576 0.082499
0 0.270269 0.502812 0.013331 0.069521
0 0.527644 0.512892 0.019495 0.091194
0 0.397925 0.461345 0.013062 0.059158
0 0.760882 0.483125 0.022308 0.057782
0 0.586425 0.435369 0.010846 0.050383
0 0.336785 0.509537 0.040625 0.088395
0 0.573630 0.500248 0.031134 0.083327
3 0.753100 0.447325 0.014105 0.052736
3 0.228220 0.512759 0.032734 0.089256
