1 0.232138 0.680530 0.054997 0.105437
1 0.810585 0.494610 0.017394 0.037326
0 0.309765 0.660554 0.042963 0.143953
3 0.064031 0.855055 0.094900 0.289891
0 0.267921 0.579011 0.043406 0.132217
0 0.354570 0.682265 0.081205 0.185790
0 0.675504 0.548609 0.027191 0.110508
0 0.508404 0.607516 0.069702 0.174157
0 0.482580 0.519237 0.035613 0.085747
2 0.370602 0.728138 0.008318 0.018008
0 0.532110 0.558733 0.027832 0.115858
0 0.427741 0.592478 0.067049 0.140604
3 0.707008 0.488431 0.014548 0.035995
0 0.705110 0.554797 0.042380 0.132730
0 0.884801 0.582633 0.054398 0.158602
