1 0.251129 0.642192 0.041677 0.138530
1 0.817973 0.493606 0.016119 0.038897
3 0.189257 0.757952 0.078797 0.329292
0 0.585866 0.535353 0.054940 0.112121
0 0.774342 0.536010 0.020984 0.088737
0 0.362217 0.572062 0.040696 0.128989
0 0.499905 0.596297 0.050311 0.162511
0 0.556562 0.509394 0.018097 0.069249
0 0.322251 0.568973 0.039124 0.107770
0 0.589109 0.495951 0.013035 0.051362
0 0.542946 0.570428 0.030458 0.111416
0 0.786129 0.495995 0.014062 0.063055
0 0.939567 0.531674 0.044529 0.113122
3 0.731890 0.485184 0.014061 0.053318
