0 0.590595 0.438380 0.008823 0.047895
0 0.562505 0.448949 0.017650 0.056202
1 0.245137 0.594523 0.031285 0.078972
0 0.619611 0.483132 0.014453 0.070950
0 0.641575 0.428172 0.009575 0.034980
0 0.697051 0.442099 0.010707 0.046475
0 0.605483 0.422749 0.011486 0.036959
1 0.673576 0.440985 0.014767 0.020911
0 0.597006 0.429800 0.013673 0.040363
0 0.558174 0.431989 0.014767 0.042794
0 0.682314 0.439774 0.010118 0.043280
0 0.653464 0.439288 0.017502 0.047171
3 0.632625 0.518229 0.017884 0.102804
3 0.714142 0.424670 0.009566 0.039938
