0 0.347793 0.443754 0.051084 0.156986
1 0.693902 0.239314 0.014125 0.035730
0 0.205575 0.308698 0.020810 0.085532
0 0.506556 0.361733 0.025928 0.123224
0 0.264595 0.337496 0.026811 0.114004
0 0.486998 0.235526 0.016869 0.072646
0 0.222225 0.398488 0.030850 0.138353
0 0.580613 0.299895 0.019094 0.087589
3 0.501435 0.217121 0.013653 0.060784
1 0.212536 0.372512 0.020795 0.080616
2 0.166242 0.342630 0.011479 0.027217
0 0.137305 0.317539 0.047351 0.111420
0 0.322882 0.283943 0.046394 0.081651
0 0.215634 0.535739 0.088673 0.194875
3 0.156956 0.870626 0.090943 0.264949
