1 0.247978 0.371761 0.031133 0.077422
3 0.521465 0.439422 0.041129 0.168554
0 0.543722 0.207763 0.014628 0.049001
0 0.569096 0.196977 0.012689 0.051035
0 0.504542 0.298195 0.022214 0.105866
1 0.688439 0.238459 0.013197 0.036871
0 0.736506 0.362058 0.019605 0.076294
0 0.469865 0.234070 0.015913 0.067528
0 0.485778 0.247897 0.033272 0.064313
0 0.607899 0.253448 0.024065 0.058356
0 0.617470 0.260013 0.025706 0.058842
0 0.638286 0.213528 0.018520 0.036132
0 0.653929 0.228076 0.024993 0.044125
3 0.672540 0.219923 0.009710 0.045724
