3 0.456516 0.514821 0.045507 0.198060
1 0.232050 0.370545 0.030393 0.075955
0 0.495458 0.213230 0.015148 0.056816
0 0.535601 0.224211 0.017833 0.065401
0 0.374842 0.245543 0.018282 0.070825
0 0.581566 0.266890 0.017612 0.070953
0 0.474506 0.346830 0.023002 0.119199
0 0.766626 0.293565 0.012873 0.062170
0 0.400523 0.250646 0.018636 0.071988
0 0.343329 0.303197 0.022478 0.108915
1 0.687408 0.234455 0.015389 0.039938
0 0.678466 0.258861 0.029945 0.062126
0 0.527816 0.213646 0.013381 0.054023
3 0.552590 0.196925 0.013743 0.047591
2 0.354398 0.269872 0.007902 0.014052
