0 0.630724 0.512440 0.022474 0.081963
1 0.253939 0.615457 0.049647 0.185106
0 0.926010 0.507891 0.017970 0.068157
1 0.805318 0.496273 0.016116 0.037775
3 0.675242 0.609650 0.041013 0.186437
0 0.705935 0.535441 0.025583 0.102349
0 0.670856 0.532650 0.022747 0.081723
2 0.884880 0.515594 0.011486 0.019938
0 0.881052 0.508543 0.034457 0.053493
0 0.887342 0.491036 0.015861 0.061273
3 0.763325 0.480824 0.013400 0.048630
0 0.785066 0.500762 0.019143 0.062246
0 0.765650 0.503193 0.014767 0.067109
0 0.777409 0.517782 0.028440 0.092396
0 0.667181 0.484618 0.015951 0.050862
