1 0.238189 0.584777 0.025322 0.074379
0 0.632823 0.465778 0.011787 0.063590
0 0.752504 0.441115 0.011517 0.047907
3 0.273456 0.503077 0.028672 0.098538
3 0.766073 0.429524 0.010609 0.029417
0 0.765444 0.443114 0.010429 0.039969
0 0.769579 0.457662 0.022296 0.063310
0 0.729213 0.448709 0.026072 0.054357
0 0.702242 0.456703 0.024993 0.060113
1 0.689925 0.441355 0.019779 0.024301
0 0.673023 0.440236 0.013665 0.036132
0 0.671135 0.438957 0.013126 0.052758
0 0.589913 0.504937 0.035872 0.087605
0 0.548041 0.446377 0.019813 0.060398
