1 0.276830 0.553564 0.023975 0.108641
0 0.583874 0.454206 0.010534 0.050655
0 0.558369 0.442223 0.008508 0.050781
0 0.665942 0.432999 0.010028 0.041782
1 0.674223 0.436824 0.011863 0.036492
0 0.646719 0.428133 0.009605 0.048220
0 0.691581 0.431335 0.009729 0.044062
0 0.733283 0.438476 0.014030 0.050744
3 0.752307 0.436361 0.012128 0.049053
0 0.626375 0.420311 0.010752 0.033829
0 0.621412 0.421046 0.011166 0.033094
0 0.575649 0.439937 0.017597 0.043555
0 0.604303 0.436766 0.016408 0.054973
3 0.336803 0.485900 0.023915 0.076548
