0 0.222973 0.578590 0.074953 0.213128
0 0.443750 0.505299 0.062447 0.172284
1 0.693688 0.239351 0.014037 0.038508
0 0.486052 0.374361 0.047054 0.140375
0 0.556087 0.230354 0.013623 0.059633
0 0.245567 0.416276 0.063891 0.152184
3 0.539791 0.218425 0.012537 0.054232
3 0.298202 0.840833 0.087815 0.251128
0 0.736800 0.357835 0.021813 0.092908
0 0.567629 0.276526 0.017039 0.070103
0 0.487675 0.270502 0.017725 0.074010
2 0.199640 0.619853 0.013385 0.029752
1 0.236029 0.410846 0.032625 0.081818
0 0.693256 0.305567 0.033190 0.068857
0 0.390678 0.359669 0.043146 0.129845
