1 0.264946 0.596613 0.033366 0.069230
0 0.595555 0.451974 0.015182 0.052507
0 0.535540 0.449902 0.012580 0.052728
0 0.660739 0.450985 0.010499 0.050822
0 0.716944 0.442386 0.009087 0.045619
3 0.767167 0.444400 0.013629 0.059319
3 0.245417 0.518121 0.022550 0.107365
2 0.620798 0.568878 0.008609 0.018712
0 0.631799 0.531454 0.033480 0.088456
0 0.475637 0.453205 0.013870 0.049331
0 0.481855 0.484249 0.029176 0.089306
0 0.573448 0.529328 0.039220 0.087605
0 0.580622 0.477020 0.035394 0.059538
0 0.624864 0.487651 0.034915 0.087605
1 0.687042 0.442998 0.020567 0.028918
