1 0.296178 0.608410 0.042503 0.165527
0 0.777521 0.495755 0.016993 0.064591
0 0.594027 0.529075 0.032833 0.074536
0 0.857340 0.511481 0.034917 0.077668
3 0.687111 0.574799 0.039086 0.149220
0 0.649362 0.526924 0.043995 0.085257
0 0.640337 0.514386 0.018613 0.068206
0 0.820838 0.493859 0.009564 0.058873
1 0.807963 0.499964 0.010790 0.032707
0 0.811151 0.500400 0.019619 0.067595
0 0.701163 0.501927 0.011526 0.051459
0 0.712928 0.503769 0.026792 0.062689
0 0.711095 0.517059 0.021998 0.072218
3 0.709850 0.475111 0.010435 0.023571
